6.000999808311462402e-01
6.000997424125671387e-01
6.000995039939880371e-01
6.000993251800537109e-01
6.000990271568298340e-01
6.000987887382507324e-01
6.000984907150268555e-01
6.000981926918029785e-01
6.000978350639343262e-01
6.000974178314208984e-01
6.000969409942626953e-01
6.000964641571044922e-01
6.000959277153015137e-01
6.000953912734985352e-01
6.000947356224060059e-01
6.000940799713134766e-01
6.000934243202209473e-01
6.000926494598388672e-01
6.000918745994567871e-01
6.000910997390747070e-01
6.000902652740478516e-01
6.000893712043762207e-01
6.000885367393493652e-01
6.000876426696777344e-01
6.000867486000061035e-01
6.000858545303344727e-01
6.000849604606628418e-01
6.000840663909912109e-01
6.000831723213195801e-01
6.000823378562927246e-01
6.000815033912658691e-01
6.000806689262390137e-01
6.000798940658569336e-01
6.000791788101196289e-01
6.000784635543823242e-01
6.000778079032897949e-01
6.000772118568420410e-01
6.000766754150390625e-01
6.000761389732360840e-01
6.000756621360778809e-01
6.000752449035644531e-01
6.000748872756958008e-01
6.000745296478271484e-01
6.000742316246032715e-01
6.000739336013793945e-01
6.000736951828002930e-01
6.000735163688659668e-01
6.000732779502868652e-01
6.000730991363525391e-01
6.000729799270629883e-01
6.000728011131286621e-01
6.000726222991943359e-01
6.000725030899047852e-01
6.000723242759704590e-01
6.000721454620361328e-01
6.000719666481018066e-01
6.000717282295227051e-01
6.000714898109436035e-01
6.000712513923645020e-01
6.000709533691406250e-01
6.000706553459167480e-01
6.000702977180480957e-01
6.000699400901794434e-01
6.000695228576660156e-01
6.000690460205078125e-01
6.000685691833496094e-01
6.000680923461914062e-01
6.000675559043884277e-01
6.000669598579406738e-01
6.000663638114929199e-01
6.000657677650451660e-01
6.000651717185974121e-01
6.000645160675048828e-01
6.000638604164123535e-01
6.000632643699645996e-01
6.000625491142272949e-01
6.000619530677795410e-01
6.000612974166870117e-01
6.000606417655944824e-01
6.000600457191467285e-01
6.000593900680541992e-01
6.000587940216064453e-01
6.000582575798034668e-01
6.000577211380004883e-01
6.000571846961975098e-01
6.000567078590393066e-01
6.000562906265258789e-01
6.000558733940124512e-01
6.000555157661437988e-01
6.000551581382751465e-01
6.000548601150512695e-01
6.000545620918273926e-01
6.000543236732482910e-01
6.000540852546691895e-01
6.000538468360900879e-01
6.000536680221557617e-01
6.000535488128662109e-01
6.000533699989318848e-01
6.000532507896423340e-01
6.000531315803527832e-01
6.000530123710632324e-01
6.000529527664184570e-01
6.000528335571289062e-01
6.000527143478393555e-01
6.000525951385498047e-01
6.000524163246154785e-01
6.000522971153259277e-01
6.000521183013916016e-01
6.000519394874572754e-01
6.000517010688781738e-01
6.000515222549438477e-01
6.000512242317199707e-01
6.000509858131408691e-01
6.000506877899169922e-01
6.000503301620483398e-01
6.000500321388244629e-01
6.000496745109558105e-01
6.000492572784423828e-01
6.000488400459289551e-01
6.000484228134155273e-01
6.000480055809020996e-01
6.000475287437438965e-01
6.000471115112304688e-01
6.000466346740722656e-01
6.000461578369140625e-01
6.000456809997558594e-01
6.000452041625976562e-01
6.000447273254394531e-01
6.000442504882812500e-01
6.000437736511230469e-01
6.000433564186096191e-01
6.000429391860961914e-01
6.000425219535827637e-01
6.000421047210693359e-01
6.000417470932006836e-01
6.000413894653320312e-01
6.000410318374633789e-01
6.000407338142395020e-01
6.000404357910156250e-01
6.000401973724365234e-01
6.000399589538574219e-01
6.000397801399230957e-01
6.000396013259887695e-01
6.000394225120544434e-01
6.000392436981201172e-01
6.000391244888305664e-01
6.000390052795410156e-01
6.000388860702514648e-01
6.000388264656066895e-01
6.000387072563171387e-01
6.000386476516723633e-01
6.000385284423828125e-01
6.000384688377380371e-01
6.000384092330932617e-01
6.000382900238037109e-01
6.000381708145141602e-01
6.000380516052246094e-01
6.000379323959350586e-01
6.000378131866455078e-01
6.000376939773559570e-01
6.000375151634216309e-01
6.000373363494873047e-01
6.000371575355529785e-01
6.000369191169738770e-01
6.000366806983947754e-01
6.000364422798156738e-01
6.000362038612365723e-01
6.000359058380126953e-01
6.000356078147888184e-01
6.000353097915649414e-01
6.000350117683410645e-01
6.000346541404724121e-01
6.000342965126037598e-01
6.000339984893798828e-01
6.000336408615112305e-01
6.000332832336425781e-01
6.000329256057739258e-01
6.000326275825500488e-01
6.000322699546813965e-01
6.000319123268127441e-01
6.000316143035888672e-01
6.000312566757202148e-01
6.000309586524963379e-01
6.000306606292724609e-01
6.000304222106933594e-01
6.000301837921142578e-01
6.000298857688903809e-01
6.000297069549560547e-01
6.000294685363769531e-01
6.000292897224426270e-01
6.000291109085083008e-01
6.000289916992187500e-01
6.000288128852844238e-01
6.000286936759948730e-01
6.000285744667053223e-01
6.000285148620605469e-01
6.000283956527709961e-01
6.000283360481262207e-01
6.000282764434814453e-01
6.000282168388366699e-01
6.000281572341918945e-01
6.000280976295471191e-01
6.000280380249023438e-01
6.000279784202575684e-01
6.000279188156127930e-01
6.000277996063232422e-01
6.000277400016784668e-01
6.000276803970336914e-01
6.000275611877441406e-01
6.000274419784545898e-01
6.000273227691650391e-01
6.000272035598754883e-01
6.000270843505859375e-01
6.000269055366516113e-01
6.000267863273620605e-01
6.000266075134277344e-01
6.000263690948486328e-01
6.000261902809143066e-01
6.000259518623352051e-01
6.000257730484008789e-01
6.000255346298217773e-01
6.000252962112426758e-01
6.000250577926635742e-01
6.000248193740844727e-01
6.000245213508605957e-01
6.000242829322814941e-01
6.000240445137023926e-01
6.000238060951232910e-01
6.000235676765441895e-01
6.000232696533203125e-01
6.000230908393859863e-01
6.000228524208068848e-01
6.000226140022277832e-01
6.000223755836486816e-01
6.000221967697143555e-01
6.000220179557800293e-01
6.000218391418457031e-01
6.000216603279113770e-01
6.000214815139770508e-01
6.000213623046875000e-01
6.000212430953979492e-01
6.000211238861083984e-01
6.000210046768188477e-01
6.000209450721740723e-01
6.000208258628845215e-01
6.000207662582397461e-01
6.000207066535949707e-01
6.000206470489501953e-01
6.000205874443054199e-01
6.000205278396606445e-01
6.000205278396606445e-01
6.000204682350158691e-01
6.000204086303710938e-01
6.000203490257263184e-01
6.000203490257263184e-01
6.000202894210815430e-01
6.000202298164367676e-01
6.000201702117919922e-01
6.000200510025024414e-01
6.000199913978576660e-01
6.000199317932128906e-01
6.000198125839233398e-01
6.000196933746337891e-01
6.000196337699890137e-01
6.000195145606994629e-01
6.000193357467651367e-01
6.000192165374755859e-01
6.000190973281860352e-01
6.000189185142517090e-01
6.000187397003173828e-01
6.000186204910278320e-01
6.000184416770935059e-01
6.000182628631591797e-01
6.000180840492248535e-01
6.000179052352905273e-01
6.000177264213562012e-01
6.000175476074218750e-01
6.000173687934875488e-01
6.000171303749084473e-01
6.000169515609741211e-01
6.000168323516845703e-01
6.000166535377502441e-01
6.000164747238159180e-01
6.000162959098815918e-01
6.000161767005920410e-01
6.000160574913024902e-01
6.000158786773681641e-01
6.000157594680786133e-01
6.000156402587890625e-01
6.000155806541442871e-01
6.000154614448547363e-01
6.000154018402099609e-01
6.000152826309204102e-01
6.000152230262756348e-01
6.000151634216308594e-01
6.000151038169860840e-01
6.000151038169860840e-01
6.000150442123413086e-01
6.000149846076965332e-01
6.000149846076965332e-01
6.000149250030517578e-01
6.000149250030517578e-01
6.000148653984069824e-01
6.000148653984069824e-01
6.000148057937622070e-01
6.000147461891174316e-01
6.000147461891174316e-01
6.000146865844726562e-01
6.000146269798278809e-01
6.000145673751831055e-01
6.000145077705383301e-01
6.000144481658935547e-01
6.000143885612487793e-01
6.000143289566040039e-01
6.000142097473144531e-01
6.000141501426696777e-01
6.000140309333801270e-01
6.000139117240905762e-01
6.000137925148010254e-01
6.000136733055114746e-01
6.000135540962219238e-01
6.000134348869323730e-01
6.000133156776428223e-01
6.000131964683532715e-01
6.000130772590637207e-01
6.000128984451293945e-01
6.000127792358398438e-01
6.000126600265502930e-01
6.000125408172607422e-01
6.000124216079711914e-01
6.000122427940368652e-01
6.000121235847473145e-01
6.000120043754577637e-01
6.000118851661682129e-01
6.000118255615234375e-01
6.000117063522338867e-01
6.000115871429443359e-01
6.000115275382995605e-01
6.000114083290100098e-01
6.000113487243652344e-01
6.000112891197204590e-01
6.000112295150756836e-01
6.000111699104309082e-01
6.000111103057861328e-01
6.000110507011413574e-01
6.000110507011413574e-01
6.000109910964965820e-01
6.000109314918518066e-01
6.000109314918518066e-01
6.000109314918518066e-01
6.000108718872070312e-01
6.000108718872070312e-01
6.000108122825622559e-01
6.000108122825622559e-01
6.000108122825622559e-01
6.000107526779174805e-01
6.000107526779174805e-01
6.000106930732727051e-01
6.000106334686279297e-01
6.000106334686279297e-01
6.000105738639831543e-01
6.000105142593383789e-01
6.000104546546936035e-01
6.000103950500488281e-01
6.000103354454040527e-01
6.000102758407592773e-01
6.000102162361145020e-01
6.000101566314697266e-01
6.000100374221801758e-01
6.000099778175354004e-01
6.000099182128906250e-01
6.000097990036010742e-01
6.000096797943115234e-01
6.000096201896667480e-01
6.000095009803771973e-01
6.000094413757324219e-01
6.000093221664428711e-01
6.000092029571533203e-01
6.000091433525085449e-01
6.000090241432189941e-01
6.000089645385742188e-01
6.000088453292846680e-01
6.000087857246398926e-01
6.000086665153503418e-01
6.000086069107055664e-01
6.000085473060607910e-01
6.000084280967712402e-01
6.000083684921264648e-01
6.000083088874816895e-01
6.000082492828369141e-01
6.000081896781921387e-01
6.000081896781921387e-01
6.000081300735473633e-01
6.000080704689025879e-01
6.000080704689025879e-01
6.000080108642578125e-01
6.000080108642578125e-01
6.000080108642578125e-01
6.000079512596130371e-01
6.000079512596130371e-01
6.000079512596130371e-01
6.000078916549682617e-01
6.000078916549682617e-01
6.000078916549682617e-01
6.000078320503234863e-01
6.000078320503234863e-01
6.000078320503234863e-01
6.000077724456787109e-01
6.000077724456787109e-01
6.000077724456787109e-01
6.000077128410339355e-01
6.000076532363891602e-01
6.000076532363891602e-01
6.000075936317443848e-01
6.000075340270996094e-01
6.000075340270996094e-01
6.000074744224548340e-01
6.000074148178100586e-01
6.000073552131652832e-01
6.000072956085205078e-01
6.000072360038757324e-01
6.000071763992309570e-01
6.000071167945861816e-01
6.000069975852966309e-01
6.000069379806518555e-01
6.000068783760070801e-01
6.000068187713623047e-01
6.000067591667175293e-01
6.000066399574279785e-01
6.000065803527832031e-01
6.000065207481384277e-01
6.000064611434936523e-01
6.000064015388488770e-01
6.000063419342041016e-01
6.000062823295593262e-01
6.000062227249145508e-01
6.000061631202697754e-01
6.000061035156250000e-01
6.000061035156250000e-01
6.000060439109802246e-01
6.000059843063354492e-01
6.000059843063354492e-01
6.000059247016906738e-01
6.000059247016906738e-01
6.000058650970458984e-01
6.000058650970458984e-01
6.000058054924011230e-01
6.000058054924011230e-01
6.000058054924011230e-01
6.000058054924011230e-01
6.000057458877563477e-01
6.000057458877563477e-01
6.000057458877563477e-01
6.000057458877563477e-01
6.000057458877563477e-01
6.000056862831115723e-01
6.000056862831115723e-01
6.000056862831115723e-01
6.000056862831115723e-01
6.000056266784667969e-01
6.000056266784667969e-01
6.000055670738220215e-01
6.000055670738220215e-01
6.000055074691772461e-01
6.000055074691772461e-01
6.000054478645324707e-01
6.000054478645324707e-01
6.000053882598876953e-01
6.000053286552429199e-01
6.000053286552429199e-01
6.000052690505981445e-01
6.000052094459533691e-01
6.000051498413085938e-01
6.000050902366638184e-01
6.000050306320190430e-01
6.000050306320190430e-01
6.000049710273742676e-01
6.000049114227294922e-01
6.000048518180847168e-01
6.000047922134399414e-01
6.000047326087951660e-01
6.000047326087951660e-01
6.000046730041503906e-01
6.000046133995056152e-01
6.000045537948608398e-01
6.000045537948608398e-01
6.000044941902160645e-01
6.000044345855712891e-01
6.000044345855712891e-01
6.000043749809265137e-01
6.000043749809265137e-01
6.000043153762817383e-01
6.000043153762817383e-01
6.000043153762817383e-01
6.000042557716369629e-01
6.000042557716369629e-01
6.000042557716369629e-01
6.000042557716369629e-01
6.000041961669921875e-01
6.000041961669921875e-01
6.000041961669921875e-01
6.000041961669921875e-01
6.000041961669921875e-01
6.000041961669921875e-01
6.000041961669921875e-01
6.000041365623474121e-01
6.000041365623474121e-01
6.000041365623474121e-01
6.000041365623474121e-01
6.000041365623474121e-01
6.000040769577026367e-01
6.000040769577026367e-01
6.000040769577026367e-01
6.000040173530578613e-01
6.000040173530578613e-01
6.000040173530578613e-01
6.000039577484130859e-01
6.000039577484130859e-01
6.000038981437683105e-01
6.000038981437683105e-01
6.000038385391235352e-01
6.000037789344787598e-01
6.000037789344787598e-01
6.000037193298339844e-01
6.000037193298339844e-01
6.000036597251892090e-01
6.000036001205444336e-01
6.000036001205444336e-01
6.000035405158996582e-01
6.000034809112548828e-01
6.000034809112548828e-01
6.000034213066101074e-01
6.000034213066101074e-01
6.000033617019653320e-01
6.000033617019653320e-01
6.000033020973205566e-01
6.000033020973205566e-01
6.000032424926757812e-01
6.000032424926757812e-01
6.000031828880310059e-01
6.000031828880310059e-01
6.000031828880310059e-01
6.000031232833862305e-01
6.000031232833862305e-01
6.000031232833862305e-01
6.000031232833862305e-01
6.000031232833862305e-01
6.000030636787414551e-01
6.000030636787414551e-01
6.000030636787414551e-01
6.000030636787414551e-01
6.000030636787414551e-01
6.000030636787414551e-01
6.000030636787414551e-01
6.000030636787414551e-01
6.000030040740966797e-01
6.000030040740966797e-01
6.000030040740966797e-01
6.000030040740966797e-01
6.000030040740966797e-01
6.000030040740966797e-01
6.000029444694519043e-01
6.000029444694519043e-01
6.000029444694519043e-01
6.000029444694519043e-01
6.000028848648071289e-01
6.000028848648071289e-01
6.000028848648071289e-01
6.000028252601623535e-01
6.000028252601623535e-01
6.000027656555175781e-01
6.000027656555175781e-01
6.000027656555175781e-01
6.000027060508728027e-01
6.000027060508728027e-01
6.000026464462280273e-01
6.000026464462280273e-01
6.000025868415832520e-01
6.000025868415832520e-01
6.000025272369384766e-01
6.000025272369384766e-01
6.000025272369384766e-01
6.000024676322937012e-01
6.000024676322937012e-01
6.000024080276489258e-01
6.000024080276489258e-01
6.000024080276489258e-01
6.000023484230041504e-01
6.000023484230041504e-01
6.000023484230041504e-01
6.000022888183593750e-01
6.000022888183593750e-01
6.000022888183593750e-01
6.000022888183593750e-01
6.000022888183593750e-01
6.000022888183593750e-01
6.000022292137145996e-01
6.000022292137145996e-01
6.000022292137145996e-01
6.000022292137145996e-01
6.000022292137145996e-01
6.000022292137145996e-01
6.000022292137145996e-01
6.000022292137145996e-01
6.000022292137145996e-01
6.000022292137145996e-01
6.000022292137145996e-01
6.000021696090698242e-01
6.000021696090698242e-01
6.000021696090698242e-01
6.000021696090698242e-01
6.000021696090698242e-01
6.000021696090698242e-01
6.000021696090698242e-01
6.000021100044250488e-01
6.000021100044250488e-01
6.000021100044250488e-01
6.000021100044250488e-01
6.000020503997802734e-01
6.000020503997802734e-01
6.000020503997802734e-01
6.000020503997802734e-01
6.000019907951354980e-01
6.000019907951354980e-01
6.000019907951354980e-01
6.000019311904907227e-01
6.000019311904907227e-01
6.000019311904907227e-01
6.000018715858459473e-01
6.000018715858459473e-01
6.000018715858459473e-01
6.000018119812011719e-01
6.000018119812011719e-01
6.000018119812011719e-01
6.000017523765563965e-01
6.000017523765563965e-01
6.000017523765563965e-01
6.000017523765563965e-01
6.000016927719116211e-01
6.000016927719116211e-01
6.000016927719116211e-01
6.000016927719116211e-01
6.000016927719116211e-01
6.000016927719116211e-01
6.000016331672668457e-01
6.000016331672668457e-01
6.000016331672668457e-01
6.000016331672668457e-01
6.000016331672668457e-01
6.000016331672668457e-01
6.000016331672668457e-01
6.000016331672668457e-01
6.000016331672668457e-01
6.000016331672668457e-01
6.000016331672668457e-01
6.000016331672668457e-01
6.000015735626220703e-01
6.000015735626220703e-01
6.000015735626220703e-01
6.000015735626220703e-01
6.000015735626220703e-01
6.000015735626220703e-01
6.000015735626220703e-01
6.000015735626220703e-01
6.000015735626220703e-01
6.000015139579772949e-01
6.000015139579772949e-01
6.000015139579772949e-01
6.000015139579772949e-01
6.000015139579772949e-01
6.000015139579772949e-01
6.000014543533325195e-01
6.000014543533325195e-01
6.000014543533325195e-01
6.000014543533325195e-01
6.000013947486877441e-01
6.000013947486877441e-01
6.000013947486877441e-01
6.000013947486877441e-01
6.000013351440429688e-01
6.000013351440429688e-01
6.000013351440429688e-01
6.000013351440429688e-01
6.000012755393981934e-01
6.000012755393981934e-01
6.000012755393981934e-01
6.000012755393981934e-01
6.000012755393981934e-01
6.000012755393981934e-01
6.000012159347534180e-01
6.000012159347534180e-01
6.000012159347534180e-01
6.000012159347534180e-01
6.000012159347534180e-01
6.000012159347534180e-01
6.000012159347534180e-01
6.000012159347534180e-01
6.000012159347534180e-01
6.000012159347534180e-01
6.000012159347534180e-01
6.000011563301086426e-01
6.000011563301086426e-01
6.000011563301086426e-01
6.000011563301086426e-01
6.000011563301086426e-01
6.000011563301086426e-01
6.000011563301086426e-01
6.000011563301086426e-01
6.000011563301086426e-01
6.000011563301086426e-01
6.000011563301086426e-01
6.000011563301086426e-01
6.000011563301086426e-01
6.000011563301086426e-01
6.000011563301086426e-01
6.000011563301086426e-01
6.000010967254638672e-01
6.000010967254638672e-01
6.000010967254638672e-01
6.000010967254638672e-01
6.000010967254638672e-01
6.000010967254638672e-01
6.000010967254638672e-01
6.000010371208190918e-01
6.000010371208190918e-01
6.000010371208190918e-01
6.000010371208190918e-01
6.000010371208190918e-01
6.000009775161743164e-01
6.000009775161743164e-01
6.000009775161743164e-01
6.000009775161743164e-01
6.000009775161743164e-01
6.000009775161743164e-01
6.000009179115295410e-01
6.000009179115295410e-01
6.000009179115295410e-01
6.000009179115295410e-01
6.000009179115295410e-01
6.000009179115295410e-01
6.000009179115295410e-01
6.000009179115295410e-01
6.000009179115295410e-01
6.000008583068847656e-01
6.000008583068847656e-01
6.000008583068847656e-01
6.000008583068847656e-01
6.000008583068847656e-01
6.000008583068847656e-01
6.000008583068847656e-01
6.000008583068847656e-01
6.000008583068847656e-01
6.000008583068847656e-01
6.000008583068847656e-01
6.000008583068847656e-01
6.000008583068847656e-01
6.000008583068847656e-01
6.000008583068847656e-01
6.000008583068847656e-01
6.000008583068847656e-01
6.000008583068847656e-01
6.000008583068847656e-01
6.000008583068847656e-01
6.000007987022399902e-01
6.000007987022399902e-01
6.000007987022399902e-01
6.000007987022399902e-01
6.000007987022399902e-01
6.000007987022399902e-01
6.000007987022399902e-01
6.000007987022399902e-01
6.000007987022399902e-01
6.000007987022399902e-01
6.000007390975952148e-01
6.000007390975952148e-01
6.000007390975952148e-01
6.000007390975952148e-01
6.000007390975952148e-01
6.000007390975952148e-01
6.000007390975952148e-01
6.000007390975952148e-01
6.000006794929504395e-01
6.000006794929504395e-01
6.000006794929504395e-01
6.000006794929504395e-01
6.000006794929504395e-01
6.000006794929504395e-01
6.000006794929504395e-01
6.000006794929504395e-01
6.000006794929504395e-01
6.000006794929504395e-01
6.000006794929504395e-01
6.000006198883056641e-01
6.000006198883056641e-01
6.000006198883056641e-01
6.000006198883056641e-01
6.000006198883056641e-01
6.000006198883056641e-01
6.000006198883056641e-01
6.000006198883056641e-01
6.000006198883056641e-01
6.000006198883056641e-01
6.000006198883056641e-01
6.000006198883056641e-01
6.000006198883056641e-01
6.000006198883056641e-01
6.000006198883056641e-01
6.000006198883056641e-01
6.000006198883056641e-01
6.000006198883056641e-01
6.000006198883056641e-01
6.000006198883056641e-01
6.000006198883056641e-01
6.000006198883056641e-01
6.000006198883056641e-01
6.000006198883056641e-01
6.000006198883056641e-01
6.000006198883056641e-01
6.000005602836608887e-01
6.000005602836608887e-01
6.000005602836608887e-01
6.000005602836608887e-01
6.000005602836608887e-01
6.000005602836608887e-01
6.000005602836608887e-01
6.000005602836608887e-01
6.000005602836608887e-01
6.000005602836608887e-01
6.000005602836608887e-01
6.000005006790161133e-01
6.000005006790161133e-01
6.000005006790161133e-01
6.000005006790161133e-01
6.000005006790161133e-01
6.000005006790161133e-01
6.000005006790161133e-01
6.000005006790161133e-01
6.000005006790161133e-01
6.000005006790161133e-01
6.000005006790161133e-01
6.000005006790161133e-01
6.000005006790161133e-01
6.000005006790161133e-01
6.000004410743713379e-01
6.000004410743713379e-01
6.000004410743713379e-01
6.000004410743713379e-01
6.000004410743713379e-01
6.000004410743713379e-01
6.000004410743713379e-01
6.000004410743713379e-01
6.000004410743713379e-01
6.000004410743713379e-01
6.000004410743713379e-01
6.000004410743713379e-01
6.000004410743713379e-01
6.000004410743713379e-01
6.000004410743713379e-01
6.000004410743713379e-01
6.000004410743713379e-01
6.000004410743713379e-01
6.000004410743713379e-01
6.000004410743713379e-01
6.000004410743713379e-01
6.000004410743713379e-01
6.000004410743713379e-01
6.000004410743713379e-01
6.000004410743713379e-01
6.000004410743713379e-01
6.000004410743713379e-01
6.000004410743713379e-01
6.000004410743713379e-01
6.000004410743713379e-01
6.000003814697265625e-01
6.000003814697265625e-01
6.000003814697265625e-01
6.000003814697265625e-01
6.000003814697265625e-01
6.000003814697265625e-01
6.000003814697265625e-01
6.000003814697265625e-01
6.000003814697265625e-01
6.000003814697265625e-01
6.000003814697265625e-01
6.000003814697265625e-01
6.000003814697265625e-01
6.000003814697265625e-01
6.000003814697265625e-01
6.000003814697265625e-01
6.000003218650817871e-01
6.000003218650817871e-01
6.000003218650817871e-01
6.000003218650817871e-01
6.000003218650817871e-01
6.000003218650817871e-01
6.000003218650817871e-01
6.000003218650817871e-01
6.000003218650817871e-01
6.000003218650817871e-01
6.000003218650817871e-01
6.000003218650817871e-01
6.000003218650817871e-01
6.000003218650817871e-01
6.000003218650817871e-01
6.000003218650817871e-01
6.000003218650817871e-01
6.000003218650817871e-01
6.000003218650817871e-01
6.000003218650817871e-01
6.000003218650817871e-01
6.000003218650817871e-01
6.000003218650817871e-01
6.000003218650817871e-01
6.000003218650817871e-01
6.000003218650817871e-01
6.000003218650817871e-01
6.000003218650817871e-01
6.000003218650817871e-01
6.000003218650817871e-01
6.000003218650817871e-01
6.000003218650817871e-01
6.000003218650817871e-01
6.000003218650817871e-01
6.000003218650817871e-01
6.000003218650817871e-01
6.000003218650817871e-01
6.000002622604370117e-01
6.000002622604370117e-01
6.000002622604370117e-01
6.000002622604370117e-01
6.000002622604370117e-01
6.000002622604370117e-01
6.000002622604370117e-01
6.000002622604370117e-01
6.000002622604370117e-01
6.000002622604370117e-01
6.000002622604370117e-01
6.000002622604370117e-01
6.000002622604370117e-01
6.000002622604370117e-01
6.000002622604370117e-01
6.000002622604370117e-01
6.000002622604370117e-01
6.000002622604370117e-01
6.000002622604370117e-01
6.000002622604370117e-01
6.000002622604370117e-01
6.000002622604370117e-01
6.000002622604370117e-01
6.000002622604370117e-01
6.000002622604370117e-01
6.000002622604370117e-01
6.000002622604370117e-01
6.000002622604370117e-01
6.000002622604370117e-01
6.000002622604370117e-01
6.000002622604370117e-01
6.000002622604370117e-01
6.000002622604370117e-01
6.000002622604370117e-01
6.000002622604370117e-01
6.000002622604370117e-01
6.000002622604370117e-01
6.000002622604370117e-01
6.000002026557922363e-01
6.000002026557922363e-01
6.000002026557922363e-01
6.000002026557922363e-01
6.000002026557922363e-01
6.000002026557922363e-01
6.000002026557922363e-01
6.000002026557922363e-01
6.000002026557922363e-01
6.000002026557922363e-01
6.000002026557922363e-01
6.000002026557922363e-01
6.000002026557922363e-01
6.000002026557922363e-01
6.000002026557922363e-01
6.000002026557922363e-01
6.000002026557922363e-01
6.000002026557922363e-01
6.000002026557922363e-01
6.000002026557922363e-01
6.000002026557922363e-01
6.000002026557922363e-01
6.000002026557922363e-01
6.000002026557922363e-01
6.000002026557922363e-01
6.000002026557922363e-01
6.000002026557922363e-01
6.000002026557922363e-01
6.000002026557922363e-01
6.000002026557922363e-01
6.000002026557922363e-01
6.000002026557922363e-01
6.000002026557922363e-01
6.000002026557922363e-01
6.000002026557922363e-01
6.000002026557922363e-01
6.000002026557922363e-01
6.000002026557922363e-01
6.000002026557922363e-01
6.000002026557922363e-01
6.000002026557922363e-01
6.000002026557922363e-01
6.000002026557922363e-01
6.000002026557922363e-01
6.000002026557922363e-01
6.000002026557922363e-01
6.000002026557922363e-01
6.000001430511474609e-01
6.000001430511474609e-01
6.000001430511474609e-01
6.000001430511474609e-01
6.000001430511474609e-01
6.000001430511474609e-01
6.000001430511474609e-01
6.000001430511474609e-01
6.000001430511474609e-01
6.000001430511474609e-01
6.000001430511474609e-01
6.000001430511474609e-01
6.000001430511474609e-01
6.000001430511474609e-01
6.000001430511474609e-01
6.000001430511474609e-01
6.000001430511474609e-01
6.000001430511474609e-01
6.000001430511474609e-01
6.000001430511474609e-01
6.000001430511474609e-01
6.000001430511474609e-01
6.000001430511474609e-01
6.000001430511474609e-01
6.000001430511474609e-01
6.000001430511474609e-01
6.000001430511474609e-01
6.000001430511474609e-01
6.000001430511474609e-01
6.000001430511474609e-01
6.000001430511474609e-01
6.000001430511474609e-01
6.000001430511474609e-01
6.000001430511474609e-01
6.000001430511474609e-01
6.000001430511474609e-01
6.000001430511474609e-01
6.000001430511474609e-01
6.000001430511474609e-01
6.000001430511474609e-01
6.000001430511474609e-01
6.000001430511474609e-01
6.000001430511474609e-01
6.000001430511474609e-01
6.000001430511474609e-01
6.000001430511474609e-01
6.000001430511474609e-01
6.000001430511474609e-01
6.000001430511474609e-01
6.000001430511474609e-01
6.000001430511474609e-01
6.000001430511474609e-01
6.000001430511474609e-01
6.000001430511474609e-01
6.000001430511474609e-01
6.000001430511474609e-01
6.000001430511474609e-01
6.000001430511474609e-01
6.000001430511474609e-01
6.000001430511474609e-01
6.000001430511474609e-01
6.000001430511474609e-01
6.000001430511474609e-01
6.000001430511474609e-01
6.000000834465026855e-01
6.000000834465026855e-01
6.000000834465026855e-01
6.000000834465026855e-01
6.000000834465026855e-01
6.000000834465026855e-01
6.000000834465026855e-01
6.000000834465026855e-01
6.000000834465026855e-01
6.000000834465026855e-01
6.000000834465026855e-01
6.000000834465026855e-01
6.000000834465026855e-01
6.000000834465026855e-01
6.000000834465026855e-01
6.000000834465026855e-01
6.000000834465026855e-01
6.000000834465026855e-01
6.000000834465026855e-01
6.000000834465026855e-01
6.000000834465026855e-01
6.000000834465026855e-01
6.000000834465026855e-01
6.000000834465026855e-01
6.000000834465026855e-01
6.000000834465026855e-01
6.000000834465026855e-01
6.000000834465026855e-01
6.000000834465026855e-01
6.000000834465026855e-01
6.000000834465026855e-01
6.000000834465026855e-01
6.000000834465026855e-01
6.000000834465026855e-01
6.000000834465026855e-01
6.000000834465026855e-01
6.000000834465026855e-01
6.000000834465026855e-01
6.000000834465026855e-01
6.000000834465026855e-01
6.000000834465026855e-01
6.000000834465026855e-01
6.000000834465026855e-01
6.000000834465026855e-01
6.000000834465026855e-01
6.000000834465026855e-01
6.000000834465026855e-01
6.000000834465026855e-01
6.000000834465026855e-01
6.000000834465026855e-01
6.000000834465026855e-01
6.000000834465026855e-01
6.000000834465026855e-01
6.000000834465026855e-01
6.000000834465026855e-01
6.000000834465026855e-01
6.000000834465026855e-01
6.000000834465026855e-01
6.000000834465026855e-01
6.000000834465026855e-01
6.000000834465026855e-01
6.000000834465026855e-01
6.000000834465026855e-01
6.000000834465026855e-01
6.000000834465026855e-01
6.000000834465026855e-01
6.000000834465026855e-01
6.000000834465026855e-01
6.000000834465026855e-01
6.000000834465026855e-01
6.000000834465026855e-01
6.000000834465026855e-01
6.000000834465026855e-01
6.000000834465026855e-01
6.000000834465026855e-01
6.000000834465026855e-01
6.000000834465026855e-01
6.000000834465026855e-01
6.000000834465026855e-01
6.000000834465026855e-01
6.000000834465026855e-01
6.000000834465026855e-01
6.000000834465026855e-01
6.000000834465026855e-01
6.000000834465026855e-01
6.000000834465026855e-01
6.000000834465026855e-01
6.000000834465026855e-01
6.000000834465026855e-01
6.000000834465026855e-01
6.000000834465026855e-01
6.000000834465026855e-01
6.000000834465026855e-01
6.000000834465026855e-01
6.000000834465026855e-01
6.000000834465026855e-01
6.000000834465026855e-01
6.000000834465026855e-01
6.000000834465026855e-01
6.000000834465026855e-01
6.000000834465026855e-01
6.000000834465026855e-01
6.000000834465026855e-01
6.000000834465026855e-01
6.000000834465026855e-01
6.000000834465026855e-01
6.000000834465026855e-01
6.000000834465026855e-01
6.000000834465026855e-01
6.000000834465026855e-01
6.000000834465026855e-01
6.000000238418579102e-01
6.000000238418579102e-01
6.000000238418579102e-01
6.000000238418579102e-01
6.000000238418579102e-01
6.000000238418579102e-01
6.000000238418579102e-01
6.000000238418579102e-01
6.000000238418579102e-01
6.000000238418579102e-01
6.000000238418579102e-01
6.000000238418579102e-01
6.000000238418579102e-01
6.000000238418579102e-01
6.000000238418579102e-01
6.000000238418579102e-01
6.000000238418579102e-01
6.000000238418579102e-01
6.000000238418579102e-01
6.000000238418579102e-01
6.000000238418579102e-01
6.000000238418579102e-01
6.000000238418579102e-01
6.000000238418579102e-01
6.000000238418579102e-01
6.000000238418579102e-01
6.000000238418579102e-01
6.000000238418579102e-01
6.000000238418579102e-01
6.000000238418579102e-01
6.000000238418579102e-01
6.000000238418579102e-01
6.000000238418579102e-01
6.000000238418579102e-01
6.000000238418579102e-01
6.000000238418579102e-01
6.000000238418579102e-01
6.000000238418579102e-01
6.000000238418579102e-01
6.000000238418579102e-01
6.000000238418579102e-01
6.000000238418579102e-01
6.000000238418579102e-01
6.000000238418579102e-01
6.000000238418579102e-01
6.000000238418579102e-01
6.000000238418579102e-01
6.000000238418579102e-01
6.000000238418579102e-01
6.000000238418579102e-01
6.000000238418579102e-01
6.000000238418579102e-01
6.000000238418579102e-01
6.000000238418579102e-01
6.000000238418579102e-01
6.000000238418579102e-01
6.000000238418579102e-01
6.000000238418579102e-01
6.000000238418579102e-01
6.000000238418579102e-01
6.000000238418579102e-01
6.000000238418579102e-01
6.000000238418579102e-01
6.000000238418579102e-01
6.000000238418579102e-01
6.000000238418579102e-01
6.000000238418579102e-01
6.000000238418579102e-01
6.000000238418579102e-01
6.000000238418579102e-01
6.000000238418579102e-01
6.000000238418579102e-01
6.000000238418579102e-01
6.000000238418579102e-01
6.000000238418579102e-01
6.000000238418579102e-01
6.000000238418579102e-01
6.000000238418579102e-01
6.000000238418579102e-01
6.000000238418579102e-01
6.000000238418579102e-01
6.000000238418579102e-01
6.000000238418579102e-01
6.000000238418579102e-01
6.000000238418579102e-01
6.000000238418579102e-01
6.000000238418579102e-01
6.000000238418579102e-01
6.000000238418579102e-01
6.000000238418579102e-01
6.000000238418579102e-01
6.000000238418579102e-01
6.000000238418579102e-01
6.000000238418579102e-01
6.000000238418579102e-01
6.000000238418579102e-01
6.000000238418579102e-01
6.000000238418579102e-01
6.000000238418579102e-01
6.000000238418579102e-01
6.000000238418579102e-01
6.000000238418579102e-01
6.000000238418579102e-01
6.000000238418579102e-01
6.000000238418579102e-01
6.000000238418579102e-01
6.000000238418579102e-01
6.000000238418579102e-01
6.000000238418579102e-01
6.000000238418579102e-01
6.000000238418579102e-01
6.000000238418579102e-01
6.000000238418579102e-01
6.000000238418579102e-01
6.000000238418579102e-01
6.000000238418579102e-01
6.000000238418579102e-01
6.000000238418579102e-01
6.000000238418579102e-01
6.000000238418579102e-01
6.000000238418579102e-01
6.000000238418579102e-01
6.000000238418579102e-01
6.000000238418579102e-01
6.000000238418579102e-01
6.000000238418579102e-01
6.000000238418579102e-01
6.000000238418579102e-01
6.000000238418579102e-01
6.000000238418579102e-01
6.000000238418579102e-01
6.000000238418579102e-01
6.000000238418579102e-01
6.000000238418579102e-01
6.000000238418579102e-01
6.000000238418579102e-01
6.000000238418579102e-01
6.000000238418579102e-01
6.000000238418579102e-01
6.000000238418579102e-01
6.000000238418579102e-01
6.000000238418579102e-01
6.000000238418579102e-01
6.000000238418579102e-01
6.000000238418579102e-01
6.000000238418579102e-01
6.000000238418579102e-01
6.000000238418579102e-01
6.000000238418579102e-01
6.000000238418579102e-01
6.000000238418579102e-01
6.000000238418579102e-01
6.000000238418579102e-01
6.000000238418579102e-01
6.000000238418579102e-01
6.000000238418579102e-01
6.000000238418579102e-01
6.000000238418579102e-01
6.000000238418579102e-01
6.000000238418579102e-01
6.000000238418579102e-01
6.000000238418579102e-01
6.000000238418579102e-01
6.000000238418579102e-01
6.000000238418579102e-01
6.000000238418579102e-01
6.000000238418579102e-01
6.000000238418579102e-01
6.000000238418579102e-01
6.000000238418579102e-01
6.000000238418579102e-01
6.000000238418579102e-01
6.000000238418579102e-01
6.000000238418579102e-01
6.000000238418579102e-01
6.000000238418579102e-01
6.000000238418579102e-01
6.000000238418579102e-01
6.000000238418579102e-01
6.000000238418579102e-01
6.000000238418579102e-01
6.000000238418579102e-01
6.000000238418579102e-01
6.000000238418579102e-01
6.000000238418579102e-01
6.000000238418579102e-01
6.000000238418579102e-01
6.000000238418579102e-01
6.000000238418579102e-01
6.000000238418579102e-01
6.000000238418579102e-01
6.000000238418579102e-01
6.000000238418579102e-01
6.000000238418579102e-01
6.000000238418579102e-01
6.000000238418579102e-01
6.000000238418579102e-01
6.000000238418579102e-01
6.000000238418579102e-01
6.000000238418579102e-01
6.000000238418579102e-01
6.000000238418579102e-01
6.000000238418579102e-01
6.000000238418579102e-01
6.000000238418579102e-01
6.000000238418579102e-01
6.000000238418579102e-01
6.000000238418579102e-01
6.000000238418579102e-01
6.000000238418579102e-01
6.000000238418579102e-01
6.000000238418579102e-01
6.000000238418579102e-01
6.000000238418579102e-01
6.000000238418579102e-01
6.000000238418579102e-01
6.000000238418579102e-01
6.000000238418579102e-01
6.000000238418579102e-01
6.000000238418579102e-01
6.000000238418579102e-01
6.000000238418579102e-01
6.000000238418579102e-01
6.000000238418579102e-01
6.000000238418579102e-01
6.000000238418579102e-01
6.000000238418579102e-01
6.000000238418579102e-01
6.000000238418579102e-01
6.000000238418579102e-01
6.000000238418579102e-01
6.000000238418579102e-01
6.000000238418579102e-01
6.000000238418579102e-01
6.000000238418579102e-01
6.000000238418579102e-01
6.000000238418579102e-01
6.000000238418579102e-01
6.000000238418579102e-01
6.000000238418579102e-01
6.000000238418579102e-01
6.000000238418579102e-01
6.000000238418579102e-01
6.000000238418579102e-01
6.000000238418579102e-01
6.000000238418579102e-01
6.000000238418579102e-01
6.000000238418579102e-01
6.000000238418579102e-01
6.000000238418579102e-01
6.000000238418579102e-01
6.000000238418579102e-01
6.000000238418579102e-01
6.000000238418579102e-01
6.000000238418579102e-01
6.000000238418579102e-01
6.000000238418579102e-01
6.000000238418579102e-01
6.000000238418579102e-01
6.000000238418579102e-01
6.000000238418579102e-01
6.000000238418579102e-01
6.000000238418579102e-01
6.000000238418579102e-01
6.000000238418579102e-01
6.000000238418579102e-01
6.000000238418579102e-01
6.000000238418579102e-01
6.000000238418579102e-01
6.000000238418579102e-01
6.000000238418579102e-01
6.000000238418579102e-01
6.000000238418579102e-01
6.000000238418579102e-01
6.000000238418579102e-01
6.000000238418579102e-01
6.000000238418579102e-01
6.000000238418579102e-01
6.000000238418579102e-01
6.000000238418579102e-01
6.000000238418579102e-01
6.000000238418579102e-01
6.000000238418579102e-01
6.000000238418579102e-01
6.000000238418579102e-01
6.000000238418579102e-01
6.000000238418579102e-01
6.000000238418579102e-01
6.000000238418579102e-01
6.000000238418579102e-01
6.000000238418579102e-01
6.000000238418579102e-01
6.000000238418579102e-01
6.000000238418579102e-01
6.000000238418579102e-01
6.000000238418579102e-01
6.000000238418579102e-01
6.000000238418579102e-01
6.000000238418579102e-01
6.000000238418579102e-01
6.000000238418579102e-01
6.000000238418579102e-01
6.000000238418579102e-01
6.000000238418579102e-01
6.000000238418579102e-01
6.000000238418579102e-01
6.000000238418579102e-01
6.000000238418579102e-01
6.000000238418579102e-01
6.000000238418579102e-01
6.000000238418579102e-01
6.000000238418579102e-01
6.000000238418579102e-01
6.000000238418579102e-01
6.000000238418579102e-01
6.000000238418579102e-01
