1.000100016593933105e+00
1.000099897384643555e+00
1.000099897384643555e+00
1.000099897384643555e+00
1.000099897384643555e+00
1.000099778175354004e+00
1.000099658966064453e+00
1.000099539756774902e+00
1.000099420547485352e+00
1.000099182128906250e+00
1.000098943710327148e+00
1.000098586082458496e+00
1.000098228454589844e+00
1.000097751617431641e+00
1.000097274780273438e+00
1.000096797943115234e+00
1.000096201896667480e+00
1.000095486640930176e+00
1.000094890594482422e+00
1.000094056129455566e+00
1.000093340873718262e+00
1.000092506408691406e+00
1.000091671943664551e+00
1.000090837478637695e+00
1.000090003013610840e+00
1.000089049339294434e+00
1.000088095664978027e+00
1.000087261199951172e+00
1.000086307525634766e+00
1.000085353851318359e+00
1.000084519386291504e+00
1.000083565711975098e+00
1.000082731246948242e+00
1.000081896781921387e+00
1.000081062316894531e+00
1.000080227851867676e+00
1.000079512596130371e+00
1.000078797340393066e+00
1.000078082084655762e+00
1.000077366828918457e+00
1.000076770782470703e+00
1.000076293945312500e+00
1.000075697898864746e+00
1.000075221061706543e+00
1.000074744224548340e+00
1.000074267387390137e+00
1.000073909759521484e+00
1.000073432922363281e+00
1.000073075294494629e+00
1.000072717666625977e+00
1.000072360038757324e+00
1.000072121620178223e+00
1.000071763992309570e+00
1.000071406364440918e+00
1.000071048736572266e+00
1.000070691108703613e+00
1.000070333480834961e+00
1.000069975852966309e+00
1.000069618225097656e+00
1.000069141387939453e+00
1.000068783760070801e+00
1.000068306922912598e+00
1.000067830085754395e+00
1.000067353248596191e+00
1.000066757202148438e+00
1.000066280364990234e+00
1.000065684318542480e+00
1.000065088272094727e+00
1.000064492225646973e+00
1.000063896179199219e+00
1.000063180923461914e+00
1.000062584877014160e+00
1.000061869621276855e+00
1.000061273574829102e+00
1.000060558319091797e+00
1.000059962272644043e+00
1.000059366226196289e+00
1.000058650970458984e+00
1.000058054924011230e+00
1.000057578086853027e+00
1.000056982040405273e+00
1.000056385993957520e+00
1.000055909156799316e+00
1.000055432319641113e+00
1.000055074691772461e+00
1.000054717063903809e+00
1.000054359436035156e+00
1.000054001808166504e+00
1.000053763389587402e+00
1.000053524971008301e+00
1.000053405761718750e+00
1.000053286552429199e+00
1.000053167343139648e+00
1.000053048133850098e+00
1.000052928924560547e+00
1.000052928924560547e+00
1.000052928924560547e+00
1.000052928924560547e+00
1.000053048133850098e+00
1.000053048133850098e+00
1.000053048133850098e+00
1.000053167343139648e+00
1.000053167343139648e+00
1.000053167343139648e+00
1.000053167343139648e+00
1.000053167343139648e+00
1.000053167343139648e+00
1.000053167343139648e+00
1.000053048133850098e+00
1.000053048133850098e+00
1.000052928924560547e+00
1.000052809715270996e+00
1.000052571296691895e+00
1.000052452087402344e+00
1.000052213668823242e+00
1.000051975250244141e+00
1.000051617622375488e+00
1.000051379203796387e+00
1.000051021575927734e+00
1.000050663948059082e+00
1.000050187110900879e+00
1.000049829483032227e+00
1.000049352645874023e+00
1.000048995018005371e+00
1.000048518180847168e+00
1.000048041343688965e+00
1.000047564506530762e+00
1.000046968460083008e+00
1.000046491622924805e+00
1.000046014785766602e+00
1.000045537948608398e+00
1.000045061111450195e+00
1.000044584274291992e+00
1.000044107437133789e+00
1.000043630599975586e+00
1.000043153762817383e+00
1.000042796134948730e+00
1.000042319297790527e+00
1.000041961669921875e+00
1.000041604042053223e+00
1.000041127204895020e+00
1.000040888786315918e+00
1.000040531158447266e+00
1.000040173530578613e+00
1.000039935111999512e+00
1.000039696693420410e+00
1.000039339065551758e+00
1.000039100646972656e+00
1.000038862228393555e+00
1.000038623809814453e+00
1.000038504600524902e+00
1.000038266181945801e+00
1.000038027763366699e+00
1.000037789344787598e+00
1.000037550926208496e+00
1.000037431716918945e+00
1.000037193298339844e+00
1.000036954879760742e+00
1.000036716461181641e+00
1.000036478042602539e+00
1.000036239624023438e+00
1.000035881996154785e+00
1.000035643577575684e+00
1.000035405158996582e+00
1.000035047531127930e+00
1.000034809112548828e+00
1.000034451484680176e+00
1.000034093856811523e+00
1.000033855438232422e+00
1.000033497810363770e+00
1.000033140182495117e+00
1.000032782554626465e+00
1.000032424926757812e+00
1.000032067298889160e+00
1.000031709671020508e+00
1.000031352043151855e+00
1.000030994415283203e+00
1.000030755996704102e+00
1.000030398368835449e+00
1.000030040740966797e+00
1.000029802322387695e+00
1.000029563903808594e+00
1.000029325485229492e+00
1.000029087066650391e+00
1.000028848648071289e+00
1.000028610229492188e+00
1.000028491020202637e+00
1.000028371810913086e+00
1.000028252601623535e+00
1.000028133392333984e+00
1.000028014183044434e+00
1.000028014183044434e+00
1.000028014183044434e+00
1.000028014183044434e+00
1.000028014183044434e+00
1.000028014183044434e+00
1.000028014183044434e+00
1.000028014183044434e+00
1.000028133392333984e+00
1.000028133392333984e+00
1.000028252601623535e+00
1.000028252601623535e+00
1.000028252601623535e+00
1.000028371810913086e+00
1.000028371810913086e+00
1.000028371810913086e+00
1.000028491020202637e+00
1.000028491020202637e+00
1.000028491020202637e+00
1.000028371810913086e+00
1.000028371810913086e+00
1.000028371810913086e+00
1.000028252601623535e+00
1.000028252601623535e+00
1.000028133392333984e+00
1.000028014183044434e+00
1.000027894973754883e+00
1.000027656555175781e+00
1.000027537345886230e+00
1.000027298927307129e+00
1.000027179718017578e+00
1.000026941299438477e+00
1.000026702880859375e+00
1.000026464462280273e+00
1.000026226043701172e+00
1.000025987625122070e+00
1.000025749206542969e+00
1.000025510787963867e+00
1.000025153160095215e+00
1.000024914741516113e+00
1.000024676322937012e+00
1.000024437904357910e+00
1.000024080276489258e+00
1.000023841857910156e+00
1.000023603439331055e+00
1.000023365020751953e+00
1.000023126602172852e+00
1.000022888183593750e+00
1.000022649765014648e+00
1.000022411346435547e+00
1.000022172927856445e+00
1.000021934509277344e+00
1.000021815299987793e+00
1.000021576881408691e+00
1.000021338462829590e+00
1.000021219253540039e+00
1.000021100044250488e+00
1.000020861625671387e+00
1.000020742416381836e+00
1.000020623207092285e+00
1.000020384788513184e+00
1.000020265579223633e+00
1.000020146369934082e+00
1.000020027160644531e+00
1.000019907951354980e+00
1.000019788742065430e+00
1.000019550323486328e+00
1.000019431114196777e+00
1.000019311904907227e+00
1.000019192695617676e+00
1.000018954277038574e+00
1.000018835067749023e+00
1.000018715858459473e+00
1.000018477439880371e+00
1.000018358230590820e+00
1.000018119812011719e+00
1.000018000602722168e+00
1.000017762184143066e+00
1.000017642974853516e+00
1.000017404556274414e+00
1.000017285346984863e+00
1.000017046928405762e+00
1.000016808509826660e+00
1.000016689300537109e+00
1.000016450881958008e+00
1.000016331672668457e+00
1.000016093254089355e+00
1.000015974044799805e+00
1.000015735626220703e+00
1.000015616416931152e+00
1.000015497207641602e+00
1.000015377998352051e+00
1.000015258789062500e+00
1.000015139579772949e+00
1.000015020370483398e+00
1.000014901161193848e+00
1.000014901161193848e+00
1.000014781951904297e+00
1.000014781951904297e+00
1.000014662742614746e+00
1.000014662742614746e+00
1.000014662742614746e+00
1.000014662742614746e+00
1.000014662742614746e+00
1.000014781951904297e+00
1.000014781951904297e+00
1.000014781951904297e+00
1.000014781951904297e+00
1.000014901161193848e+00
1.000014901161193848e+00
1.000015020370483398e+00
1.000015020370483398e+00
1.000015139579772949e+00
1.000015139579772949e+00
1.000015139579772949e+00
1.000015258789062500e+00
1.000015258789062500e+00
1.000015258789062500e+00
1.000015258789062500e+00
1.000015258789062500e+00
1.000015258789062500e+00
1.000015258789062500e+00
1.000015258789062500e+00
1.000015258789062500e+00
1.000015139579772949e+00
1.000015139579772949e+00
1.000015139579772949e+00
1.000015020370483398e+00
1.000014901161193848e+00
1.000014901161193848e+00
1.000014781951904297e+00
1.000014662742614746e+00
1.000014543533325195e+00
1.000014424324035645e+00
1.000014305114746094e+00
1.000014185905456543e+00
1.000014066696166992e+00
1.000013828277587891e+00
1.000013709068298340e+00
1.000013589859008789e+00
1.000013470649719238e+00
1.000013232231140137e+00
1.000013113021850586e+00
1.000012993812561035e+00
1.000012874603271484e+00
1.000012636184692383e+00
1.000012516975402832e+00
1.000012397766113281e+00
1.000012278556823730e+00
1.000012159347534180e+00
1.000012040138244629e+00
1.000011920928955078e+00
1.000011801719665527e+00
1.000011682510375977e+00
1.000011563301086426e+00
1.000011444091796875e+00
1.000011324882507324e+00
1.000011205673217773e+00
1.000011086463928223e+00
1.000010967254638672e+00
1.000010848045349121e+00
1.000010848045349121e+00
1.000010728836059570e+00
1.000010609626770020e+00
1.000010490417480469e+00
1.000010371208190918e+00
1.000010371208190918e+00
1.000010251998901367e+00
1.000010132789611816e+00
1.000010013580322266e+00
1.000009894371032715e+00
1.000009894371032715e+00
1.000009775161743164e+00
1.000009655952453613e+00
1.000009536743164062e+00
1.000009417533874512e+00
1.000009298324584961e+00
1.000009179115295410e+00
1.000009179115295410e+00
1.000009059906005859e+00
1.000008940696716309e+00
1.000008821487426758e+00
1.000008702278137207e+00
1.000008583068847656e+00
1.000008463859558105e+00
1.000008344650268555e+00
1.000008344650268555e+00
1.000008225440979004e+00
1.000008106231689453e+00
1.000007987022399902e+00
1.000007987022399902e+00
1.000007867813110352e+00
1.000007867813110352e+00
1.000007748603820801e+00
1.000007748603820801e+00
1.000007748603820801e+00
1.000007629394531250e+00
1.000007629394531250e+00
1.000007629394531250e+00
1.000007629394531250e+00
1.000007629394531250e+00
1.000007629394531250e+00
1.000007629394531250e+00
1.000007748603820801e+00
1.000007748603820801e+00
1.000007748603820801e+00
1.000007748603820801e+00
1.000007867813110352e+00
1.000007867813110352e+00
1.000007987022399902e+00
1.000007987022399902e+00
1.000007987022399902e+00
1.000008106231689453e+00
1.000008106231689453e+00
1.000008106231689453e+00
1.000008225440979004e+00
1.000008225440979004e+00
1.000008225440979004e+00
1.000008225440979004e+00
1.000008225440979004e+00
1.000008225440979004e+00
1.000008225440979004e+00
1.000008225440979004e+00
1.000008225440979004e+00
1.000008225440979004e+00
1.000008225440979004e+00
1.000008225440979004e+00
1.000008225440979004e+00
1.000008106231689453e+00
1.000008106231689453e+00
1.000008106231689453e+00
1.000007987022399902e+00
1.000007987022399902e+00
1.000007867813110352e+00
1.000007867813110352e+00
1.000007748603820801e+00
1.000007748603820801e+00
1.000007629394531250e+00
1.000007510185241699e+00
1.000007510185241699e+00
1.000007390975952148e+00
1.000007271766662598e+00
1.000007271766662598e+00
1.000007152557373047e+00
1.000007033348083496e+00
1.000006914138793945e+00
1.000006914138793945e+00
1.000006794929504395e+00
1.000006675720214844e+00
1.000006675720214844e+00
1.000006556510925293e+00
1.000006437301635742e+00
1.000006437301635742e+00
1.000006318092346191e+00
1.000006198883056641e+00
1.000006198883056641e+00
1.000006079673767090e+00
1.000005960464477539e+00
1.000005960464477539e+00
1.000005841255187988e+00
1.000005841255187988e+00
1.000005722045898438e+00
1.000005722045898438e+00
1.000005602836608887e+00
1.000005602836608887e+00
1.000005483627319336e+00
1.000005483627319336e+00
1.000005364418029785e+00
1.000005364418029785e+00
1.000005245208740234e+00
1.000005245208740234e+00
1.000005125999450684e+00
1.000005006790161133e+00
1.000005006790161133e+00
1.000004887580871582e+00
1.000004887580871582e+00
1.000004768371582031e+00
1.000004768371582031e+00
1.000004649162292480e+00
1.000004649162292480e+00
1.000004529953002930e+00
1.000004529953002930e+00
1.000004410743713379e+00
1.000004410743713379e+00
1.000004291534423828e+00
1.000004291534423828e+00
1.000004172325134277e+00
1.000004172325134277e+00
1.000004053115844727e+00
1.000004053115844727e+00
1.000004053115844727e+00
1.000004053115844727e+00
1.000003933906555176e+00
1.000003933906555176e+00
1.000003933906555176e+00
1.000003933906555176e+00
1.000003933906555176e+00
1.000003933906555176e+00
1.000003933906555176e+00
1.000003933906555176e+00
1.000003933906555176e+00
1.000003933906555176e+00
1.000003933906555176e+00
1.000004053115844727e+00
1.000004053115844727e+00
1.000004053115844727e+00
1.000004053115844727e+00
1.000004172325134277e+00
1.000004172325134277e+00
1.000004172325134277e+00
1.000004291534423828e+00
1.000004291534423828e+00
1.000004291534423828e+00
1.000004291534423828e+00
1.000004410743713379e+00
1.000004410743713379e+00
1.000004410743713379e+00
1.000004410743713379e+00
1.000004529953002930e+00
1.000004529953002930e+00
1.000004529953002930e+00
1.000004529953002930e+00
1.000004529953002930e+00
1.000004529953002930e+00
1.000004529953002930e+00
1.000004529953002930e+00
1.000004529953002930e+00
1.000004529953002930e+00
1.000004529953002930e+00
1.000004529953002930e+00
1.000004410743713379e+00
1.000004410743713379e+00
1.000004410743713379e+00
1.000004410743713379e+00
1.000004291534423828e+00
1.000004291534423828e+00
1.000004291534423828e+00
1.000004291534423828e+00
1.000004172325134277e+00
1.000004172325134277e+00
1.000004053115844727e+00
1.000004053115844727e+00
1.000004053115844727e+00
1.000003933906555176e+00
1.000003933906555176e+00
1.000003814697265625e+00
1.000003814697265625e+00
1.000003814697265625e+00
1.000003695487976074e+00
1.000003695487976074e+00
1.000003576278686523e+00
1.000003576278686523e+00
1.000003457069396973e+00
1.000003457069396973e+00
1.000003457069396973e+00
1.000003337860107422e+00
1.000003337860107422e+00
1.000003218650817871e+00
1.000003218650817871e+00
1.000003218650817871e+00
1.000003099441528320e+00
1.000003099441528320e+00
1.000002980232238770e+00
1.000002980232238770e+00
1.000002980232238770e+00
1.000002861022949219e+00
1.000002861022949219e+00
1.000002861022949219e+00
1.000002741813659668e+00
1.000002741813659668e+00
1.000002741813659668e+00
1.000002622604370117e+00
1.000002622604370117e+00
1.000002622604370117e+00
1.000002503395080566e+00
1.000002503395080566e+00
1.000002384185791016e+00
1.000002384185791016e+00
1.000002384185791016e+00
1.000002264976501465e+00
1.000002264976501465e+00
1.000002264976501465e+00
1.000002264976501465e+00
1.000002145767211914e+00
1.000002145767211914e+00
1.000002145767211914e+00
1.000002026557922363e+00
1.000002026557922363e+00
1.000002026557922363e+00
1.000002026557922363e+00
1.000002026557922363e+00
1.000002026557922363e+00
1.000002026557922363e+00
1.000002026557922363e+00
1.000002026557922363e+00
1.000002026557922363e+00
1.000002026557922363e+00
1.000002026557922363e+00
1.000002026557922363e+00
1.000002026557922363e+00
1.000002026557922363e+00
1.000002026557922363e+00
1.000002026557922363e+00
1.000002026557922363e+00
1.000002145767211914e+00
1.000002145767211914e+00
1.000002145767211914e+00
1.000002145767211914e+00
1.000002264976501465e+00
1.000002264976501465e+00
1.000002264976501465e+00
1.000002264976501465e+00
1.000002264976501465e+00
1.000002384185791016e+00
1.000002384185791016e+00
1.000002384185791016e+00
1.000002384185791016e+00
1.000002384185791016e+00
1.000002503395080566e+00
1.000002503395080566e+00
1.000002503395080566e+00
1.000002503395080566e+00
1.000002503395080566e+00
1.000002503395080566e+00
1.000002503395080566e+00
1.000002503395080566e+00
1.000002503395080566e+00
1.000002503395080566e+00
1.000002503395080566e+00
1.000002503395080566e+00
1.000002503395080566e+00
1.000002503395080566e+00
1.000002503395080566e+00
1.000002503395080566e+00
1.000002384185791016e+00
1.000002384185791016e+00
1.000002384185791016e+00
1.000002384185791016e+00
1.000002384185791016e+00
1.000002384185791016e+00
1.000002264976501465e+00
1.000002264976501465e+00
1.000002264976501465e+00
1.000002264976501465e+00
1.000002145767211914e+00
1.000002145767211914e+00
1.000002145767211914e+00
1.000002145767211914e+00
1.000002026557922363e+00
1.000002026557922363e+00
1.000002026557922363e+00
1.000002026557922363e+00
1.000001907348632812e+00
1.000001907348632812e+00
1.000001907348632812e+00
1.000001907348632812e+00
1.000001788139343262e+00
1.000001788139343262e+00
1.000001788139343262e+00
1.000001668930053711e+00
1.000001668930053711e+00
1.000001668930053711e+00
1.000001668930053711e+00
1.000001549720764160e+00
1.000001549720764160e+00
1.000001549720764160e+00
1.000001549720764160e+00
1.000001430511474609e+00
1.000001430511474609e+00
1.000001430511474609e+00
1.000001430511474609e+00
1.000001311302185059e+00
1.000001311302185059e+00
1.000001311302185059e+00
1.000001311302185059e+00
1.000001192092895508e+00
1.000001192092895508e+00
1.000001192092895508e+00
1.000001192092895508e+00
1.000001192092895508e+00
1.000001072883605957e+00
1.000001072883605957e+00
1.000001072883605957e+00
1.000001072883605957e+00
1.000001072883605957e+00
1.000001072883605957e+00
1.000000953674316406e+00
1.000000953674316406e+00
1.000000953674316406e+00
1.000000953674316406e+00
1.000000953674316406e+00
1.000000953674316406e+00
1.000000953674316406e+00
1.000000953674316406e+00
1.000000953674316406e+00
1.000000953674316406e+00
1.000000953674316406e+00
1.000000953674316406e+00
1.000000953674316406e+00
1.000000953674316406e+00
1.000001072883605957e+00
1.000001072883605957e+00
1.000001072883605957e+00
1.000001072883605957e+00
1.000001072883605957e+00
1.000001072883605957e+00
1.000001192092895508e+00
1.000001192092895508e+00
1.000001192092895508e+00
1.000001192092895508e+00
1.000001192092895508e+00
1.000001192092895508e+00
1.000001311302185059e+00
1.000001311302185059e+00
1.000001311302185059e+00
1.000001311302185059e+00
1.000001311302185059e+00
1.000001311302185059e+00
1.000001311302185059e+00
1.000001430511474609e+00
1.000001430511474609e+00
1.000001430511474609e+00
1.000001430511474609e+00
1.000001430511474609e+00
1.000001430511474609e+00
1.000001430511474609e+00
1.000001430511474609e+00
1.000001430511474609e+00
1.000001430511474609e+00
1.000001430511474609e+00
1.000001430511474609e+00
1.000001430511474609e+00
1.000001430511474609e+00
1.000001430511474609e+00
1.000001430511474609e+00
1.000001430511474609e+00
1.000001430511474609e+00
1.000001311302185059e+00
1.000001311302185059e+00
1.000001311302185059e+00
1.000001311302185059e+00
1.000001311302185059e+00
1.000001311302185059e+00
1.000001311302185059e+00
1.000001311302185059e+00
1.000001192092895508e+00
1.000001192092895508e+00
1.000001192092895508e+00
1.000001192092895508e+00
1.000001192092895508e+00
1.000001192092895508e+00
1.000001072883605957e+00
1.000001072883605957e+00
1.000001072883605957e+00
1.000001072883605957e+00
1.000001072883605957e+00
1.000001072883605957e+00
1.000000953674316406e+00
1.000000953674316406e+00
1.000000953674316406e+00
1.000000953674316406e+00
1.000000953674316406e+00
1.000000834465026855e+00
1.000000834465026855e+00
1.000000834465026855e+00
1.000000834465026855e+00
1.000000834465026855e+00
1.000000834465026855e+00
1.000000715255737305e+00
1.000000715255737305e+00
1.000000715255737305e+00
1.000000715255737305e+00
1.000000715255737305e+00
1.000000715255737305e+00
1.000000596046447754e+00
1.000000596046447754e+00
1.000000596046447754e+00
1.000000596046447754e+00
1.000000596046447754e+00
1.000000596046447754e+00
1.000000476837158203e+00
1.000000476837158203e+00
1.000000476837158203e+00
1.000000476837158203e+00
1.000000476837158203e+00
1.000000476837158203e+00
1.000000476837158203e+00
1.000000476837158203e+00
1.000000476837158203e+00
1.000000476837158203e+00
1.000000476837158203e+00
1.000000476837158203e+00
1.000000476837158203e+00
1.000000476837158203e+00
1.000000476837158203e+00
1.000000476837158203e+00
1.000000476837158203e+00
1.000000476837158203e+00
1.000000476837158203e+00
1.000000476837158203e+00
1.000000476837158203e+00
1.000000476837158203e+00
1.000000596046447754e+00
1.000000596046447754e+00
1.000000596046447754e+00
1.000000596046447754e+00
1.000000596046447754e+00
1.000000596046447754e+00
1.000000596046447754e+00
1.000000596046447754e+00
1.000000715255737305e+00
1.000000715255737305e+00
1.000000715255737305e+00
1.000000715255737305e+00
1.000000715255737305e+00
1.000000715255737305e+00
1.000000715255737305e+00
1.000000715255737305e+00
1.000000715255737305e+00
1.000000834465026855e+00
1.000000834465026855e+00
1.000000834465026855e+00
1.000000834465026855e+00
1.000000834465026855e+00
1.000000834465026855e+00
1.000000834465026855e+00
1.000000834465026855e+00
1.000000834465026855e+00
1.000000834465026855e+00
1.000000834465026855e+00
1.000000834465026855e+00
1.000000834465026855e+00
1.000000834465026855e+00
1.000000834465026855e+00
1.000000834465026855e+00
1.000000834465026855e+00
1.000000834465026855e+00
1.000000834465026855e+00
1.000000834465026855e+00
1.000000834465026855e+00
1.000000715255737305e+00
1.000000715255737305e+00
1.000000715255737305e+00
1.000000715255737305e+00
1.000000715255737305e+00
1.000000715255737305e+00
1.000000715255737305e+00
1.000000715255737305e+00
1.000000715255737305e+00
1.000000715255737305e+00
1.000000715255737305e+00
1.000000596046447754e+00
1.000000596046447754e+00
1.000000596046447754e+00
1.000000596046447754e+00
1.000000596046447754e+00
1.000000596046447754e+00
1.000000596046447754e+00
1.000000596046447754e+00
1.000000596046447754e+00
1.000000476837158203e+00
1.000000476837158203e+00
1.000000476837158203e+00
1.000000476837158203e+00
1.000000476837158203e+00
1.000000476837158203e+00
1.000000476837158203e+00
1.000000476837158203e+00
1.000000357627868652e+00
1.000000357627868652e+00
1.000000357627868652e+00
1.000000357627868652e+00
1.000000357627868652e+00
1.000000357627868652e+00
1.000000357627868652e+00
1.000000357627868652e+00
1.000000238418579102e+00
1.000000238418579102e+00
1.000000238418579102e+00
1.000000238418579102e+00
1.000000238418579102e+00
1.000000238418579102e+00
1.000000238418579102e+00
1.000000238418579102e+00
1.000000238418579102e+00
1.000000238418579102e+00
1.000000238418579102e+00
1.000000119209289551e+00
1.000000119209289551e+00
1.000000119209289551e+00
1.000000119209289551e+00
1.000000119209289551e+00
1.000000238418579102e+00
1.000000238418579102e+00
1.000000238418579102e+00
1.000000238418579102e+00
1.000000238418579102e+00
1.000000238418579102e+00
1.000000238418579102e+00
1.000000238418579102e+00
1.000000238418579102e+00
1.000000238418579102e+00
1.000000238418579102e+00
1.000000238418579102e+00
1.000000357627868652e+00
1.000000357627868652e+00
1.000000357627868652e+00
1.000000357627868652e+00
1.000000357627868652e+00
1.000000357627868652e+00
1.000000357627868652e+00
1.000000357627868652e+00
1.000000357627868652e+00
1.000000357627868652e+00
1.000000357627868652e+00
1.000000476837158203e+00
1.000000476837158203e+00
1.000000476837158203e+00
1.000000476837158203e+00
1.000000476837158203e+00
1.000000476837158203e+00
1.000000476837158203e+00
1.000000476837158203e+00
1.000000476837158203e+00
1.000000476837158203e+00
1.000000476837158203e+00
1.000000476837158203e+00
1.000000476837158203e+00
1.000000476837158203e+00
1.000000476837158203e+00
1.000000476837158203e+00
1.000000476837158203e+00
1.000000476837158203e+00
1.000000476837158203e+00
1.000000476837158203e+00
1.000000476837158203e+00
1.000000476837158203e+00
1.000000476837158203e+00
1.000000476837158203e+00
1.000000476837158203e+00
1.000000476837158203e+00
1.000000476837158203e+00
1.000000476837158203e+00
1.000000476837158203e+00
1.000000476837158203e+00
1.000000476837158203e+00
1.000000476837158203e+00
1.000000476837158203e+00
1.000000357627868652e+00
1.000000357627868652e+00
1.000000357627868652e+00
1.000000357627868652e+00
1.000000357627868652e+00
1.000000357627868652e+00
1.000000357627868652e+00
1.000000357627868652e+00
1.000000357627868652e+00
1.000000357627868652e+00
1.000000357627868652e+00
1.000000357627868652e+00
1.000000357627868652e+00
1.000000357627868652e+00
1.000000238418579102e+00
1.000000238418579102e+00
1.000000238418579102e+00
1.000000238418579102e+00
1.000000238418579102e+00
1.000000238418579102e+00
1.000000238418579102e+00
1.000000238418579102e+00
1.000000238418579102e+00
1.000000238418579102e+00
1.000000238418579102e+00
1.000000119209289551e+00
1.000000119209289551e+00
1.000000119209289551e+00
1.000000119209289551e+00
1.000000119209289551e+00
1.000000119209289551e+00
1.000000119209289551e+00
1.000000119209289551e+00
1.000000119209289551e+00
1.000000119209289551e+00
1.000000119209289551e+00
1.000000119209289551e+00
1.000000119209289551e+00
1.000000000000000000e+00
1.000000000000000000e+00
1.000000000000000000e+00
1.000000000000000000e+00
1.000000000000000000e+00
1.000000000000000000e+00
1.000000119209289551e+00
1.000000119209289551e+00
1.000000119209289551e+00
1.000000119209289551e+00
1.000000119209289551e+00
1.000000119209289551e+00
1.000000119209289551e+00
1.000000119209289551e+00
1.000000119209289551e+00
1.000000119209289551e+00
1.000000119209289551e+00
1.000000119209289551e+00
1.000000119209289551e+00
1.000000238418579102e+00
1.000000238418579102e+00
1.000000238418579102e+00
1.000000238418579102e+00
1.000000238418579102e+00
1.000000238418579102e+00
1.000000238418579102e+00
1.000000238418579102e+00
1.000000238418579102e+00
1.000000238418579102e+00
1.000000238418579102e+00
1.000000238418579102e+00
1.000000238418579102e+00
1.000000238418579102e+00
1.000000238418579102e+00
1.000000238418579102e+00
1.000000238418579102e+00
1.000000238418579102e+00
1.000000238418579102e+00
1.000000238418579102e+00
1.000000238418579102e+00
1.000000238418579102e+00
1.000000238418579102e+00
1.000000238418579102e+00
1.000000238418579102e+00
1.000000238418579102e+00
1.000000238418579102e+00
1.000000238418579102e+00
1.000000238418579102e+00
1.000000238418579102e+00
1.000000238418579102e+00
1.000000238418579102e+00
1.000000238418579102e+00
1.000000238418579102e+00
1.000000238418579102e+00
1.000000238418579102e+00
1.000000238418579102e+00
1.000000238418579102e+00
1.000000238418579102e+00
1.000000238418579102e+00
1.000000238418579102e+00
1.000000238418579102e+00
1.000000238418579102e+00
1.000000238418579102e+00
1.000000238418579102e+00
1.000000238418579102e+00
1.000000238418579102e+00
1.000000238418579102e+00
1.000000238418579102e+00
1.000000238418579102e+00
1.000000238418579102e+00
1.000000238418579102e+00
1.000000238418579102e+00
1.000000238418579102e+00
1.000000238418579102e+00
1.000000238418579102e+00
1.000000238418579102e+00
1.000000119209289551e+00
1.000000119209289551e+00
1.000000119209289551e+00
1.000000119209289551e+00
1.000000119209289551e+00
1.000000119209289551e+00
1.000000119209289551e+00
1.000000119209289551e+00
1.000000119209289551e+00
1.000000119209289551e+00
1.000000119209289551e+00
1.000000119209289551e+00
1.000000119209289551e+00
1.000000119209289551e+00
1.000000119209289551e+00
1.000000119209289551e+00
1.000000119209289551e+00
1.000000119209289551e+00
1.000000000000000000e+00
1.000000000000000000e+00
1.000000000000000000e+00
1.000000000000000000e+00
1.000000000000000000e+00
1.000000000000000000e+00
1.000000000000000000e+00
1.000000000000000000e+00
1.000000000000000000e+00
1.000000000000000000e+00
1.000000000000000000e+00
1.000000000000000000e+00
1.000000000000000000e+00
1.000000000000000000e+00
1.000000000000000000e+00
1.000000000000000000e+00
1.000000000000000000e+00
1.000000119209289551e+00
1.000000119209289551e+00
1.000000119209289551e+00
1.000000119209289551e+00
1.000000119209289551e+00
1.000000119209289551e+00
1.000000119209289551e+00
1.000000119209289551e+00
1.000000119209289551e+00
1.000000119209289551e+00
1.000000119209289551e+00
1.000000119209289551e+00
1.000000119209289551e+00
1.000000119209289551e+00
1.000000119209289551e+00
1.000000119209289551e+00
1.000000119209289551e+00
1.000000119209289551e+00
1.000000119209289551e+00
1.000000119209289551e+00
1.000000119209289551e+00
1.000000119209289551e+00
1.000000119209289551e+00
1.000000119209289551e+00
1.000000119209289551e+00
1.000000119209289551e+00
1.000000119209289551e+00
1.000000119209289551e+00
1.000000119209289551e+00
1.000000119209289551e+00
1.000000238418579102e+00
1.000000238418579102e+00
1.000000238418579102e+00
1.000000238418579102e+00
1.000000238418579102e+00
1.000000238418579102e+00
1.000000238418579102e+00
1.000000238418579102e+00
1.000000238418579102e+00
1.000000238418579102e+00
1.000000238418579102e+00
1.000000119209289551e+00
1.000000119209289551e+00
1.000000119209289551e+00
1.000000119209289551e+00
1.000000119209289551e+00
1.000000119209289551e+00
1.000000119209289551e+00
1.000000119209289551e+00
1.000000119209289551e+00
1.000000119209289551e+00
1.000000119209289551e+00
1.000000119209289551e+00
1.000000119209289551e+00
1.000000119209289551e+00
1.000000119209289551e+00
1.000000119209289551e+00
1.000000119209289551e+00
1.000000119209289551e+00
1.000000119209289551e+00
1.000000119209289551e+00
1.000000119209289551e+00
1.000000119209289551e+00
1.000000119209289551e+00
1.000000119209289551e+00
1.000000119209289551e+00
1.000000119209289551e+00
1.000000119209289551e+00
1.000000119209289551e+00
1.000000119209289551e+00
1.000000119209289551e+00
1.000000119209289551e+00
1.000000119209289551e+00
1.000000119209289551e+00
1.000000119209289551e+00
1.000000119209289551e+00
1.000000119209289551e+00
1.000000119209289551e+00
1.000000119209289551e+00
1.000000000000000000e+00
1.000000000000000000e+00
1.000000000000000000e+00
1.000000000000000000e+00
1.000000000000000000e+00
1.000000000000000000e+00
1.000000000000000000e+00
1.000000000000000000e+00
1.000000000000000000e+00
1.000000000000000000e+00
1.000000000000000000e+00
1.000000000000000000e+00
1.000000000000000000e+00
1.000000000000000000e+00
1.000000000000000000e+00
1.000000000000000000e+00
1.000000000000000000e+00
1.000000000000000000e+00
1.000000000000000000e+00
1.000000000000000000e+00
1.000000000000000000e+00
1.000000000000000000e+00
1.000000000000000000e+00
1.000000000000000000e+00
1.000000000000000000e+00
1.000000000000000000e+00
1.000000119209289551e+00
1.000000119209289551e+00
1.000000119209289551e+00
1.000000119209289551e+00
1.000000119209289551e+00
1.000000119209289551e+00
1.000000119209289551e+00
1.000000119209289551e+00
1.000000119209289551e+00
1.000000119209289551e+00
1.000000119209289551e+00
1.000000119209289551e+00
1.000000119209289551e+00
1.000000119209289551e+00
1.000000119209289551e+00
1.000000119209289551e+00
1.000000119209289551e+00
1.000000119209289551e+00
1.000000119209289551e+00
1.000000119209289551e+00
1.000000119209289551e+00
1.000000119209289551e+00
1.000000119209289551e+00
1.000000119209289551e+00
1.000000119209289551e+00
1.000000119209289551e+00
1.000000119209289551e+00
1.000000119209289551e+00
1.000000119209289551e+00
1.000000119209289551e+00
1.000000119209289551e+00
1.000000119209289551e+00
1.000000119209289551e+00
1.000000119209289551e+00
1.000000119209289551e+00
1.000000119209289551e+00
1.000000119209289551e+00
1.000000119209289551e+00
1.000000119209289551e+00
1.000000119209289551e+00
1.000000119209289551e+00
1.000000119209289551e+00
1.000000119209289551e+00
1.000000119209289551e+00
1.000000119209289551e+00
1.000000119209289551e+00
1.000000119209289551e+00
1.000000119209289551e+00
1.000000119209289551e+00
1.000000119209289551e+00
1.000000119209289551e+00
1.000000119209289551e+00
1.000000119209289551e+00
1.000000119209289551e+00
1.000000119209289551e+00
1.000000119209289551e+00
1.000000119209289551e+00
1.000000119209289551e+00
1.000000119209289551e+00
1.000000119209289551e+00
1.000000119209289551e+00
1.000000119209289551e+00
1.000000119209289551e+00
1.000000119209289551e+00
1.000000119209289551e+00
1.000000119209289551e+00
1.000000119209289551e+00
1.000000119209289551e+00
1.000000000000000000e+00
1.000000000000000000e+00
1.000000000000000000e+00
1.000000000000000000e+00
1.000000000000000000e+00
1.000000000000000000e+00
1.000000000000000000e+00
1.000000000000000000e+00
1.000000000000000000e+00
1.000000000000000000e+00
1.000000000000000000e+00
1.000000000000000000e+00
1.000000000000000000e+00
1.000000000000000000e+00
1.000000000000000000e+00
1.000000000000000000e+00
1.000000000000000000e+00
1.000000000000000000e+00
1.000000000000000000e+00
1.000000000000000000e+00
1.000000000000000000e+00
1.000000000000000000e+00
1.000000000000000000e+00
1.000000000000000000e+00
1.000000000000000000e+00
1.000000000000000000e+00
1.000000000000000000e+00
1.000000000000000000e+00
1.000000000000000000e+00
1.000000000000000000e+00
1.000000000000000000e+00
1.000000000000000000e+00
1.000000000000000000e+00
1.000000000000000000e+00
1.000000000000000000e+00
1.000000000000000000e+00
1.000000000000000000e+00
1.000000000000000000e+00
1.000000000000000000e+00
1.000000000000000000e+00
1.000000000000000000e+00
1.000000119209289551e+00
1.000000119209289551e+00
1.000000119209289551e+00
1.000000119209289551e+00
1.000000119209289551e+00
1.000000119209289551e+00
1.000000119209289551e+00
1.000000119209289551e+00
1.000000119209289551e+00
1.000000119209289551e+00
1.000000119209289551e+00
1.000000119209289551e+00
1.000000119209289551e+00
1.000000119209289551e+00
1.000000119209289551e+00
1.000000119209289551e+00
1.000000119209289551e+00
1.000000119209289551e+00
1.000000119209289551e+00
1.000000119209289551e+00
1.000000119209289551e+00
1.000000119209289551e+00
1.000000119209289551e+00
1.000000119209289551e+00
1.000000119209289551e+00
1.000000119209289551e+00
1.000000119209289551e+00
1.000000119209289551e+00
1.000000119209289551e+00
1.000000119209289551e+00
1.000000119209289551e+00
1.000000119209289551e+00
1.000000119209289551e+00
1.000000119209289551e+00
1.000000119209289551e+00
1.000000119209289551e+00
1.000000119209289551e+00
1.000000119209289551e+00
1.000000119209289551e+00
1.000000119209289551e+00
1.000000119209289551e+00
1.000000119209289551e+00
1.000000119209289551e+00
1.000000119209289551e+00
1.000000119209289551e+00
1.000000119209289551e+00
1.000000000000000000e+00
1.000000000000000000e+00
1.000000000000000000e+00
1.000000000000000000e+00
1.000000000000000000e+00
1.000000000000000000e+00
1.000000000000000000e+00
1.000000000000000000e+00
1.000000000000000000e+00
1.000000000000000000e+00
1.000000000000000000e+00
1.000000000000000000e+00
1.000000000000000000e+00
1.000000000000000000e+00
1.000000000000000000e+00
1.000000000000000000e+00
1.000000000000000000e+00
1.000000000000000000e+00
1.000000000000000000e+00
1.000000000000000000e+00
1.000000000000000000e+00
1.000000000000000000e+00
1.000000000000000000e+00
1.000000000000000000e+00
1.000000000000000000e+00
1.000000000000000000e+00
1.000000000000000000e+00
1.000000000000000000e+00
1.000000000000000000e+00
1.000000000000000000e+00
1.000000000000000000e+00
1.000000000000000000e+00
1.000000000000000000e+00
1.000000000000000000e+00
1.000000000000000000e+00
1.000000000000000000e+00
1.000000000000000000e+00
1.000000000000000000e+00
1.000000000000000000e+00
1.000000000000000000e+00
1.000000000000000000e+00
1.000000000000000000e+00
1.000000000000000000e+00
1.000000000000000000e+00
1.000000000000000000e+00
1.000000000000000000e+00
1.000000000000000000e+00
1.000000000000000000e+00
1.000000000000000000e+00
1.000000000000000000e+00
1.000000000000000000e+00
1.000000000000000000e+00
1.000000000000000000e+00
1.000000000000000000e+00
1.000000000000000000e+00
1.000000000000000000e+00
1.000000000000000000e+00
1.000000000000000000e+00
1.000000000000000000e+00
1.000000000000000000e+00
1.000000000000000000e+00
1.000000000000000000e+00
1.000000000000000000e+00
1.000000000000000000e+00
1.000000000000000000e+00
1.000000000000000000e+00
1.000000000000000000e+00
1.000000000000000000e+00
1.000000000000000000e+00
1.000000000000000000e+00
1.000000000000000000e+00
1.000000000000000000e+00
1.000000000000000000e+00
1.000000000000000000e+00
1.000000000000000000e+00
1.000000000000000000e+00
1.000000000000000000e+00
1.000000000000000000e+00
1.000000000000000000e+00
1.000000000000000000e+00
1.000000000000000000e+00
1.000000000000000000e+00
1.000000000000000000e+00
1.000000000000000000e+00
1.000000000000000000e+00
1.000000000000000000e+00
1.000000000000000000e+00
1.000000000000000000e+00
1.000000000000000000e+00
1.000000000000000000e+00
1.000000000000000000e+00
1.000000000000000000e+00
1.000000000000000000e+00
1.000000000000000000e+00
1.000000000000000000e+00
1.000000000000000000e+00
1.000000000000000000e+00
1.000000000000000000e+00
1.000000000000000000e+00
1.000000000000000000e+00
1.000000000000000000e+00
1.000000000000000000e+00
1.000000000000000000e+00
1.000000000000000000e+00
1.000000000000000000e+00
1.000000000000000000e+00
1.000000000000000000e+00
1.000000000000000000e+00
1.000000000000000000e+00
1.000000000000000000e+00
1.000000000000000000e+00
1.000000000000000000e+00
1.000000000000000000e+00
1.000000000000000000e+00
1.000000000000000000e+00
1.000000000000000000e+00
1.000000000000000000e+00
1.000000000000000000e+00
1.000000000000000000e+00
1.000000000000000000e+00
1.000000000000000000e+00
1.000000000000000000e+00
1.000000000000000000e+00
1.000000000000000000e+00
1.000000000000000000e+00
1.000000000000000000e+00
1.000000000000000000e+00
1.000000000000000000e+00
1.000000000000000000e+00
1.000000000000000000e+00
1.000000000000000000e+00
1.000000000000000000e+00
1.000000000000000000e+00
1.000000000000000000e+00
1.000000000000000000e+00
1.000000000000000000e+00
1.000000000000000000e+00
1.000000000000000000e+00
1.000000000000000000e+00
1.000000000000000000e+00
1.000000000000000000e+00
1.000000000000000000e+00
1.000000000000000000e+00
1.000000000000000000e+00
1.000000000000000000e+00
1.000000000000000000e+00
1.000000000000000000e+00
1.000000000000000000e+00
1.000000000000000000e+00
1.000000000000000000e+00
1.000000000000000000e+00
1.000000000000000000e+00
1.000000000000000000e+00
1.000000000000000000e+00
1.000000000000000000e+00
