0.000000000000000000e+00
1.010890000000000052e-02
2.002719999999999848e-02
3.013609999999999900e-02
4.005430000000000101e-02
5.016330000000000094e-02
6.008150000000000296e-02
7.019040000000000001e-02
8.010860000000000203e-02
9.002690000000000692e-02
1.001360000000000028e-01
1.100539999999999990e-01
1.201630000000000059e-01
1.300810000000000022e-01
1.401900000000000091e-01
1.501079999999999914e-01
1.600270000000000026e-01
1.701360000000000094e-01
1.800539999999999918e-01
1.901629999999999987e-01
2.000810000000000088e-01
2.101899999999999880e-01
2.201079999999999981e-01
2.300260000000000082e-01
2.401349999999999874e-01
2.500530000000000252e-01
2.601620000000000044e-01
2.700810000000000155e-01
2.801899999999999946e-01
2.901079999999999770e-01
3.000260000000000149e-01
3.101349999999999940e-01
3.200529999999999764e-01
3.301620000000000110e-01
3.400799999999999934e-01
3.501889999999999725e-01
3.601070000000000104e-01
3.700260000000000216e-01
3.801350000000000007e-01
3.900529999999999831e-01
4.001620000000000177e-01
4.100800000000000001e-01
4.201889999999999792e-01
4.301070000000000171e-01
4.400249999999999995e-01
4.501339999999999786e-01
4.600520000000000165e-01
4.701609999999999956e-01
4.800800000000000067e-01
4.901889999999999858e-01
5.001069999999999682e-01
5.100249999999999506e-01
5.201339999999999852e-01
5.300519999999999676e-01
5.401610000000000023e-01
5.500789999999999846e-01
5.601880000000000193e-01
5.701070000000000304e-01
5.800250000000000128e-01
5.901340000000000474e-01
6.000520000000000298e-01
6.101609999999999534e-01
6.200790000000000468e-01
6.301879999999999704e-01
6.401059999999999528e-01
6.500240000000000462e-01
6.601329999999999698e-01
6.700519999999999810e-01
6.801610000000000156e-01
6.900789999999999980e-01
7.001880000000000326e-01
7.101060000000000150e-01
7.200239999999999974e-01
7.301330000000000320e-01
7.400510000000000144e-01
7.501600000000000490e-01
7.600780000000000314e-01
7.701869999999999550e-01
7.801059999999999661e-01
7.900239999999999485e-01
8.001329999999999831e-01
8.100509999999999655e-01
8.201600000000000001e-01
8.300779999999999825e-01
8.401870000000000172e-01
8.501049999999999995e-01
8.600240000000000107e-01
8.701320000000000165e-01
8.800510000000000277e-01
8.901599999999999513e-01
9.000780000000000447e-01
9.101869999999999683e-01
9.201049999999999507e-01
9.300230000000000441e-01
9.401319999999999677e-01
9.500499999999999501e-01
9.601589999999999847e-01
9.700779999999999959e-01
9.801860000000000017e-01
9.901050000000000129e-01
1.000019999999999909e+00
1.010129999999999972e+00
1.020049999999999901e+00
1.030159999999999965e+00
1.040079999999999893e+00
1.050189999999999957e+00
1.060100000000000042e+00
1.070019999999999971e+00
1.080130000000000035e+00
1.090049999999999963e+00
1.100160000000000027e+00
1.110079999999999956e+00
1.120190000000000019e+00
1.130100000000000104e+00
1.140020000000000033e+00
1.150130000000000097e+00
1.160050000000000026e+00
1.170160000000000089e+00
1.180080000000000018e+00
1.190190000000000081e+00
1.200099999999999945e+00
1.210020000000000095e+00
1.220129999999999937e+00
1.230050000000000088e+00
1.240159999999999929e+00
1.250080000000000080e+00
1.260189999999999921e+00
1.270100000000000007e+00
1.280019999999999936e+00
1.290129999999999999e+00
1.300049999999999928e+00
1.310159999999999991e+00
1.320079999999999920e+00
1.330179999999999918e+00
1.340100000000000069e+00
1.350019999999999998e+00
1.360130000000000061e+00
1.370049999999999990e+00
1.380160000000000053e+00
1.390079999999999982e+00
1.400179999999999980e+00
1.410099999999999909e+00
1.420020000000000060e+00
1.430129999999999901e+00
1.440050000000000052e+00
1.450159999999999894e+00
1.460080000000000044e+00
1.470180000000000042e+00
1.480099999999999971e+00
1.490019999999999900e+00
1.500129999999999963e+00
1.510049999999999892e+00
1.520159999999999956e+00
1.530080000000000107e+00
1.540180000000000105e+00
1.550100000000000033e+00
1.560019999999999962e+00
1.570130000000000026e+00
1.580049999999999955e+00
1.590160000000000018e+00
1.600070000000000103e+00
1.610179999999999945e+00
1.620100000000000096e+00
1.630020000000000024e+00
1.640130000000000088e+00
1.650050000000000017e+00
1.660160000000000080e+00
1.670069999999999943e+00
1.680180000000000007e+00
1.690099999999999936e+00
1.700020000000000087e+00
1.710129999999999928e+00
1.720050000000000079e+00
1.730159999999999920e+00
1.740070000000000006e+00
1.750180000000000069e+00
1.760099999999999998e+00
1.770019999999999927e+00
1.780129999999999990e+00
1.790049999999999919e+00
1.800159999999999982e+00
1.810070000000000068e+00
1.820179999999999909e+00
1.830100000000000060e+00
1.840019999999999989e+00
1.850130000000000052e+00
1.860049999999999981e+00
1.870160000000000045e+00
1.880069999999999908e+00
1.890179999999999971e+00
1.900099999999999900e+00
1.910020000000000051e+00
1.920129999999999892e+00
1.930050000000000043e+00
1.940160000000000107e+00
1.950069999999999970e+00
1.960180000000000033e+00
1.970099999999999962e+00
1.980019999999999891e+00
1.990129999999999955e+00
2.000049999999999883e+00
2.010149999999999881e+00
2.020070000000000032e+00
2.030180000000000096e+00
2.040099999999999802e+00
2.050019999999999953e+00
2.060130000000000017e+00
2.070050000000000168e+00
2.080150000000000166e+00
2.090069999999999872e+00
2.100179999999999936e+00
2.110100000000000087e+00
2.120019999999999794e+00
2.130129999999999857e+00
2.140050000000000008e+00
2.150150000000000006e+00
2.160070000000000157e+00
2.170180000000000220e+00
2.180099999999999927e+00
2.190020000000000078e+00
2.200130000000000141e+00
2.210039999999999782e+00
2.220149999999999846e+00
2.230069999999999997e+00
2.240180000000000060e+00
2.250100000000000211e+00
2.260019999999999918e+00
2.270129999999999981e+00
2.280040000000000067e+00
2.290150000000000130e+00
2.300069999999999837e+00
2.310179999999999900e+00
2.320100000000000051e+00
2.330020000000000202e+00
2.340129999999999821e+00
2.350039999999999907e+00
2.360149999999999970e+00
2.370070000000000121e+00
2.380180000000000184e+00
2.390099999999999891e+00
2.400020000000000042e+00
2.410130000000000106e+00
2.420040000000000191e+00
2.430149999999999810e+00
2.440069999999999961e+00
2.450180000000000025e+00
2.460100000000000176e+00
2.470019999999999882e+00
2.480129999999999946e+00
2.490040000000000031e+00
2.500150000000000095e+00
2.510069999999999801e+00
2.520179999999999865e+00
2.530100000000000016e+00
2.540020000000000167e+00
2.550129999999999786e+00
2.560039999999999871e+00
2.570149999999999935e+00
2.580070000000000086e+00
2.590180000000000149e+00
2.600099999999999856e+00
2.610020000000000007e+00
2.620120000000000005e+00
2.630040000000000155e+00
2.640150000000000219e+00
2.650069999999999926e+00
2.660179999999999989e+00
2.670100000000000140e+00
2.680019999999999847e+00
2.690119999999999845e+00
2.700039999999999996e+00
2.710150000000000059e+00
2.720070000000000210e+00
2.730179999999999829e+00
2.740099999999999980e+00
2.750020000000000131e+00
2.760120000000000129e+00
2.770039999999999836e+00
2.780149999999999899e+00
2.790070000000000050e+00
2.800180000000000113e+00
2.810099999999999820e+00
2.820019999999999971e+00
2.830119999999999969e+00
2.840040000000000120e+00
2.850150000000000183e+00
2.860069999999999890e+00
2.870179999999999954e+00
2.880100000000000104e+00
2.890010000000000190e+00
2.900119999999999809e+00
2.910039999999999960e+00
2.920150000000000023e+00
2.930070000000000174e+00
2.940179999999999794e+00
2.950099999999999945e+00
2.960010000000000030e+00
2.970120000000000093e+00
2.980039999999999800e+00
2.990149999999999864e+00
3.000070000000000014e+00
3.010180000000000078e+00
3.020099999999999785e+00
3.030009999999999870e+00
3.040119999999999933e+00
3.050040000000000084e+00
3.060150000000000148e+00
3.070069999999999855e+00
3.080179999999999918e+00
3.090100000000000069e+00
3.100010000000000154e+00
3.110120000000000218e+00
3.120039999999999925e+00
3.130149999999999988e+00
3.140070000000000139e+00
3.150180000000000202e+00
3.160099999999999909e+00
3.170009999999999994e+00
3.180120000000000058e+00
3.190040000000000209e+00
3.200149999999999828e+00
3.210069999999999979e+00
3.220180000000000042e+00
3.230090000000000128e+00
3.240009999999999835e+00
3.250119999999999898e+00
3.260040000000000049e+00
3.270150000000000112e+00
3.280069999999999819e+00
3.290179999999999882e+00
3.300089999999999968e+00
3.310010000000000119e+00
3.320120000000000182e+00
3.330039999999999889e+00
3.340149999999999952e+00
3.350070000000000103e+00
3.360180000000000167e+00
3.370089999999999808e+00
3.380009999999999959e+00
3.390120000000000022e+00
3.400040000000000173e+00
3.410149999999999793e+00
3.420069999999999943e+00
3.430180000000000007e+00
3.440090000000000092e+00
3.450009999999999799e+00
3.460119999999999862e+00
3.470040000000000013e+00
3.480150000000000077e+00
3.490069999999999784e+00
3.500179999999999847e+00
3.510089999999999932e+00
3.520010000000000083e+00
3.530120000000000147e+00
3.540039999999999853e+00
3.550149999999999917e+00
3.560070000000000068e+00
3.570180000000000131e+00
3.580090000000000217e+00
3.590009999999999923e+00
3.600119999999999987e+00
3.610040000000000138e+00
3.620150000000000201e+00
3.630069999999999908e+00
3.640169999999999906e+00
3.650090000000000057e+00
3.660010000000000208e+00
3.670119999999999827e+00
3.680039999999999978e+00
3.690150000000000041e+00
3.700070000000000192e+00
3.710170000000000190e+00
3.720089999999999897e+00
3.730010000000000048e+00
3.740120000000000111e+00
3.750039999999999818e+00
3.760149999999999881e+00
3.770070000000000032e+00
3.780170000000000030e+00
3.790090000000000181e+00
3.800009999999999888e+00
3.810119999999999951e+00
3.820040000000000102e+00
3.830150000000000166e+00
3.840069999999999872e+00
3.850169999999999870e+00
3.860090000000000021e+00
3.870010000000000172e+00
3.880119999999999791e+00
3.890039999999999942e+00
3.900150000000000006e+00
3.910060000000000091e+00
3.920170000000000154e+00
3.930089999999999861e+00
3.940010000000000012e+00
3.950120000000000076e+00
3.960039999999999782e+00
3.970149999999999846e+00
3.980059999999999931e+00
3.990169999999999995e+00
4.000090000000000146e+00
4.010010000000000296e+00
4.020120000000000360e+00
4.030039999999999623e+00
4.040149999999999686e+00
4.050060000000000215e+00
4.060170000000000279e+00
4.070090000000000430e+00
4.080009999999999692e+00
4.090119999999999756e+00
4.100039999999999907e+00
4.110149999999999970e+00
4.120059999999999611e+00
4.130169999999999675e+00
4.140089999999999826e+00
4.150009999999999977e+00
4.160120000000000040e+00
4.170040000000000191e+00
4.180150000000000254e+00
4.190059999999999896e+00
4.200169999999999959e+00
4.210090000000000110e+00
4.220010000000000261e+00
4.230120000000000324e+00
4.240039999999999587e+00
4.250149999999999650e+00
4.260060000000000180e+00
4.270170000000000243e+00
4.280090000000000394e+00
4.290009999999999657e+00
4.300119999999999720e+00
4.310039999999999871e+00
4.320140000000000313e+00
4.330059999999999576e+00
4.340169999999999639e+00
4.350089999999999790e+00
4.360009999999999941e+00
4.370120000000000005e+00
4.380040000000000155e+00
4.390139999999999709e+00
4.400059999999999860e+00
4.410169999999999924e+00
4.420090000000000074e+00
4.430010000000000225e+00
4.440120000000000289e+00
4.450040000000000440e+00
4.460139999999999993e+00
4.470060000000000144e+00
4.480170000000000208e+00
4.490090000000000359e+00
4.500009999999999621e+00
4.510119999999999685e+00
4.520030000000000214e+00
4.530140000000000278e+00
4.540060000000000429e+00
4.550169999999999604e+00
4.560089999999999755e+00
4.570009999999999906e+00
4.580119999999999969e+00
4.590029999999999610e+00
4.600139999999999674e+00
4.610059999999999825e+00
4.620169999999999888e+00
4.630090000000000039e+00
4.640010000000000190e+00
4.650120000000000253e+00
4.660029999999999895e+00
4.670139999999999958e+00
4.680060000000000109e+00
4.690170000000000172e+00
4.700090000000000323e+00
4.710009999999999586e+00
4.720119999999999649e+00
4.730030000000000179e+00
4.740140000000000242e+00
4.750060000000000393e+00
4.760169999999999568e+00
4.770089999999999719e+00
4.780009999999999870e+00
4.790119999999999933e+00
4.800029999999999575e+00
4.810139999999999638e+00
4.820059999999999789e+00
4.830169999999999852e+00
4.840090000000000003e+00
4.850010000000000154e+00
4.860120000000000218e+00
4.870029999999999859e+00
4.880139999999999922e+00
4.890060000000000073e+00
4.900170000000000137e+00
4.910090000000000288e+00
4.920010000000000439e+00
4.930109999999999992e+00
4.940030000000000143e+00
4.950140000000000207e+00
4.960060000000000358e+00
4.970170000000000421e+00
4.980089999999999684e+00
4.990009999999999835e+00
5.000110000000000277e+00
5.010030000000000427e+00
5.020139999999999603e+00
5.030059999999999754e+00
5.040169999999999817e+00
5.050089999999999968e+00
5.060010000000000119e+00
5.070109999999999673e+00
5.080029999999999824e+00
5.090139999999999887e+00
5.100060000000000038e+00
5.110170000000000101e+00
5.120090000000000252e+00
5.129999999999999893e+00
5.140109999999999957e+00
5.150030000000000108e+00
5.160140000000000171e+00
5.170060000000000322e+00
5.180170000000000385e+00
5.190089999999999648e+00
5.200000000000000178e+00
5.210110000000000241e+00
5.220030000000000392e+00
5.230139999999999567e+00
5.240059999999999718e+00
5.250169999999999781e+00
5.260089999999999932e+00
5.269999999999999574e+00
5.280109999999999637e+00
5.290029999999999788e+00
5.300139999999999851e+00
5.310060000000000002e+00
5.320170000000000066e+00
5.330090000000000217e+00
5.339999999999999858e+00
5.350109999999999921e+00
5.360030000000000072e+00
5.370140000000000136e+00
5.380060000000000286e+00
5.390170000000000350e+00
5.400089999999999613e+00
5.410000000000000142e+00
5.420110000000000205e+00
5.430030000000000356e+00
5.440140000000000420e+00
5.450059999999999683e+00
5.460169999999999746e+00
5.470089999999999897e+00
5.480000000000000426e+00
5.490109999999999602e+00
5.500029999999999752e+00
5.510139999999999816e+00
5.520059999999999967e+00
5.530170000000000030e+00
5.540079999999999671e+00
5.549999999999999822e+00
5.560109999999999886e+00
5.570030000000000037e+00
5.580140000000000100e+00
5.590060000000000251e+00
5.600170000000000314e+00
5.610079999999999956e+00
5.620000000000000107e+00
5.630110000000000170e+00
5.640030000000000321e+00
5.650140000000000384e+00
5.660059999999999647e+00
5.670169999999999710e+00
5.680080000000000240e+00
5.690000000000000391e+00
5.700109999999999566e+00
5.710029999999999717e+00
5.720139999999999780e+00
5.730059999999999931e+00
5.740169999999999995e+00
5.750079999999999636e+00
5.759999999999999787e+00
5.770109999999999850e+00
5.780030000000000001e+00
5.790140000000000065e+00
5.800060000000000215e+00
5.810170000000000279e+00
5.820079999999999920e+00
5.830000000000000071e+00
5.840110000000000134e+00
5.850030000000000285e+00
5.860140000000000349e+00
5.870059999999999611e+00
5.880169999999999675e+00
5.890080000000000204e+00
5.900000000000000355e+00
5.910110000000000419e+00
5.920029999999999681e+00
5.930139999999999745e+00
5.940059999999999896e+00
5.950160000000000338e+00
5.960079999999999600e+00
5.969999999999999751e+00
5.980109999999999815e+00
5.990029999999999966e+00
6.000140000000000029e+00
6.010060000000000180e+00
6.020159999999999734e+00
6.030079999999999885e+00
6.040000000000000036e+00
6.050110000000000099e+00
6.060030000000000250e+00
6.070140000000000313e+00
6.080059999999999576e+00
6.090160000000000018e+00
6.100080000000000169e+00
6.110000000000000320e+00
6.120110000000000383e+00
6.130029999999999646e+00
6.140139999999999709e+00
6.150059999999999860e+00
6.160160000000000302e+00
6.170079999999999565e+00
6.179999999999999716e+00
6.190109999999999779e+00
6.200029999999999930e+00
6.210139999999999993e+00
6.220049999999999635e+00
6.230159999999999698e+00
6.240079999999999849e+00
6.250000000000000000e+00
6.260110000000000063e+00
6.270030000000000214e+00
6.280140000000000278e+00
6.290049999999999919e+00
6.300159999999999982e+00
6.310080000000000133e+00
6.320190000000000197e+00
6.330110000000000348e+00
6.340029999999999610e+00
6.350139999999999674e+00
6.360050000000000203e+00
6.370160000000000267e+00
6.380080000000000418e+00
6.390189999999999593e+00
6.400109999999999744e+00
6.410029999999999895e+00
6.420139999999999958e+00
6.430049999999999599e+00
6.440159999999999663e+00
6.450079999999999814e+00
6.460189999999999877e+00
6.470110000000000028e+00
6.480030000000000179e+00
6.490140000000000242e+00
6.500049999999999883e+00
6.510159999999999947e+00
6.520080000000000098e+00
6.530190000000000161e+00
6.540110000000000312e+00
6.550029999999999575e+00
6.560139999999999638e+00
6.570050000000000168e+00
6.580160000000000231e+00
6.590080000000000382e+00
6.600189999999999557e+00
6.610109999999999708e+00
6.620029999999999859e+00
6.630130000000000301e+00
6.640049999999999564e+00
6.650159999999999627e+00
6.660079999999999778e+00
6.670189999999999841e+00
6.680109999999999992e+00
6.690030000000000143e+00
6.700129999999999697e+00
6.710049999999999848e+00
6.720159999999999911e+00
6.730080000000000062e+00
6.740190000000000126e+00
6.750110000000000277e+00
6.760030000000000427e+00
6.770129999999999981e+00
6.780050000000000132e+00
6.790160000000000196e+00
6.800080000000000346e+00
6.810190000000000410e+00
6.820109999999999673e+00
6.830020000000000202e+00
6.840130000000000265e+00
6.850050000000000416e+00
6.860159999999999592e+00
6.870079999999999742e+00
6.880189999999999806e+00
6.890109999999999957e+00
6.900019999999999598e+00
6.910129999999999661e+00
6.920049999999999812e+00
6.930159999999999876e+00
6.940080000000000027e+00
6.950190000000000090e+00
6.960110000000000241e+00
6.970019999999999882e+00
6.980129999999999946e+00
6.990050000000000097e+00
7.000160000000000160e+00
7.010080000000000311e+00
7.020190000000000374e+00
7.030109999999999637e+00
7.040020000000000167e+00
7.050130000000000230e+00
7.060050000000000381e+00
7.070159999999999556e+00
7.080079999999999707e+00
7.090189999999999770e+00
7.100109999999999921e+00
7.110019999999999563e+00
7.120129999999999626e+00
7.130049999999999777e+00
7.140159999999999840e+00
7.150079999999999991e+00
7.160190000000000055e+00
7.170110000000000205e+00
7.180019999999999847e+00
7.190129999999999910e+00
7.200050000000000061e+00
7.210160000000000124e+00
7.220080000000000275e+00
7.230190000000000339e+00
7.240099999999999980e+00
7.250020000000000131e+00
7.260130000000000194e+00
7.270050000000000345e+00
7.280160000000000409e+00
7.290079999999999671e+00
7.300189999999999735e+00
7.310100000000000264e+00
7.320020000000000415e+00
7.330129999999999590e+00
7.340049999999999741e+00
7.350159999999999805e+00
7.360079999999999956e+00
7.370190000000000019e+00
7.380099999999999660e+00
7.390019999999999811e+00
7.400129999999999875e+00
7.410050000000000026e+00
7.420160000000000089e+00
7.430080000000000240e+00
7.440190000000000303e+00
7.450099999999999945e+00
7.460020000000000095e+00
7.470130000000000159e+00
7.480050000000000310e+00
7.490160000000000373e+00
7.500079999999999636e+00
7.510189999999999699e+00
7.520100000000000229e+00
7.530020000000000380e+00
7.540130000000000443e+00
7.550049999999999706e+00
7.560159999999999769e+00
7.570079999999999920e+00
7.580189999999999984e+00
7.590099999999999625e+00
7.600019999999999776e+00
7.610129999999999839e+00
7.620049999999999990e+00
7.630160000000000053e+00
7.640080000000000204e+00
7.650179999999999758e+00
7.660099999999999909e+00
7.670020000000000060e+00
7.680130000000000123e+00
7.690050000000000274e+00
7.700160000000000338e+00
7.710079999999999600e+00
7.720180000000000042e+00
7.730100000000000193e+00
7.740020000000000344e+00
7.750130000000000408e+00
7.760049999999999670e+00
7.770159999999999734e+00
7.780079999999999885e+00
7.790180000000000327e+00
7.800099999999999589e+00
7.810019999999999740e+00
7.820129999999999804e+00
7.830049999999999955e+00
7.840160000000000018e+00
7.850069999999999659e+00
7.860179999999999723e+00
7.870099999999999874e+00
7.880020000000000024e+00
7.890130000000000088e+00
7.900050000000000239e+00
7.910160000000000302e+00
7.920069999999999943e+00
7.930180000000000007e+00
7.940100000000000158e+00
7.950020000000000309e+00
7.960130000000000372e+00
7.970049999999999635e+00
7.980159999999999698e+00
7.990070000000000228e+00
8.000180000000000291e+00
8.010099999999999554e+00
8.020020000000000593e+00
8.030129999999999768e+00
8.040050000000000807e+00
8.050159999999999982e+00
8.060069999999999624e+00
8.070180000000000575e+00
8.080099999999999838e+00
8.090020000000000877e+00
8.100130000000000052e+00
8.110049999999999315e+00
8.120160000000000267e+00
8.130069999999999908e+00
8.140180000000000859e+00
8.150100000000000122e+00
8.160019999999999385e+00
8.170130000000000337e+00
8.180049999999999599e+00
8.190160000000000551e+00
8.200070000000000192e+00
8.210179999999999367e+00
8.220100000000000406e+00
8.230019999999999669e+00
8.240130000000000621e+00
8.250049999999999883e+00
8.260149999999999437e+00
8.270070000000000476e+00
8.280179999999999652e+00
8.290100000000000691e+00
8.300019999999999953e+00
8.310129999999999129e+00
8.320050000000000168e+00
8.330149999999999721e+00
8.340070000000000761e+00
8.350179999999999936e+00
8.360099999999999199e+00
8.370020000000000238e+00
8.380129999999999413e+00
8.390050000000000452e+00
8.400150000000000006e+00
8.410069999999999268e+00
8.420180000000000220e+00
8.430099999999999483e+00
8.440020000000000522e+00
8.450129999999999697e+00
8.460050000000000736e+00
8.470150000000000290e+00
8.480069999999999553e+00
8.490180000000000504e+00
8.500099999999999767e+00
8.510020000000000806e+00
8.520129999999999981e+00
8.530039999999999623e+00
8.540150000000000574e+00
8.550069999999999837e+00
8.560180000000000788e+00
8.570100000000000051e+00
8.580019999999999314e+00
8.590130000000000265e+00
8.600039999999999907e+00
8.610150000000000858e+00
8.620070000000000121e+00
8.630179999999999296e+00
8.640100000000000335e+00
8.650019999999999598e+00
8.660130000000000550e+00
8.670040000000000191e+00
8.680149999999999366e+00
8.690070000000000405e+00
8.700179999999999580e+00
8.710100000000000620e+00
8.720019999999999882e+00
8.730130000000000834e+00
8.740040000000000475e+00
8.750149999999999650e+00
8.760070000000000690e+00
8.770179999999999865e+00
8.780099999999999127e+00
8.790020000000000167e+00
8.800129999999999342e+00
8.810040000000000759e+00
8.820149999999999935e+00
8.830069999999999197e+00
8.840180000000000149e+00
8.850099999999999412e+00
8.860020000000000451e+00
8.870120000000000005e+00
8.880039999999999267e+00
8.890150000000000219e+00
8.900069999999999482e+00
8.910180000000000433e+00
8.920099999999999696e+00
8.930020000000000735e+00
8.940120000000000289e+00
8.950039999999999552e+00
8.960150000000000503e+00
8.970069999999999766e+00
8.980180000000000717e+00
8.990099999999999980e+00
9.000019999999999243e+00
9.010120000000000573e+00
9.020039999999999836e+00
9.030150000000000787e+00
9.040070000000000050e+00
9.050179999999999225e+00
9.060100000000000264e+00
9.070019999999999527e+00
9.080120000000000857e+00
9.090040000000000120e+00
9.100149999999999295e+00
9.110070000000000334e+00
9.120179999999999509e+00
9.130100000000000549e+00
9.140010000000000190e+00
9.150119999999999365e+00
9.160040000000000404e+00
9.170149999999999579e+00
9.180070000000000618e+00
9.190179999999999794e+00
9.200100000000000833e+00
9.210010000000000474e+00
9.220119999999999649e+00
9.230040000000000688e+00
9.240149999999999864e+00
9.250069999999999126e+00
9.260180000000000078e+00
9.270099999999999341e+00
9.280010000000000758e+00
9.290119999999999933e+00
9.300039999999999196e+00
9.310150000000000148e+00
9.320069999999999411e+00
9.330180000000000362e+00
9.340099999999999625e+00
9.350009999999999266e+00
9.360120000000000218e+00
9.370039999999999480e+00
9.380150000000000432e+00
9.390069999999999695e+00
9.400180000000000646e+00
9.410099999999999909e+00
9.420009999999999550e+00
9.430120000000000502e+00
9.440039999999999765e+00
9.450150000000000716e+00
9.460069999999999979e+00
9.470179999999999154e+00
9.480100000000000193e+00
9.490009999999999835e+00
9.500120000000000786e+00
9.510040000000000049e+00
9.520149999999999224e+00
9.530070000000000263e+00
9.540179999999999438e+00
9.550090000000000856e+00
9.560010000000000119e+00
9.570119999999999294e+00
9.580040000000000333e+00
9.590149999999999508e+00
9.600070000000000547e+00
9.610179999999999723e+00
9.620089999999999364e+00
9.630010000000000403e+00
9.640119999999999578e+00
9.650040000000000617e+00
9.660149999999999793e+00
9.670070000000000832e+00
9.680180000000000007e+00
9.690089999999999648e+00
9.700010000000000687e+00
9.710119999999999862e+00
9.720039999999999125e+00
9.730150000000000077e+00
9.740069999999999339e+00
9.750180000000000291e+00
9.760089999999999932e+00
9.770009999999999195e+00
9.780120000000000147e+00
9.790039999999999409e+00
9.800150000000000361e+00
9.810069999999999624e+00
9.820180000000000575e+00
9.830090000000000217e+00
9.840009999999999479e+00
9.850120000000000431e+00
9.860039999999999694e+00
9.870150000000000645e+00
9.880069999999999908e+00
9.890180000000000859e+00
9.900090000000000501e+00
9.910009999999999764e+00
9.920120000000000715e+00
9.930039999999999978e+00
9.940149999999999153e+00
9.950070000000000192e+00
9.960169999999999746e+00
9.970090000000000785e+00
9.980010000000000048e+00
9.990119999999999223e+00
1.000000000000000000e+01
1.001009999999999955e+01
1.002009999999999934e+01
1.003020000000000067e+01
1.004010000000000069e+01
1.005000000000000071e+01
1.006010000000000026e+01
1.007000000000000028e+01
1.008009999999999984e+01
1.009009999999999962e+01
1.010019999999999918e+01
1.011009999999999920e+01
1.011999999999999922e+01
1.013010000000000055e+01
1.014000000000000057e+01
1.015010000000000012e+01
1.016009999999999991e+01
1.017019999999999946e+01
1.018009999999999948e+01
1.018999999999999950e+01
1.020010000000000083e+01
1.021000000000000085e+01
1.022010000000000041e+01
1.023010000000000019e+01
1.024019999999999975e+01
1.025009999999999977e+01
1.025999999999999979e+01
1.027009999999999934e+01
1.027999999999999936e+01
1.029010000000000069e+01
1.030010000000000048e+01
1.031020000000000003e+01
1.032010000000000005e+01
1.033000000000000007e+01
1.034009999999999962e+01
1.034999999999999964e+01
1.036009999999999920e+01
1.037010000000000076e+01
1.038020000000000032e+01
1.039010000000000034e+01
1.040000000000000036e+01
1.041009999999999991e+01
1.041999999999999993e+01
1.043009999999999948e+01
1.044009999999999927e+01
1.045020000000000060e+01
1.046010000000000062e+01
1.047000000000000064e+01
1.048010000000000019e+01
1.049000000000000021e+01
1.050009999999999977e+01
1.051009999999999955e+01
1.052020000000000088e+01
1.053009999999999913e+01
1.053999999999999915e+01
1.055010000000000048e+01
1.056000000000000050e+01
1.057010000000000005e+01
1.058009999999999984e+01
1.059019999999999939e+01
1.060009999999999941e+01
1.060999999999999943e+01
1.062010000000000076e+01
1.063000000000000078e+01
1.064010000000000034e+01
1.065010000000000012e+01
1.066019999999999968e+01
1.067009999999999970e+01
1.067999999999999972e+01
1.069009999999999927e+01
1.069999999999999929e+01
1.071010000000000062e+01
1.072010000000000041e+01
1.073019999999999996e+01
1.074009999999999998e+01
1.075000000000000000e+01
1.076009999999999955e+01
1.076999999999999957e+01
1.078009999999999913e+01
1.079010000000000069e+01
1.080020000000000024e+01
1.081010000000000026e+01
1.082000000000000028e+01
1.083009999999999984e+01
1.083999999999999986e+01
1.085009999999999941e+01
1.086009999999999920e+01
1.087020000000000053e+01
1.088010000000000055e+01
1.089000000000000057e+01
1.090010000000000012e+01
1.091000000000000014e+01
1.092009999999999970e+01
1.093009999999999948e+01
1.094020000000000081e+01
1.095010000000000083e+01
1.096000000000000085e+01
1.097010000000000041e+01
1.098000000000000043e+01
1.099009999999999998e+01
1.100009999999999977e+01
1.101019999999999932e+01
1.102009999999999934e+01
1.102999999999999936e+01
1.104010000000000069e+01
1.105000000000000071e+01
1.106010000000000026e+01
1.107010000000000005e+01
1.108019999999999960e+01
1.109009999999999962e+01
1.109999999999999964e+01
1.111009999999999920e+01
1.111999999999999922e+01
1.113010000000000055e+01
1.114010000000000034e+01
1.115019999999999989e+01
1.116009999999999991e+01
1.116999999999999993e+01
1.118009999999999948e+01
1.118999999999999950e+01
1.120010000000000083e+01
1.121010000000000062e+01
1.122020000000000017e+01
1.123010000000000019e+01
1.124000000000000021e+01
1.125009999999999977e+01
1.125999999999999979e+01
1.127009999999999934e+01
1.128009999999999913e+01
1.129020000000000046e+01
1.130010000000000048e+01
1.131000000000000050e+01
1.132010000000000005e+01
1.133000000000000007e+01
1.134009999999999962e+01
1.135009999999999941e+01
1.136020000000000074e+01
1.137010000000000076e+01
1.138000000000000078e+01
1.139010000000000034e+01
1.140000000000000036e+01
1.141009999999999991e+01
1.142009999999999970e+01
1.143019999999999925e+01
1.144009999999999927e+01
1.144999999999999929e+01
1.146010000000000062e+01
1.147000000000000064e+01
1.148010000000000019e+01
1.149009999999999998e+01
1.150019999999999953e+01
1.151009999999999955e+01
1.151999999999999957e+01
1.153009999999999913e+01
1.153999999999999915e+01
1.155010000000000048e+01
1.156010000000000026e+01
1.157019999999999982e+01
1.158009999999999984e+01
1.158999999999999986e+01
1.160009999999999941e+01
1.160999999999999943e+01
1.162010000000000076e+01
1.163010000000000055e+01
1.164020000000000010e+01
1.165010000000000012e+01
1.166000000000000014e+01
1.167009999999999970e+01
1.167999999999999972e+01
1.169009999999999927e+01
1.170010000000000083e+01
1.171020000000000039e+01
1.172010000000000041e+01
1.173000000000000043e+01
1.174009999999999998e+01
1.175000000000000000e+01
1.176009999999999955e+01
1.177009999999999934e+01
1.178020000000000067e+01
1.179010000000000069e+01
1.180000000000000071e+01
1.181010000000000026e+01
1.182000000000000028e+01
1.183009999999999984e+01
1.184009999999999962e+01
1.185019999999999918e+01
1.186009999999999920e+01
1.186999999999999922e+01
1.188010000000000055e+01
1.189000000000000057e+01
1.190010000000000012e+01
1.191009999999999991e+01
1.192019999999999946e+01
1.193009999999999948e+01
1.193999999999999950e+01
1.195010000000000083e+01
1.196000000000000085e+01
1.197010000000000041e+01
1.198010000000000019e+01
1.199019999999999975e+01
1.200009999999999977e+01
1.200999999999999979e+01
1.202009999999999934e+01
1.202999999999999936e+01
1.204010000000000069e+01
1.205010000000000048e+01
1.206020000000000003e+01
1.207010000000000005e+01
1.208000000000000007e+01
1.209009999999999962e+01
1.209999999999999964e+01
1.211009999999999920e+01
1.212010000000000076e+01
1.213020000000000032e+01
1.214010000000000034e+01
1.215000000000000036e+01
1.216009999999999991e+01
1.216999999999999993e+01
1.218009999999999948e+01
1.219009999999999927e+01
1.220020000000000060e+01
1.221010000000000062e+01
1.222000000000000064e+01
1.223010000000000019e+01
1.224000000000000021e+01
1.225009999999999977e+01
1.226009999999999955e+01
1.227020000000000088e+01
1.228009999999999913e+01
1.228999999999999915e+01
1.230010000000000048e+01
1.231000000000000050e+01
1.232010000000000005e+01
1.233009999999999984e+01
1.234019999999999939e+01
1.235009999999999941e+01
1.235999999999999943e+01
1.237010000000000076e+01
1.238000000000000078e+01
1.239010000000000034e+01
1.240010000000000012e+01
1.241019999999999968e+01
1.242009999999999970e+01
1.242999999999999972e+01
1.244009999999999927e+01
1.244999999999999929e+01
1.246010000000000062e+01
1.247010000000000041e+01
1.248019999999999996e+01
1.249009999999999998e+01
1.250000000000000000e+01
1.251009999999999955e+01
1.251999999999999957e+01
1.253009999999999913e+01
1.254010000000000069e+01
1.255020000000000024e+01
1.256010000000000026e+01
1.257019999999999982e+01
1.258009999999999984e+01
1.258999999999999986e+01
1.260009999999999941e+01
1.261009999999999920e+01
1.262020000000000053e+01
1.263010000000000055e+01
1.264020000000000010e+01
1.265010000000000012e+01
1.266000000000000014e+01
1.267009999999999970e+01
1.268009999999999948e+01
1.269020000000000081e+01
1.270010000000000083e+01
1.271020000000000039e+01
1.272010000000000041e+01
1.273000000000000043e+01
1.274009999999999998e+01
1.275009999999999977e+01
1.276019999999999932e+01
1.277009999999999934e+01
1.278020000000000067e+01
1.279010000000000069e+01
1.280000000000000071e+01
1.281010000000000026e+01
1.282010000000000005e+01
1.283019999999999960e+01
1.284009999999999962e+01
1.285019999999999918e+01
1.286009999999999920e+01
1.286999999999999922e+01
1.288010000000000055e+01
1.289010000000000034e+01
1.290019999999999989e+01
1.291009999999999991e+01
1.292019999999999946e+01
1.293009999999999948e+01
1.293999999999999950e+01
1.295010000000000083e+01
1.296010000000000062e+01
1.297020000000000017e+01
1.298010000000000019e+01
1.299019999999999975e+01
1.300009999999999977e+01
1.300999999999999979e+01
1.302009999999999934e+01
1.303009999999999913e+01
1.304020000000000046e+01
1.305010000000000048e+01
1.306020000000000003e+01
1.307010000000000005e+01
1.308000000000000007e+01
1.309009999999999962e+01
1.310009999999999941e+01
1.311020000000000074e+01
1.312010000000000076e+01
1.313020000000000032e+01
1.314010000000000034e+01
1.315000000000000036e+01
1.316009999999999991e+01
1.317009999999999970e+01
1.318019999999999925e+01
1.319009999999999927e+01
1.320020000000000060e+01
1.321010000000000062e+01
1.322000000000000064e+01
1.323010000000000019e+01
1.324009999999999998e+01
1.325019999999999953e+01
1.326009999999999955e+01
1.327020000000000088e+01
1.328009999999999913e+01
1.328999999999999915e+01
1.330010000000000048e+01
1.331010000000000026e+01
1.332019999999999982e+01
1.333009999999999984e+01
1.334019999999999939e+01
1.335009999999999941e+01
1.335999999999999943e+01
1.337010000000000076e+01
1.338010000000000055e+01
1.339020000000000010e+01
1.340010000000000012e+01
1.341019999999999968e+01
1.342009999999999970e+01
1.342999999999999972e+01
1.344009999999999927e+01
1.345010000000000083e+01
1.346020000000000039e+01
1.347010000000000041e+01
1.348019999999999996e+01
1.349009999999999998e+01
1.350000000000000000e+01
1.351009999999999955e+01
1.352009999999999934e+01
1.353020000000000067e+01
1.354010000000000069e+01
1.355020000000000024e+01
1.356010000000000026e+01
1.357000000000000028e+01
1.358009999999999984e+01
1.359009999999999962e+01
1.360019999999999918e+01
1.361009999999999920e+01
1.362020000000000053e+01
1.363010000000000055e+01
1.364000000000000057e+01
1.365010000000000012e+01
1.366000000000000014e+01
1.367019999999999946e+01
1.368009999999999948e+01
1.369020000000000081e+01
1.370010000000000083e+01
1.371000000000000085e+01
1.372010000000000041e+01
1.373000000000000043e+01
1.374019999999999975e+01
1.375009999999999977e+01
1.376019999999999932e+01
1.377009999999999934e+01
1.377999999999999936e+01
1.379010000000000069e+01
1.380000000000000071e+01
1.381020000000000003e+01
1.382010000000000005e+01
1.383019999999999960e+01
1.384009999999999962e+01
1.384999999999999964e+01
1.386009999999999920e+01
1.386999999999999922e+01
1.388020000000000032e+01
1.389010000000000034e+01
1.390019999999999989e+01
1.391009999999999991e+01
1.391999999999999993e+01
1.393009999999999948e+01
1.393999999999999950e+01
1.395020000000000060e+01
1.396010000000000062e+01
1.397020000000000017e+01
1.398010000000000019e+01
1.399000000000000021e+01
1.400009999999999977e+01
1.400999999999999979e+01
1.402020000000000088e+01
1.403009999999999913e+01
1.404020000000000046e+01
1.405010000000000048e+01
1.406000000000000050e+01
1.407010000000000005e+01
1.408000000000000007e+01
1.409019999999999939e+01
1.410009999999999941e+01
1.411020000000000074e+01
1.412010000000000076e+01
1.413000000000000078e+01
1.414010000000000034e+01
1.415000000000000036e+01
1.416019999999999968e+01
1.417009999999999970e+01
1.418019999999999925e+01
1.419009999999999927e+01
1.419999999999999929e+01
1.421010000000000062e+01
1.422000000000000064e+01
1.423019999999999996e+01
1.424009999999999998e+01
1.425019999999999953e+01
1.426009999999999955e+01
1.426999999999999957e+01
1.428009999999999913e+01
1.428999999999999915e+01
1.430020000000000024e+01
1.431010000000000026e+01
1.432019999999999982e+01
1.433009999999999984e+01
1.433999999999999986e+01
1.435009999999999941e+01
1.435999999999999943e+01
1.437020000000000053e+01
1.438010000000000055e+01
1.439020000000000010e+01
1.440010000000000012e+01
1.441000000000000014e+01
1.442009999999999970e+01
1.442999999999999972e+01
1.444020000000000081e+01
1.445010000000000083e+01
1.446020000000000039e+01
1.447010000000000041e+01
1.448000000000000043e+01
1.449009999999999998e+01
1.450000000000000000e+01
1.451019999999999932e+01
1.452009999999999934e+01
1.453020000000000067e+01
1.454010000000000069e+01
1.455000000000000071e+01
1.456010000000000026e+01
1.457000000000000028e+01
1.458019999999999960e+01
1.459009999999999962e+01
1.460019999999999918e+01
1.461009999999999920e+01
1.461999999999999922e+01
1.463010000000000055e+01
1.464000000000000057e+01
1.465019999999999989e+01
1.466009999999999991e+01
1.467019999999999946e+01
1.468009999999999948e+01
1.468999999999999950e+01
1.470010000000000083e+01
1.471000000000000085e+01
1.472020000000000017e+01
1.473010000000000019e+01
1.474019999999999975e+01
1.475009999999999977e+01
1.475999999999999979e+01
1.477009999999999934e+01
1.477999999999999936e+01
1.479020000000000046e+01
1.480010000000000048e+01
1.481020000000000003e+01
1.482010000000000005e+01
1.483000000000000007e+01
1.484009999999999962e+01
1.484999999999999964e+01
1.486020000000000074e+01
1.487010000000000076e+01
1.488020000000000032e+01
1.489010000000000034e+01
1.490000000000000036e+01
1.491009999999999991e+01
1.491999999999999993e+01
1.493019999999999925e+01
1.494009999999999927e+01
1.495020000000000060e+01
1.496010000000000062e+01
1.497000000000000064e+01
1.498010000000000019e+01
1.499000000000000021e+01
1.500000000000000000e+01
