8.944492583395913243e-05
8.849571895552799106e-05
8.757158502703532577e-05
8.666503708809614182e-05
8.579688437748700380e-05
8.494088979205116630e-05
8.414604235440492630e-05
8.337305189343169332e-05
8.265620999736711383e-05
8.198527211789041758e-05
8.135515963658690453e-05
8.078276732703670859e-05
8.024643466342240572e-05
7.977138011483475566e-05
7.933815504657104611e-05
7.895425369497388601e-05
7.860928599257022142e-05
7.830655522411689162e-05
7.804121560184285045e-05
7.779748557368293405e-05
7.759300933685153723e-05
7.740259025013074279e-05
7.722795271547511220e-05
7.707257464062422514e-05
7.691180508118122816e-05
7.676177483517676592e-05
7.659898255951702595e-05
7.643371645826846361e-05
7.624796853633597493e-05
7.605161954415962100e-05
7.582791295135393739e-05
7.558345532743260264e-05
7.530716538894921541e-05
7.500378706026822329e-05
7.466928946087136865e-05
7.429530523950234056e-05
7.389799429802224040e-05
7.346053462242707610e-05
7.298857235582545400e-05
7.248852489283308387e-05
7.194544741651043296e-05
7.138845103327184916e-05
7.078590715536847711e-05
7.017685129540041089e-05
6.954376294743269682e-05
6.887720519443973899e-05
6.821533315815031528e-05
6.752181798219680786e-05
6.684202526230365038e-05
6.613810546696186066e-05
6.545682845171540976e-05
6.477221177192404866e-05
6.409316119970753789e-05
6.343501445371657610e-05
6.278289220063015819e-05
6.216729525476694107e-05
6.156092422315850854e-05
6.099484016885980964e-05
6.046213820809498429e-05
5.995090759824961424e-05
5.947997851762920618e-05
5.903809142182581127e-05
5.864188278792425990e-05
5.827089989907108247e-05
5.793734089820645750e-05
5.764331945101730525e-05
5.737238825531676412e-05
5.713215432479046285e-05
5.691682235919870436e-05
5.673016130458563566e-05
5.655585846398025751e-05
5.640380550175905228e-05
5.626437268801964819e-05
5.612651511910371482e-05
5.600399526883848011e-05
5.587383202509954572e-05
5.574847091338597238e-05
5.561092984862625599e-05
5.547004548134282231e-05
5.531321585294790566e-05
5.514353688340634108e-05
5.495315417647361755e-05
5.474780118674971163e-05
5.451896140584722161e-05
5.426704228739254177e-05
5.399505243985913694e-05
5.369683276512660086e-05
5.337432958185672760e-05
5.302831414155662060e-05
5.265613071969710290e-05
5.226730354479514062e-05
5.184713882044889033e-05
5.142038935446180403e-05
5.097160101286135614e-05
5.050186155131086707e-05
5.002787293051369488e-05
4.953143070451915264e-05
4.904133675154298544e-05
4.853173595620319247e-05
4.803504998562857509e-05
4.753478424390777946e-05
4.703334343503229320e-05
4.654667645809240639e-05
4.606016591424122453e-05
4.559951048577204347e-05
4.514277316047810018e-05
4.471396459848619998e-05
4.430746412253938615e-05
4.391571565065532923e-05
4.355325290816836059e-05
4.321144297136925161e-05
4.290353535907343030e-05
4.261439607944339514e-05
4.235448432154953480e-05
4.212351268506608903e-05
4.191210973658598959e-05
4.172575063421390951e-05
4.155743590672500432e-05
4.141538738622330129e-05
4.128543514525517821e-05
4.117098069400526583e-05
4.107300992473028600e-05
4.097916826140135527e-05
4.089506182936020195e-05
4.081385486642830074e-05
4.073256059200502932e-05
4.065216489834710956e-05
4.056436227983795106e-05
4.047529728268273175e-05
4.037053076899610460e-05
4.026126771350391209e-05
4.013351644971407950e-05
3.999582622782327235e-05
3.983920396422035992e-05
3.966691656387411058e-05
3.948138692067004740e-05
3.927033685613423586e-05
3.904762706952169538e-05
3.880199074046686292e-05
3.854067108477465808e-05
3.826196552836336195e-05
3.796895907726138830e-05
3.766215013456530869e-05
3.733673293027095497e-05
3.700263187056407332e-05
3.665524855023249984e-05
3.630439823609776795e-05
3.594023291952908039e-05
3.557899253792129457e-05
3.521436156006529927e-05
3.484381522866897285e-05
3.448185816523618996e-05
3.411665238672867417e-05
3.376686800038442016e-05
3.341612318763509393e-05
3.308572195237502456e-05
3.276632560300640762e-05
3.245429252274334431e-05
3.216502955183386803e-05
3.188836853951215744e-05
3.163330984534695745e-05
3.139067484880797565e-05
3.117382584605365992e-05
3.097473017987795174e-05
3.078883673879317939e-05
3.062398900510743260e-05
3.047502832487225533e-05
3.034296423720661551e-05
3.022125929419416934e-05
3.011806984432041645e-05
3.002394441864453256e-05
2.993555608554743230e-05
2.985992796311620623e-05
2.978529300889931619e-05
2.971634239656850696e-05
2.964754821732640266e-05
2.957803735625930130e-05
2.950805537693668157e-05
2.943015351775102317e-05
2.935017073468770832e-05
2.925908120232634246e-05
2.916246739914640784e-05
2.905326437030453235e-05
2.893472628784365952e-05
2.880650936276651919e-05
2.866040449589490891e-05
2.850813325494527817e-05
2.833778125932440162e-05
2.815821426338516176e-05
2.796374974423088133e-05
2.775848224700894207e-05
2.754524939518887550e-05
2.731534186750650406e-05
2.708013744268100709e-05
2.683312959561590105e-05
2.658202902239281684e-05
2.632229734444990754e-05
2.606138696137350053e-05
2.579864667495712638e-05
2.552842670411337167e-05
2.526482785469852388e-05
2.499600850569549948e-05
2.473857603035867214e-05
2.447899532853625715e-05
2.423230944259557873e-05
2.399358345428481698e-05
2.375861549808178097e-05
2.354019852646160871e-05
2.332986514375079423e-05
2.313581717316992581e-05
2.295058402523864061e-05
2.278373722219839692e-05
2.263103124278131872e-05
2.248857890663202852e-05
2.236103864561300725e-05
2.224727359134703875e-05
2.214726191596128047e-05
2.205614146078005433e-05
2.197776848333887756e-05
2.190995292039588094e-05
2.184768709412310272e-05
2.179390685341786593e-05
2.174547080358024687e-05
2.169991785194724798e-05
2.165838122891727835e-05
2.161719748983159661e-05
2.157609742425847799e-05
2.153213608835358173e-05
2.148573003069031984e-05
2.143406527466140687e-05
2.137798401236068457e-05
2.131354085577186197e-05
2.124412458215374500e-05
2.116449104505591094e-05
2.107739419443532825e-05
2.098088043567258865e-05
2.087337452394422144e-05
2.075890733976848423e-05
2.063030296994838864e-05
2.049767681455705315e-05
2.035431680269539356e-05
2.019902058236766607e-05
2.003986992349382490e-05
1.986801908060442656e-05
1.969477671082131565e-05
1.951145532075315714e-05
1.932595660036895424e-05
1.913869346026331186e-05
1.894263732538092881e-05
1.875107955129351467e-05
1.855276423157192767e-05
1.836153569456655532e-05
1.816635267459787428e-05
1.797942968551069498e-05
1.779578633431810886e-05
1.761358907970134169e-05
1.744247310853097588e-05
1.727421295072417706e-05
1.711681034066714346e-05
1.696666549833025783e-05
1.682846595940645784e-05
1.669869561737868935e-05
1.657643224461935461e-05
1.646754390094429255e-05
1.636560955375898629e-05
1.627395795367192477e-05
1.619107933947816491e-05
1.611815241631120443e-05
1.605185570952016860e-05
1.599193274159915745e-05
1.593994784343522042e-05
1.589098428667057306e-05
1.584782512509264052e-05
1.580712523718830198e-05
1.576792419655248523e-05
1.573181179992388934e-05
1.569306732562836260e-05
1.565566162753384560e-05
1.561407407280057669e-05
1.557172618049662560e-05
1.552337380417156965e-05
1.547316242067608982e-05
1.541618621558882296e-05
1.535435512778349221e-05
1.528641405457165092e-05
1.521123795100720599e-05
1.513111419626511633e-05
1.504147985542658716e-05
1.494872321927687153e-05
1.484802760387538001e-05
1.473954489483730868e-05
1.462718955735908821e-05
1.450578656658763066e-05
1.438329218217404559e-05
1.425240770913660526e-05
1.412064830219605938e-05
1.398599033564096317e-05
1.384520419378532097e-05
1.370662084809737280e-05
1.356315351586090401e-05
1.342349150945665315e-05
1.328112739429343492e-05
1.314344717684434727e-05
1.300842086493503302e-05
1.287316354137146845e-05
1.274631358683109283e-05
1.262106070498703048e-05
1.250337845704052597e-05
1.239033372257836163e-05
1.228651672136038542e-05
1.218904344568727538e-05
1.209666152135469019e-05
1.201432951347669587e-05
1.193786101794103161e-05
1.186963436339283362e-05
1.180681374535197392e-05
1.175331635749898851e-05
1.170551058748969808e-05
1.166213496617274359e-05
1.162543685495620593e-05
1.159282419394003227e-05
1.156381767941638827e-05
1.153824177890783176e-05
1.151538617705227807e-05
1.149326908489456400e-05
1.147270631918217987e-05
1.145112855738261715e-05
1.142976179835386574e-05
1.140601216320646927e-05
1.138079460361041129e-05
1.135192451329203323e-05
1.132127454184228554e-05
1.128474832512438297e-05
1.124577102018520236e-05
1.120076012739446014e-05
1.115163559006759897e-05
1.109718232328305021e-05
1.103763406717916951e-05
1.097397489502327517e-05
1.090350087906699628e-05
1.082887592929182574e-05
1.074915417120791972e-05
1.066550157702295110e-05
1.057654026226373389e-05
1.048553076543612406e-05
1.039067774399882182e-05
1.029221039061667398e-05
1.019282808556454256e-05
1.008996150630991906e-05
9.987936209654435515e-06
9.883392522169742733e-06
9.780948857951443642e-06
9.679392860562074929e-06
9.576862794347107410e-06
9.479041182203218341e-06
9.381095878779888153e-06
9.288743967772461474e-06
9.198187399306334555e-06
9.113096893997862935e-06
9.032534762809518725e-06
8.955825251177884638e-06
8.885175702744163573e-06
8.817989510134793818e-06
8.757781870372127742e-06
8.701669685251545161e-06
8.651197276776656508e-06
8.605366929259616882e-06
8.563963092456106097e-06
8.527117643097881228e-06
8.492971574014518410e-06
8.463860467600170523e-06
8.436602911388035864e-06
8.411735507252160460e-06
8.389668437303043902e-06
8.367622285732068121e-06
8.347210496140178293e-06
8.326362149091437459e-06
8.305444680445361882e-06
8.283500392280984670e-06
8.260285540018230677e-06
8.235587301896885037e-06
8.208039616874884814e-06
8.178430107363965362e-06
8.145632818923331797e-06
8.109728696581441909e-06
8.070776857493910939e-06
8.028313459362834692e-06
7.982947863638401031e-06
7.932955668366048485e-06
7.880089469836093485e-06
7.823512532922904938e-06
7.764028850942850113e-06
7.700949936406686902e-06
7.635992005816660821e-06
7.568349701614351943e-06
7.497833848901791498e-06
7.426325282722245902e-06
7.352521151915425435e-06
7.278661087184445933e-06
7.203200311778346077e-06
7.128564902814105153e-06
7.054845355014549568e-06
6.979764293646439910e-06
6.908239811309613287e-06
6.836531611043028533e-06
6.768217190256109461e-06
6.701617621729383245e-06
6.638822469540173188e-06
6.579120963579043746e-06
6.522222065541427583e-06
6.470235348388087004e-06
6.420867975975852460e-06
6.376081728376448154e-06
6.335025318549014628e-06
6.298673724813852459e-06
6.265717274800408632e-06
6.235714863578323275e-06
6.210407264006789774e-06
6.187525741552235559e-06
6.167578249005600810e-06
6.150338322186144069e-06
6.135543117125052959e-06
6.121944352344144136e-06
6.110224603617098182e-06
6.099244274082593620e-06
6.088504051149357110e-06
6.078364094719290733e-06
6.067162757972255349e-06
6.056123311282135546e-06
6.043411758582806215e-06
6.029545147612225264e-06
6.013832717144396156e-06
5.996033451083349064e-06
5.976324700895929709e-06
5.953516392764868215e-06
5.929092367296107113e-06
5.901516033191001043e-06
5.871007033420028165e-06
5.838271590619115159e-06
5.801660336146596819e-06
5.763790795754175633e-06
5.722029527532868087e-06
5.678743491444038227e-06
5.633421096717938781e-06
5.584561222349293530e-06
5.535435320780379698e-06
5.483467248268425465e-06
5.430976671050302684e-06
5.376974968385184184e-06
5.322605829860549420e-06
5.268623226584168151e-06
5.212784799368819222e-06
5.158971816854318604e-06
5.104172032588394359e-06
5.051678272138815373e-06
4.999297743779607117e-06
4.949187314196024090e-06
4.901362899545347318e-06
4.854374765272950754e-06
4.810451173398178071e-06
4.768518920172937214e-06
4.729984539153520018e-06
4.693167738878400996e-06
4.659658770833630115e-06
4.629251179721904919e-06
4.600729425874305889e-06
4.575005732476711273e-06
4.551727670332184061e-06
4.531089871306903660e-06
4.511910901783267036e-06
4.495119355851784348e-06
4.480026746023213491e-06
4.465650363272288814e-06
4.452986559044802561e-06
4.440692919160937890e-06
4.428948159329593182e-06
4.417510353960096836e-06
4.405686922837048769e-06
4.394124971440760419e-06
4.381048711366020143e-06
4.368017016531666741e-06
4.352993528300430626e-06
4.337559403211344033e-06
4.319897470850264654e-06
4.301280114304972813e-06
4.280898792785592377e-06
4.258151875546900555e-06
4.234377229295205325e-06
4.207792244415031746e-06
4.180384621577104554e-06
4.150349923293106258e-06
4.119155164516996592e-06
4.086606622877297923e-06
4.051473297295160592e-06
4.016196726297494024e-06
3.978764652856625617e-06
3.941045633837347850e-06
3.902035587088903412e-06
3.862890480377245694e-06
3.823757651844061911e-06
3.783452712013968267e-06
3.744279410966555588e-06
3.704631126311141998e-06
3.666273869384895079e-06
3.628310651038191281e-06
3.591881522879702970e-06
3.556933961590402760e-06
3.522889073792612180e-06
3.491112920528394170e-06
3.460516381892375648e-06
3.432655148571939208e-06
3.406379164516692981e-06
3.382582917765830643e-06
3.360735945534543134e-06
3.340909188409568742e-06
3.323511236885678954e-06
3.307636688987258822e-06
3.293804866189020686e-06
3.281859335402259603e-06
3.271583182140602730e-06
3.262456630181986839e-06
3.254729335822048597e-06
3.248040002290508710e-06
3.241754257032880560e-06
3.236572865716880187e-06
3.231312348361825570e-06
3.226355147489812225e-06
3.221241286155418493e-06
3.215675633327919059e-06
3.209732994946534745e-06
3.202916104783071205e-06
3.195324779881048016e-06
3.186647745678783394e-06
3.176723112119361758e-06
3.165925136272562668e-06
3.153207217110320926e-06
3.139502950944006443e-06
3.124033582935226150e-06
3.107110615019337274e-06
3.088817265961552039e-06
3.069110334763536230e-06
3.048010057682404295e-06
3.025335900019854307e-06
3.001569666594150476e-06
2.976392806885996833e-06
2.950567477455479093e-06
2.923201464000158012e-06
2.895869101848802529e-06
2.867749344659387134e-06
2.838711679942207411e-06
2.809895022437558509e-06
2.780428303594817407e-06
2.751546844592667185e-06
2.722430508583784103e-06
2.694107251954847015e-06
2.666610271262470633e-06
2.639088961586821824e-06
2.613147898955503479e-06
2.587717972346581519e-06
2.563824637036304921e-06
2.540763262004475109e-06
2.519652753107948229e-06
2.499767333574709482e-06
2.480825514794560149e-06
2.463876626279670745e-06
2.447976385155925527e-06
2.433605004625860602e-06
2.420330929453484714e-06
2.408675982223940082e-06
2.397969183220993727e-06
2.388071379755274393e-06
2.379452553213923238e-06
2.371246637267176993e-06
2.363834937568753958e-06
2.356840013817418367e-06
2.350029717490542680e-06
2.343719188502291217e-06
2.337009846087312326e-06
2.330470806555240415e-06
2.323362195966183208e-06
2.316108520972193219e-06
2.308035845999256708e-06
2.299643711012322456e-06
2.290286829520482570e-06
2.280270336996181868e-06
2.269314791192300618e-06
2.257409050798742101e-06
2.244699317088816315e-06
2.230741529274382629e-06
2.216209850303130224e-06
2.200551762143732049e-06
2.183938477173796855e-06
2.166628519262303598e-06
2.148215799024910666e-06
2.129483164026169106e-06
2.109614570144913159e-06
2.089829195028869435e-06
2.069457877951208502e-06
2.048487203865079209e-06
2.027606569754425436e-06
2.006380782404448837e-06
1.985440349017153494e-06
1.964518787644919939e-06
1.944125870068091899e-06
1.924298885569442064e-06
1.904654368445335422e-06
1.885941060209006537e-06
1.867838363978080451e-06
1.850963144534034654e-06
1.834759018493059557e-06
1.819817043724469841e-06
1.806065256459987722e-06
1.793224441826168913e-06
1.781713422133179847e-06
1.771074153111840133e-06
1.761837665981147438e-06
1.753552055561158340e-06
1.746382167766569182e-06
1.740058678478817455e-06
1.734713009682309348e-06
1.730176791170379147e-06
1.726128971313301008e-06
1.722850925034435932e-06
1.719929173304990400e-06
1.717246504995273426e-06
1.714996869850438088e-06
1.712591370051086415e-06
1.710321839709649794e-06
1.707752630863978993e-06
1.705044041955261491e-06
1.701833184597489890e-06
1.698327423582668416e-06
1.694055640655278694e-06
1.689453029030119069e-06
1.684023231973696966e-06
1.677856744208838791e-06
1.671028712735278532e-06
1.663155899223056622e-06
1.654834477449185215e-06
1.645395855121023487e-06
1.635355488360801246e-06
1.624633910068951081e-06
1.612809910511714406e-06
1.600631776454974897e-06
1.587535848557308782e-06
1.573971303514554165e-06
1.559834686304384377e-06
1.545404870739730541e-06
1.530588065179472324e-06
1.515317649136704858e-06
1.499968448115396313e-06
1.484421659370127600e-06
1.468956043026992120e-06
1.453468257750500925e-06
1.438294020772445947e-06
1.423483581675100140e-06
1.408690650350763462e-06
1.394556079503672663e-06
1.380775529469246976e-06
1.367736331303603947e-06
1.355070708086714149e-06
1.343432131761801429e-06
1.332460442426963709e-06
1.321949071098060813e-06
1.312425411015283316e-06
1.303502699556702282e-06
1.295406264034681953e-06
1.287808117922395468e-06
1.281160166399786249e-06
1.275015620194608346e-06
1.269251697522122413e-06
1.264248567167669535e-06
1.259478040083195083e-06
1.255105416930746287e-06
1.251030994353641290e-06
1.247098111889499705e-06
1.243388169314130209e-06
1.239563857780012768e-06
1.235788204212440178e-06
1.231819737768091727e-06
1.227719394591986202e-06
1.223305162056931295e-06
1.218652755596849602e-06
1.213625409945962019e-06
1.208150024467613548e-06
1.202238308906089514e-06
1.195889922200876754e-06
1.189041427096526604e-06
1.181683387585508171e-06
1.173894816020037979e-06
1.165627622867759783e-06
1.156787106992851477e-06
1.147549255620106123e-06
1.137875983658886980e-06
1.127894279306929093e-06
1.117443503062531818e-06
1.106916784010536503e-06
1.096101527764403727e-06
1.085016833712870721e-06
1.073932935469201766e-06
1.062690103026397992e-06
1.051628146342409309e-06
1.040469442159519531e-06
1.029722625389695168e-06
1.019112573885649908e-06
1.008737740448850673e-06
9.988696092477766797e-07
9.892104344544350170e-07
9.802505473999190144e-07
9.716843578644329682e-07
9.638305300541105680e-07
9.565167147229658440e-07
9.496918664808617905e-07
9.436847676624893211e-07
9.381551535625476390e-07
9.332911190540471580e-07
9.289268518841709010e-07
9.252920563085353933e-07
9.221310506291047204e-07
9.193546475216862746e-07
9.171068313662544824e-07
9.152116149380162824e-07
9.136068683801568113e-07
9.122677511186338961e-07
9.111615781876025721e-07
9.100863280764315277e-07
9.091729680221760646e-07
9.081623488782497589e-07
9.071446811503847130e-07
9.059421017809654586e-07
9.045998012879863381e-07
9.029594707499200013e-07
9.011475867737317458e-07
8.988698141365603078e-07
8.963607456280442420e-07
8.933731692195578944e-07
8.900009333956404589e-07
8.862172080625896342e-07
8.819952768135408405e-07
8.773698709774180315e-07
8.722458346710482147e-07
8.667147426422161516e-07
8.607402719462697860e-07
8.544612342120672110e-07
8.476303037241450511e-07
8.407022278333897702e-07
8.334071139870502520e-07
8.257071044681651983e-07
8.179821975318191107e-07
8.098708690340572502e-07
8.018337780413276050e-07
7.935194048513949383e-07
7.853466854612634052e-07
7.771734544803621247e-07
7.689201879657048266e-07
7.608994678776070941e-07
7.529371259806794114e-07
7.452503609783889260e-07
7.377429369626042899e-07
7.306193197109678295e-07
7.237704267026856542e-07
7.171940978878410533e-07
7.111013928806642070e-07
7.052307751109765377e-07
6.998612889219657518e-07
6.948123996153299231e-07
6.902006930431525689e-07
6.859252152935368940e-07
6.819937539148668293e-07
6.784189849895483349e-07
6.750401553290430456e-07
6.720824785588774830e-07
6.692535521324316505e-07
6.666476224381767679e-07
6.642606535933737177e-07
6.618797101509699132e-07
6.596656021429225802e-07
6.574175586138153449e-07
6.551990736625157297e-07
6.529116376441379543e-07
6.505522378574823961e-07
6.481112109213427175e-07
6.454440608649747446e-07
6.426730578823480755e-07
6.396385856533015613e-07
6.364323326124576852e-07
6.329595976239943411e-07
6.292488023973419331e-07
6.253729907257365994e-07
6.210909759829519317e-07
6.166987986944150180e-07
6.119464615039760247e-07
6.070515610190341249e-07
6.018725571266259067e-07
5.965438276689383201e-07
5.911185212426062208e-07
5.853976858816167805e-07
5.796943582936364692e-07
5.737699666497064754e-07
5.679293053617584519e-07
5.619197054329561070e-07
5.560933118431421462e-07
5.502581643668236211e-07
5.444699127110652626e-07
5.388891963775677141e-07
5.333374133442703169e-07
5.281537482915155124e-07
5.230718898019404151e-07
5.183410962672496680e-07
5.138775236446235795e-07
5.096905510981741827e-07
5.058902274868160021e-07
5.023378548685286660e-07
4.991707669432798866e-07
4.963144419889431447e-07
4.938569873047526926e-07
4.916956868328270502e-07
4.897908638668013737e-07
4.882312509835173842e-07
4.869244776273262687e-07
4.858572424382145982e-07
4.849605375056853518e-07
4.843176384383696131e-07
4.837774554289353546e-07
4.833248681279656012e-07
4.829940962736145593e-07
4.826422355108661577e-07
4.823460812986013480e-07
4.819713694814709015e-07
4.815668148694385309e-07
4.810318046111206058e-07
4.804057311957876664e-07
4.795850259142753202e-07
4.786429030900762882e-07
4.774801709572784603e-07
4.760999843256286113e-07
4.745336354972096160e-07
4.727023110717709642e-07
4.706425897893495858e-07
4.683635381752537796e-07
4.657634065097226994e-07
4.630393277693656273e-07
4.599905878421850502e-07
4.567663722809811588e-07
4.533821424956840929e-07
4.497029522099182941e-07
4.459180615867808228e-07
4.419313768266874831e-07
4.378609332889027428e-07
4.336113477165781660e-07
4.293679580769094173e-07
4.250241545378230512e-07
4.206152652841410600e-07
4.162207858371402835e-07
4.118160745747445617e-07
4.074804564879741520e-07
4.031773528367921244e-07
3.990103323303628713e-07
3.949683389237179654e-07
3.909830468273867154e-07
3.871938076827063924e-07
3.835405379959411221e-07
3.801259254032629542e-07
3.768215321997558931e-07
3.737794713742914610e-07
3.709473048729705624e-07
3.682364990709174890e-07
3.657645777366269613e-07
3.634584402334439801e-07
3.613465366925083799e-07
3.593468704821134452e-07
3.575659661692043301e-07
3.558802461611776380e-07
3.542808428846910829e-07
3.528173238009912893e-07
3.513624449169583386e-07
3.500198033634660533e-07
3.486539128516596975e-07
3.473254253094637534e-07
3.459833806118695065e-07
3.445737206675403286e-07
3.431504751461034175e-07
3.416169818137859693e-07
3.400408274956134846e-07
3.383298405879031634e-07
3.365441045843908796e-07
3.346554251493216725e-07
3.325835677969735116e-07
3.304565154849115061e-07
3.281195688487059670e-07
3.257500225117837545e-07
3.231746461551665561e-07
3.205534255812381161e-07
3.178159886374487542e-07
3.149225733523053350e-07
3.120137250789412064e-07
3.089471931616571965e-07
3.059217874579189811e-07
3.027546995326702017e-07
2.996609680394612951e-07
2.965288672385213431e-07
2.933740006483276375e-07
2.903028359924064716e-07
2.872106108497973764e-07
2.842814694758999394e-07
2.813694379710796056e-07
2.786077004657272482e-07
2.760047834726719884e-07
2.734857673658552812e-07
2.711734339300164720e-07
2.689791926968609914e-07
2.670018659500783542e-07
2.651902377692749724e-07
2.635941598327917745e-07
2.621712837935774587e-07
2.609012597076798556e-07
2.598461890102043981e-07
2.589482335224602139e-07
2.582192450972797815e-07
2.576156532541062916e-07
2.571670449924567947e-07
2.568405648162297439e-07
2.565933243658946594e-07
2.564333669852203457e-07
2.563459418070124229e-07
2.562786391990812263e-07
2.562558734098274726e-07
2.562231031788542168e-07
2.561792484812031034e-07
2.560973939580435399e-07
2.559685299274860881e-07
2.557638936195871793e-07
2.554942284405115061e-07
2.551008151385758538e-07
2.546439077377726790e-07
2.540535888329031877e-07
2.533294889417447848e-07
2.525065383451874368e-07
2.515143933123908937e-07
2.504204132947052130e-07
2.491754287348157959e-07
2.478054170751420315e-07
2.463173416344943689e-07
2.446808196054917062e-07
2.429395635772380047e-07
2.410646118278236827e-07
2.391260807144135470e-07
2.370374119209373021e-07
2.349283505509447423e-07
2.327478796360082924e-07
2.304541624198463978e-07
2.281791182667802786e-07
2.258167910440533888e-07
2.234837239711850998e-07
2.211043863553641131e-07
2.187752556892519351e-07
2.164741061960739898e-07
2.141619006579276174e-07
2.119377597864513518e-07
2.097408042800452677e-07
2.076339882250977098e-07
2.055926842103872332e-07
2.036626653989515034e-07
2.018164053652071743e-07
2.000499961241075653e-07
1.984115556297183502e-07
1.968290774811976007e-07
1.953879262828195351e-07
1.940138787404066534e-07
1.927432577986110118e-07
1.915713312428124482e-07
1.904531359286920633e-07
1.894084249443039880e-07
1.884316844780187239e-07
1.875103237125586020e-07
1.866082044443828636e-07
1.857675613337050891e-07
1.849233370876390836e-07
1.840979706457801512e-07
1.832660387890427955e-07
1.824194981736582122e-07
1.815573256180869066e-07
1.806557179406809155e-07
1.797259017166652484e-07
1.787607857295370195e-07
1.777136304781379295e-07
1.766447184081698651e-07
1.754792577912667184e-07
1.742936603932321304e-07
1.730005152467128937e-07
1.716952908736857353e-07
1.703129299812644604e-07
1.688574116087693255e-07
1.673696345960706822e-07
1.658074921806473867e-07
1.642387701394909527e-07
1.625955263762079994e-07
1.609675592817438883e-07
1.593114546949436772e-07
1.576214003762288485e-07
1.559632067937855027e-07
1.542750567296025110e-07
1.526573925048069214e-07
1.510297522600012599e-07
1.494731662887716084e-07
1.479812681282055564e-07
1.465170669234794332e-07
1.451506221883391845e-07
1.438408929743673070e-07
1.426537465931687620e-07
1.415390755710177473e-07
1.405416867328312946e-07
1.396416564602986909e-07
1.388269481594761601e-07
1.381392564780981047e-07
1.375423295257860445e-07
1.370539166600792669e-07
1.366490209875337314e-07
1.363348474114900455e-07
1.361165686830645427e-07
1.359649814958174829e-07
1.358751831048721215e-07
1.358389454253483564e-07
1.358602617074211594e-07
1.359065464612285723e-07
1.359761796493330621e-07
1.360639885206182953e-07
1.361428729751423816e-07
1.362294028695032466e-07
1.362795956083573401e-07
1.363212902560917428e-07
1.363094526141139795e-07
1.362666353088570759e-07
1.361668040544827818e-07
1.360022992002996034e-07
1.357891505904262885e-07
1.354926411067935987e-07
1.351350391587402555e-07
1.347022049458246329e-07
1.341938968835165724e-07
1.336123887085705064e-07
1.329528629412379814e-07
1.322242582091348595e-07
1.314047182177091599e-07
1.305448478206017171e-07
1.295939995316075510e-07
1.285938964201704948e-07
1.275554382118571084e-07
1.264378539644894772e-07
1.252928996109403670e-07
1.240980083139220369e-07
1.228936525876633823e-07
1.216328513464759453e-07
1.203938211347121978e-07
1.191331620020719129e-07
1.178543627133876726e-07
1.165977749906232930e-07
1.153342665816126100e-07
1.141064842613559449e-07
1.128873989841849834e-07
1.117098520353465574e-07
1.105813254298482207e-07
1.094598260920065513e-07
1.084073915080807637e-07
1.073815241170450463e-07
1.064194066202617250e-07
1.054902512009903148e-07
1.046329032305948203e-07
1.038138677245115105e-07
1.030326686191074259e-07
1.023111195763704018e-07
1.016097854744657525e-07
1.009671493079622451e-07
1.003430512014347187e-07
9.975207149182097055e-08
9.919657628643108183e-08
9.863786232244819985e-08
9.810997880776994862e-08
9.757582120073493570e-08
9.705293280148907797e-08
9.652112709090943099e-08
9.598481653938506497e-08
9.544532986183185130e-08
9.486897312172004604e-08
9.429457747955893865e-08
9.367489184342048247e-08
9.305198744868903304e-08
9.238025455715614953e-08
9.170088333121384494e-08
9.098737763224562514e-08
9.023424496490406455e-08
8.946520324570883531e-08
8.865585954254129319e-08
8.783898408637469402e-08
8.698053477473877138e-08
8.612601476443160209e-08
8.525047690000064904e-08
8.435215193003386958e-08
8.346250268687072094e-08
8.255179295701964293e-08
8.166883702642735443e-08
8.077216762103489600e-08
7.991016559572017286e-08
7.907133436901858659e-08
7.823950909369159490e-08
7.745353514110320248e-08
7.669761004081010469e-08
7.599677331882048748e-08
7.533156320960188168e-08
7.472909402395089273e-08
7.417878578053205274e-08
7.367555099335731938e-08
7.324310047351900721e-08
7.286306669129771763e-08
7.254774203602210036e-08
7.228418041904660640e-08
7.208005570191744482e-08
7.192662820898476639e-08
7.182774908187639085e-08
7.177651895062808762e-08
7.176409866360700107e-08
7.178496730375627521e-08
7.184225836454061209e-08
7.192468132188878371e-08
7.202014273843815317e-08
7.213610331291420152e-08
7.225545317623982555e-08
7.237468935272772796e-08
7.249261102515447419e-08
7.259536971560009988e-08
7.268737789445367525e-08
7.275456681554715033e-08
7.279869151943785255e-08
7.281509795120655326e-08
7.279230374024336925e-08
7.274309865579198231e-08
7.265069257300638128e-08
7.251578892919496866e-08
7.234654475496427040e-08
7.212958763602728141e-08
7.187004058550883201e-08
7.156311454536989913e-08
7.122316247887283680e-08
7.083103525928891031e-08
7.040263483304443071e-08
6.994330448151231394e-08
6.943636776668427046e-08
6.890201831311060232e-08
6.832706844761560205e-08
6.773891669809017912e-08
6.711123035074706422e-08
6.647297112749583903e-08
6.582355638329318026e-08
6.514522254974508542e-08
6.446585842923013843e-08
6.377450745276291855e-08
6.308685840394900879e-08
6.239301342247927096e-08
6.171242716845881660e-08
6.104314564936430543e-08
6.036925270791471121e-08
5.972561467615378206e-08
5.908124478537502000e-08
5.847439510375807004e-08
5.787047641092613048e-08
5.730456464902999869e-08
5.675881808997473854e-08
5.622459298137982842e-08
5.572921679686260177e-08
5.524515245269867592e-08
5.478981179862785211e-08
5.435238037421186164e-08
5.393801671971232281e-08
5.354328180828815675e-08
5.315709472597518470e-08
5.278674564124230528e-08
5.242740286348634982e-08
5.207786557548388373e-08
5.172971739852982864e-08
5.139090220040998247e-08
5.105109224246007216e-08
5.070549846664107463e-08
5.035846939449584170e-08
5.000352132356056245e-08
4.964183020206291985e-08
4.926976160390950099e-08
4.888769922217761632e-08
4.850070922657323536e-08
4.808700992953163222e-08
4.767544226069730939e-08
4.723782964788370009e-08
4.680061493900211644e-08
4.634043193618708756e-08
4.588218516232700495e-08
4.541107045952230692e-08
4.492827088142803404e-08
4.444468615361074626e-08
4.395314689986662415e-08
4.346867044091595744e-08
4.297422151466889773e-08
4.250036766961784451e-08
4.203111814149451675e-08
4.156264310495316749e-08
4.112057894190002116e-08
4.068734327233869408e-08
4.028179745318993810e-08
3.989185870523215272e-08
3.953648075594173861e-08
3.920884239505539881e-08
3.890641764314750617e-08
3.864392184027565236e-08
3.840970919100072933e-08
3.821421046268369537e-08
3.804902704018786608e-08
3.792099079191757482e-08
3.782549740094509616e-08
3.776071721972584783e-08
3.772683498937112745e-08
3.772354517650455819e-08
3.774728085659262433e-08
3.779421930971693655e-08
3.785940805300924694e-08
3.794109204591222806e-08
3.804167292287274904e-08
3.814858118289521371e-08
3.826322014788274828e-08
3.838285067558899755e-08
3.850039576036579092e-08
3.861677910776961653e-08
3.872206022492719057e-08
3.882528076815106033e-08
3.890996325139894907e-08
3.898495037901739124e-08
3.904028744727838784e-08
3.907520707002731797e-08
3.909353907260992855e-08
3.908799683927099977e-08
3.905665835191030055e-08
3.900474254692198883e-08
3.892707667318973108e-08
3.882426469203892339e-08
3.869231335329459398e-08
3.854115959711634787e-08
3.836554895997323911e-08
3.816089844121961505e-08
3.793579494981713651e-08
3.768582246266305447e-08
3.742050935784391186e-08
3.712915130904548278e-08
3.682427873741289659e-08
3.650524149634293281e-08
3.616663235561645706e-08
3.582157859227663721e-08
3.545745741462269507e-08
3.509435941850824747e-08
3.471720688708046509e-08
3.433965289900697826e-08
3.395676628770161187e-08
3.357713751483970555e-08
3.319971142445865553e-08
3.281818905520594853e-08
3.244686297421139898e-08
3.207661691817520477e-08
3.171792428702246980e-08
3.136327464403620979e-08
3.102245216268784134e-08
3.069277809686354885e-08
3.036665674471805687e-08
3.005667537081535556e-08
2.975329493892786559e-08
2.946337041009883251e-08
2.918177166577606840e-08
2.891357731016341859e-08
2.865364123749714054e-08
2.839897028650284483e-08
2.815389343879814987e-08
2.791240305555220402e-08
2.767962037353299820e-08
2.744533489362765977e-08
2.722008041189383221e-08
2.699328938149392343e-08
2.676608090723675559e-08
2.653913711014865839e-08
2.630900830524751655e-08
2.607855442704476445e-08
2.584180691656001727e-08
2.560460288236754423e-08
2.536450516288368817e-08
2.511368180080353341e-08
2.486426531334018364e-08
2.460455661434934882e-08
2.434525470107473666e-08
2.407780463897779555e-08
2.380954988723260612e-08
2.354242667479411466e-08
2.326625647697255772e-08
2.299385748472104751e-08
2.271953469801246683e-08
2.245126395905572281e-08
2.218012440380334738e-08
2.192188830463237537e-08
2.166998847030754405e-08
2.142089705614580453e-08
2.118635933356927126e-08
2.096012430286009476e-08
2.075273641821695492e-08
2.055641523668327864e-08
2.038075130883498787e-08
2.022373379872988153e-08
2.008269284203834104e-08
1.996432885675858415e-08
1.986423292521521944e-08
1.978655106427140709e-08
1.972824392737493326e-08
1.969142715552152367e-08
1.967401530578172242e-08
1.967545593117847602e-08
1.969457308348410152e-08
1.973072549787957541e-08
1.978068375763086806e-08
1.984521524889260036e-08
1.992142806273022870e-08
2.000628107623469987e-08
2.009943322889284900e-08
2.019693035038017115e-08
2.030031254207642633e-08
2.040110480550083594e-08
2.050613545634405455e-08
2.060422410465889698e-08
2.070048843449967535e-08
2.079004524091487838e-08
2.087301176345590648e-08
2.094720130685345794e-08
2.100900964308038965e-08
2.106289187508991745e-08
2.110229857521517260e-08
2.112802910403388523e-08
2.114118480278648349e-08
2.114048491819175979e-08
2.112429697831430531e-08
2.109307395414816710e-08
2.104543561642913119e-08
2.098543738782154833e-08
2.091081263699834381e-08
2.081966243849819875e-08
2.071573135253856890e-08
2.059553594335739035e-08
2.046498792651618714e-08
2.032079926550522941e-08
2.016729894194213557e-08
2.000301257965020341e-08
1.982514774567789573e-08
1.964243345753402537e-08
1.944963479161287978e-08
1.925391757140459958e-08
1.904792412688038894e-08
1.884015965458729625e-08
1.863138443525258481e-08
1.841441665817455942e-08
1.819925721235904348e-08
1.798133730801509955e-08
1.776606950443238020e-08
1.754887080096523277e-08
1.733728716146742954e-08
1.712764330363825138e-08
1.691839024431374128e-08
1.671499205713189440e-08
1.651387293577499804e-08
1.631849144700936449e-08
1.612648325988175202e-08
1.594010079486452014e-08
1.576065855601882504e-08
1.557998885459710436e-08
1.540873384442420502e-08
1.523684467485963978e-08
1.507261693234340783e-08
1.490816181615173264e-08
1.474937327827774425e-08
1.459352461097296327e-08
1.443540575962742878e-08
1.428326257268963673e-08
1.412748051876633326e-08
1.397650795098570597e-08
1.382166026075992704e-08
1.366974089478389942e-08
1.351724066012138792e-08
1.335978438987694972e-08
1.320609932520255825e-08
1.304682850644667269e-08
1.288971418489381904e-08
1.272879046609887155e-08
1.256895831858173551e-08
1.240992197892865079e-08
1.224695456158997331e-08
1.208655753259790799e-08
1.192522169901621965e-08
1.176808339664603409e-08
1.160977003422658527e-08
1.145714456640689605e-08
1.130916160718697938e-08
1.116318149030348650e-08
1.102570390543178291e-08
1.089230128314966350e-08
1.076870503879945318e-08
1.065164045854771757e-08
1.054634424235700862e-08
1.045163777746438427e-08
1.036689134537027712e-08
1.029559193455042987e-08
1.023537432587318108e-08
1.018908868388734845e-08
1.015496131628879084e-08
1.013460693144452307e-08
1.012682382395269087e-08
1.013161643470539275e-08
1.014808947985557097e-08
1.017643214140662167e-08
1.021460249717165425e-08
1.026329421449645452e-08
1.031938445805735682e-08
1.038328889535478083e-08
1.045503683627657665e-08
1.053037479437080037e-08
1.061064391905119919e-08
1.069224175864746940e-08
1.077731059950792769e-08
1.085988809990112713e-08
1.094312374050332437e-08
1.102438584865694793e-08
1.110267877635351397e-08
1.117728931632200329e-08
1.124612225567034329e-08
1.131087135064490212e-08
1.136745186869347890e-08
1.141693672934707138e-08
1.146088379755383357e-08
1.149561512647778727e-08
1.152225514999827283e-08
1.153961726174657088e-08
1.154807272030211607e-08
1.154806383851791907e-08
1.153911544093944030e-08
1.152072126586745071e-08
1.149353234808359048e-08
1.145672268165753849e-08
1.141187677689003976e-08
1.135743499247610089e-08
1.129589843884559741e-08
1.122655657326276923e-08
1.114881875707851577e-08
1.106565328257147485e-08
1.097431923113845187e-08
1.087861356552366487e-08
1.077549072192596213e-08
1.066963672968768151e-08
1.055928411375361975e-08
1.044242470271683487e-08
1.032561058877945470e-08
1.020315210098488024e-08
1.008038541527866983e-08
9.953357249514738214e-09
9.828332814265650086e-09
9.702131542610459292e-09
9.572536541213594319e-09
9.446447180039285740e-09
9.317957072596527723e-09
9.192027583537765167e-09
9.065880490766176081e-09
8.942450335780449677e-09
8.820861374658761633e-09
8.698426867681519070e-09
8.579703170141783630e-09
8.460872003013264475e-09
8.345377722207558691e-09
8.230041537160559528e-09
8.117770455839945498e-09
8.007671858933917974e-09
7.896188591871577955e-09
7.788554690080218279e-09
7.679540559024644608e-09
7.573676796823747281e-09
7.466534057698481774e-09
7.361736109601224598e-09
7.257870304755442703e-09
7.151618408585136422e-09
7.048529315767382286e-09
6.943059904784831815e-09
6.839834920668863560e-09
6.735047630712642786e-09
6.632001170459034256e-09
6.529705665059282182e-09
6.426016163629810762e-09
6.324710977168024328e-09
6.222312887160796890e-09
6.123680229563888133e-09
6.024759358069786686e-09
5.929733593035280137e-09
5.837168526312552785e-09
5.746011666474259982e-09
5.660203417079401333e-09
5.578273842843373131e-09
5.578273842843373131e-09
