6.000999808311462402e-01
6.000996828079223633e-01
6.000993251800537109e-01
6.000990271568298340e-01
6.000987291336059570e-01
6.000983715057373047e-01
6.000980734825134277e-01
6.000977754592895508e-01
6.000974774360656738e-01
6.000971794128417969e-01
6.000968813896179199e-01
6.000965237617492676e-01
6.000962257385253906e-01
6.000959277153015137e-01
6.000956296920776367e-01
6.000953316688537598e-01
6.000950336456298828e-01
6.000947356224060059e-01
6.000944375991821289e-01
6.000941395759582520e-01
6.000938415527343750e-01
6.000935435295104980e-01
6.000932455062866211e-01
6.000930070877075195e-01
6.000926494598388672e-01
6.000923514366149902e-01
6.000921130180358887e-01
6.000918149948120117e-01
6.000915169715881348e-01
6.000912189483642578e-01
6.000909209251403809e-01
6.000906229019165039e-01
6.000903844833374023e-01
6.000900864601135254e-01
6.000897884368896484e-01
6.000894904136657715e-01
6.000891923904418945e-01
6.000889539718627930e-01
6.000886559486389160e-01
6.000883579254150391e-01
6.000880599021911621e-01
6.000878214836120605e-01
6.000875234603881836e-01
6.000872254371643066e-01
6.000869870185852051e-01
6.000866889953613281e-01
6.000864505767822266e-01
6.000861525535583496e-01
6.000858545303344727e-01
6.000856161117553711e-01
6.000853180885314941e-01
6.000850796699523926e-01
6.000847816467285156e-01
6.000845432281494141e-01
6.000842452049255371e-01
6.000840067863464355e-01
6.000837087631225586e-01
6.000834703445434570e-01
6.000832319259643555e-01
6.000829339027404785e-01
6.000826954841613770e-01
6.000823974609375000e-01
6.000821590423583984e-01
6.000819206237792969e-01
6.000816822052001953e-01
6.000813841819763184e-01
6.000811457633972168e-01
6.000809073448181152e-01
6.000806093215942383e-01
6.000803709030151367e-01
6.000801324844360352e-01
6.000798940658569336e-01
6.000795960426330566e-01
6.000793576240539551e-01
6.000791192054748535e-01
6.000788807868957520e-01
6.000786423683166504e-01
6.000784039497375488e-01
6.000781059265136719e-01
6.000778675079345703e-01
6.000776290893554688e-01
6.000773906707763672e-01
6.000771522521972656e-01
6.000769138336181641e-01
6.000766754150390625e-01
6.000764369964599609e-01
6.000761389732360840e-01
6.000759601593017578e-01
6.000756621360778809e-01
6.000754237174987793e-01
6.000751852989196777e-01
6.000749468803405762e-01
6.000747084617614746e-01
6.000744700431823730e-01
6.000742316246032715e-01
6.000739932060241699e-01
6.000738143920898438e-01
6.000735759735107422e-01
6.000733375549316406e-01
6.000730991363525391e-01
6.000728607177734375e-01
6.000726222991943359e-01
6.000723838806152344e-01
6.000721454620361328e-01
6.000719666481018066e-01
6.000717282295227051e-01
6.000714898109436035e-01
6.000712513923645020e-01
6.000710129737854004e-01
6.000708341598510742e-01
6.000705957412719727e-01
6.000703573226928711e-01
6.000701785087585449e-01
6.000699400901794434e-01
6.000697016716003418e-01
6.000695228576660156e-01
6.000692844390869141e-01
6.000690460205078125e-01
6.000688672065734863e-01
6.000686287879943848e-01
6.000683903694152832e-01
6.000682115554809570e-01
6.000679731369018555e-01
6.000677943229675293e-01
6.000675559043884277e-01
6.000673770904541016e-01
6.000671386718750000e-01
6.000669002532958984e-01
6.000667214393615723e-01
6.000664830207824707e-01
6.000663042068481445e-01
6.000660657882690430e-01
6.000658869743347168e-01
6.000656485557556152e-01
6.000654697418212891e-01
6.000652313232421875e-01
6.000650525093078613e-01
6.000648140907287598e-01
6.000646352767944336e-01
6.000643968582153320e-01
6.000642180442810059e-01
6.000639796257019043e-01
6.000638008117675781e-01
6.000636219978332520e-01
6.000633835792541504e-01
6.000632047653198242e-01
6.000630259513854980e-01
6.000627875328063965e-01
6.000626087188720703e-01
6.000624299049377441e-01
6.000621914863586426e-01
6.000620126724243164e-01
6.000618338584899902e-01
6.000615954399108887e-01
6.000614166259765625e-01
6.000612378120422363e-01
6.000610589981079102e-01
6.000608801841735840e-01
6.000606417655944824e-01
6.000604629516601562e-01
6.000602841377258301e-01
6.000601053237915039e-01
6.000599265098571777e-01
6.000596880912780762e-01
6.000595092773437500e-01
6.000593304634094238e-01
6.000591516494750977e-01
6.000589728355407715e-01
6.000587940216064453e-01
6.000586152076721191e-01
6.000584363937377930e-01
6.000582575798034668e-01
6.000580191612243652e-01
6.000578403472900391e-01
6.000576615333557129e-01
6.000574827194213867e-01
6.000573039054870605e-01
6.000571250915527344e-01
6.000569462776184082e-01
6.000567674636840820e-01
6.000565886497497559e-01
6.000564098358154297e-01
6.000562310218811035e-01
6.000560522079467773e-01
6.000558733940124512e-01
6.000556945800781250e-01
6.000555157661437988e-01
6.000553369522094727e-01
6.000551581382751465e-01
6.000549793243408203e-01
6.000548005104064941e-01
6.000546813011169434e-01
6.000545024871826172e-01
6.000543236732482910e-01
6.000541448593139648e-01
6.000539660453796387e-01
6.000537872314453125e-01
6.000536084175109863e-01
6.000534296035766602e-01
6.000533103942871094e-01
6.000531315803527832e-01
6.000529527664184570e-01
6.000527739524841309e-01
6.000525951385498047e-01
6.000524759292602539e-01
6.000522971153259277e-01
6.000521183013916016e-01
6.000519394874572754e-01
6.000518202781677246e-01
6.000516414642333984e-01
6.000514626502990723e-01
6.000512838363647461e-01
6.000511646270751953e-01
6.000509858131408691e-01
6.000508069992065430e-01
6.000506877899169922e-01
6.000505089759826660e-01
6.000503301620483398e-01
6.000502109527587891e-01
6.000500321388244629e-01
6.000498533248901367e-01
6.000497341156005859e-01
6.000495553016662598e-01
6.000494360923767090e-01
6.000492572784423828e-01
6.000490784645080566e-01
6.000489592552185059e-01
6.000487804412841797e-01
6.000486612319946289e-01
6.000484824180603027e-01
6.000483036041259766e-01
6.000481843948364258e-01
6.000480055809020996e-01
6.000478863716125488e-01
6.000477075576782227e-01
6.000475883483886719e-01
6.000474095344543457e-01
6.000472903251647949e-01
6.000471115112304688e-01
6.000469923019409180e-01
6.000468134880065918e-01
6.000466942787170410e-01
6.000465154647827148e-01
6.000463962554931641e-01
6.000462174415588379e-01
6.000460982322692871e-01
6.000459194183349609e-01
6.000458002090454102e-01
6.000456213951110840e-01
6.000455021858215332e-01
6.000453829765319824e-01
6.000452041625976562e-01
6.000450849533081055e-01
6.000449061393737793e-01
6.000447869300842285e-01
6.000446677207946777e-01
6.000444889068603516e-01
6.000443696975708008e-01
6.000441908836364746e-01
6.000440716743469238e-01
6.000439524650573730e-01
6.000438332557678223e-01
6.000436544418334961e-01
6.000435352325439453e-01
6.000434160232543945e-01
6.000432372093200684e-01
6.000431180000305176e-01
6.000429987907409668e-01
6.000428795814514160e-01
6.000427007675170898e-01
6.000425815582275391e-01
6.000424623489379883e-01
6.000423431396484375e-01
6.000421643257141113e-01
6.000420451164245605e-01
6.000419259071350098e-01
6.000418066978454590e-01
6.000416278839111328e-01
6.000415086746215820e-01
6.000413894653320312e-01
6.000412702560424805e-01
6.000411510467529297e-01
6.000410318374633789e-01
6.000408530235290527e-01
6.000407338142395020e-01
6.000406146049499512e-01
6.000404953956604004e-01
6.000403761863708496e-01
6.000402569770812988e-01
6.000400781631469727e-01
6.000399589538574219e-01
6.000398397445678711e-01
6.000397205352783203e-01
6.000396013259887695e-01
6.000394821166992188e-01
6.000393629074096680e-01
6.000392436981201172e-01
6.000390648841857910e-01
6.000389456748962402e-01
6.000388264656066895e-01
6.000387072563171387e-01
6.000385880470275879e-01
6.000384688377380371e-01
6.000383496284484863e-01
6.000382304191589355e-01
6.000381112098693848e-01
6.000379920005798340e-01
6.000378727912902832e-01
6.000377535820007324e-01
6.000376343727111816e-01
6.000375151634216309e-01
6.000373959541320801e-01
6.000372767448425293e-01
6.000371575355529785e-01
6.000370383262634277e-01
6.000369191169738770e-01
6.000367999076843262e-01
6.000366806983947754e-01
6.000366210937500000e-01
6.000365018844604492e-01
6.000363826751708984e-01
6.000362634658813477e-01
6.000361442565917969e-01
6.000360250473022461e-01
6.000359058380126953e-01
6.000357866287231445e-01
6.000356674194335938e-01
6.000355482101440430e-01
6.000354290008544922e-01
6.000353693962097168e-01
6.000352501869201660e-01
6.000351309776306152e-01
6.000350117683410645e-01
6.000348925590515137e-01
6.000347733497619629e-01
6.000346541404724121e-01
6.000345349311828613e-01
6.000344753265380859e-01
6.000343561172485352e-01
6.000342369079589844e-01
6.000341176986694336e-01
6.000339984893798828e-01
6.000339388847351074e-01
6.000338196754455566e-01
6.000337004661560059e-01
6.000335812568664551e-01
6.000334620475769043e-01
6.000334024429321289e-01
6.000332832336425781e-01
6.000331640243530273e-01
6.000330448150634766e-01
6.000329852104187012e-01
6.000328660011291504e-01
6.000327467918395996e-01
6.000326275825500488e-01
6.000325679779052734e-01
6.000324487686157227e-01
6.000323295593261719e-01
6.000322699546813965e-01
6.000321507453918457e-01
6.000320315361022949e-01
6.000319123268127441e-01
6.000318527221679688e-01
6.000317335128784180e-01
6.000316143035888672e-01
6.000315546989440918e-01
6.000314354896545410e-01
6.000313162803649902e-01
6.000312566757202148e-01
6.000311374664306641e-01
6.000310182571411133e-01
6.000309586524963379e-01
6.000308394432067871e-01
6.000307798385620117e-01
6.000306606292724609e-01
6.000305414199829102e-01
6.000304818153381348e-01
6.000303626060485840e-01
6.000302433967590332e-01
6.000301837921142578e-01
6.000300645828247070e-01
6.000300049781799316e-01
6.000298857688903809e-01
6.000297665596008301e-01
6.000297069549560547e-01
6.000295877456665039e-01
6.000295281410217285e-01
6.000294089317321777e-01
6.000293493270874023e-01
6.000292301177978516e-01
6.000291705131530762e-01
6.000290513038635254e-01
6.000289320945739746e-01
6.000288724899291992e-01
6.000287532806396484e-01
6.000286936759948730e-01
6.000285744667053223e-01
6.000285148620605469e-01
6.000283956527709961e-01
6.000283360481262207e-01
6.000282168388366699e-01
6.000281572341918945e-01
6.000280380249023438e-01
6.000279784202575684e-01
6.000278592109680176e-01
6.000277996063232422e-01
6.000276803970336914e-01
6.000276207923889160e-01
6.000275015830993652e-01
6.000274419784545898e-01
6.000273823738098145e-01
6.000272631645202637e-01
6.000272035598754883e-01
6.000270843505859375e-01
6.000270247459411621e-01
6.000269055366516113e-01
6.000268459320068359e-01
6.000267863273620605e-01
6.000266671180725098e-01
6.000266075134277344e-01
6.000264883041381836e-01
6.000264286994934082e-01
6.000263690948486328e-01
6.000262498855590820e-01
6.000261902809143066e-01
6.000260710716247559e-01
6.000260114669799805e-01
6.000259518623352051e-01
6.000258326530456543e-01
6.000257730484008789e-01
6.000256538391113281e-01
6.000255942344665527e-01
6.000255346298217773e-01
6.000254154205322266e-01
6.000253558158874512e-01
6.000252962112426758e-01
6.000251770019531250e-01
6.000251173973083496e-01
6.000250577926635742e-01
6.000249385833740234e-01
6.000248789787292480e-01
6.000248193740844727e-01
6.000247001647949219e-01
6.000246405601501465e-01
6.000245809555053711e-01
6.000244617462158203e-01
6.000244021415710449e-01
6.000243425369262695e-01
6.000242829322814941e-01
6.000241637229919434e-01
6.000241041183471680e-01
6.000240445137023926e-01
6.000239253044128418e-01
6.000238656997680664e-01
6.000238060951232910e-01
6.000237464904785156e-01
6.000236272811889648e-01
6.000235676765441895e-01
6.000235080718994141e-01
6.000234484672546387e-01
6.000233292579650879e-01
6.000232696533203125e-01
6.000232100486755371e-01
6.000231504440307617e-01
6.000230908393859863e-01
6.000229716300964355e-01
6.000229120254516602e-01
6.000228524208068848e-01
6.000227928161621094e-01
6.000227332115173340e-01
6.000226140022277832e-01
6.000225543975830078e-01
6.000224947929382324e-01
6.000224351882934570e-01
6.000223755836486816e-01
6.000222563743591309e-01
6.000221967697143555e-01
6.000221371650695801e-01
6.000220775604248047e-01
6.000220179557800293e-01
6.000219583511352539e-01
6.000218391418457031e-01
6.000217795372009277e-01
6.000217199325561523e-01
6.000216603279113770e-01
6.000216007232666016e-01
6.000215411186218262e-01
6.000214219093322754e-01
6.000213623046875000e-01
6.000213027000427246e-01
6.000212430953979492e-01
6.000211834907531738e-01
6.000211238861083984e-01
6.000210642814636230e-01
6.000210046768188477e-01
6.000208854675292969e-01
6.000208258628845215e-01
6.000207662582397461e-01
6.000207066535949707e-01
6.000206470489501953e-01
6.000205874443054199e-01
6.000205278396606445e-01
6.000204682350158691e-01
6.000204086303710938e-01
6.000203490257263184e-01
6.000202298164367676e-01
6.000201702117919922e-01
6.000201106071472168e-01
6.000200510025024414e-01
6.000199913978576660e-01
6.000199317932128906e-01
6.000198721885681152e-01
6.000198125839233398e-01
6.000197529792785645e-01
6.000196933746337891e-01
6.000196337699890137e-01
6.000195741653442383e-01
6.000195145606994629e-01
6.000194549560546875e-01
6.000193953514099121e-01
6.000193357467651367e-01
6.000192761421203613e-01
6.000192165374755859e-01
6.000191569328308105e-01
6.000190973281860352e-01
6.000190377235412598e-01
6.000189781188964844e-01
6.000189185142517090e-01
6.000188589096069336e-01
6.000187993049621582e-01
6.000187397003173828e-01
6.000186800956726074e-01
6.000186204910278320e-01
6.000185608863830566e-01
6.000185012817382812e-01
6.000184416770935059e-01
6.000183820724487305e-01
6.000183224678039551e-01
6.000182628631591797e-01
6.000182032585144043e-01
6.000181436538696289e-01
6.000180840492248535e-01
6.000180244445800781e-01
6.000179648399353027e-01
6.000179052352905273e-01
6.000178456306457520e-01
6.000177860260009766e-01
6.000177264213562012e-01
6.000176668167114258e-01
6.000176072120666504e-01
6.000175476074218750e-01
6.000174880027770996e-01
6.000174880027770996e-01
6.000174283981323242e-01
6.000173687934875488e-01
6.000173091888427734e-01
6.000172495841979980e-01
6.000171899795532227e-01
6.000171303749084473e-01
6.000170707702636719e-01
6.000170111656188965e-01
6.000169515609741211e-01
6.000168919563293457e-01
6.000168919563293457e-01
6.000168323516845703e-01
6.000167727470397949e-01
6.000167131423950195e-01
6.000166535377502441e-01
6.000165939331054688e-01
6.000165343284606934e-01
6.000164747238159180e-01
6.000164747238159180e-01
6.000164151191711426e-01
6.000163555145263672e-01
6.000162959098815918e-01
6.000162363052368164e-01
6.000161767005920410e-01
6.000161170959472656e-01
6.000161170959472656e-01
6.000160574913024902e-01
6.000159978866577148e-01
6.000159382820129395e-01
6.000158786773681641e-01
6.000158190727233887e-01
6.000157594680786133e-01
6.000157594680786133e-01
6.000156998634338379e-01
6.000156402587890625e-01
6.000155806541442871e-01
6.000155210494995117e-01
6.000154614448547363e-01
6.000154614448547363e-01
6.000154018402099609e-01
6.000153422355651855e-01
6.000152826309204102e-01
6.000152230262756348e-01
6.000152230262756348e-01
6.000151634216308594e-01
6.000151038169860840e-01
6.000150442123413086e-01
6.000149846076965332e-01
6.000149846076965332e-01
6.000149250030517578e-01
6.000148653984069824e-01
6.000148057937622070e-01
6.000147461891174316e-01
6.000147461891174316e-01
6.000146865844726562e-01
6.000146269798278809e-01
6.000145673751831055e-01
6.000145673751831055e-01
6.000145077705383301e-01
6.000144481658935547e-01
6.000143885612487793e-01
6.000143289566040039e-01
6.000143289566040039e-01
6.000142693519592285e-01
6.000142097473144531e-01
6.000141501426696777e-01
6.000141501426696777e-01
6.000140905380249023e-01
6.000140309333801270e-01
6.000139713287353516e-01
6.000139713287353516e-01
6.000139117240905762e-01
6.000138521194458008e-01
6.000138521194458008e-01
6.000137925148010254e-01
6.000137329101562500e-01
6.000136733055114746e-01
6.000136733055114746e-01
6.000136137008666992e-01
6.000135540962219238e-01
6.000134944915771484e-01
6.000134944915771484e-01
6.000134348869323730e-01
6.000133752822875977e-01
6.000133752822875977e-01
6.000133156776428223e-01
6.000132560729980469e-01
6.000131964683532715e-01
6.000131964683532715e-01
6.000131368637084961e-01
6.000130772590637207e-01
6.000130772590637207e-01
6.000130176544189453e-01
6.000129580497741699e-01
6.000129580497741699e-01
6.000128984451293945e-01
6.000128388404846191e-01
6.000128388404846191e-01
6.000127792358398438e-01
6.000127196311950684e-01
6.000126600265502930e-01
6.000126600265502930e-01
6.000126004219055176e-01
6.000126004219055176e-01
6.000125408172607422e-01
6.000124812126159668e-01
6.000124812126159668e-01
6.000124216079711914e-01
6.000123620033264160e-01
6.000123620033264160e-01
6.000123023986816406e-01
6.000122427940368652e-01
6.000122427940368652e-01
6.000121831893920898e-01
6.000121235847473145e-01
6.000121235847473145e-01
6.000120639801025391e-01
6.000120043754577637e-01
6.000120043754577637e-01
6.000119447708129883e-01
6.000119447708129883e-01
6.000118851661682129e-01
6.000118255615234375e-01
6.000118255615234375e-01
6.000117659568786621e-01
6.000117063522338867e-01
6.000117063522338867e-01
6.000116467475891113e-01
6.000116467475891113e-01
6.000115871429443359e-01
6.000115275382995605e-01
6.000115275382995605e-01
6.000114679336547852e-01
6.000114083290100098e-01
6.000114083290100098e-01
6.000113487243652344e-01
6.000113487243652344e-01
6.000112891197204590e-01
6.000112295150756836e-01
6.000112295150756836e-01
6.000111699104309082e-01
6.000111699104309082e-01
6.000111103057861328e-01
6.000110507011413574e-01
6.000110507011413574e-01
6.000109910964965820e-01
6.000109910964965820e-01
6.000109314918518066e-01
6.000109314918518066e-01
6.000108718872070312e-01
6.000108122825622559e-01
6.000108122825622559e-01
6.000107526779174805e-01
6.000107526779174805e-01
6.000106930732727051e-01
6.000106930732727051e-01
6.000106334686279297e-01
6.000105738639831543e-01
6.000105738639831543e-01
6.000105142593383789e-01
6.000105142593383789e-01
6.000104546546936035e-01
6.000104546546936035e-01
6.000103950500488281e-01
6.000103950500488281e-01
6.000103354454040527e-01
6.000102758407592773e-01
6.000102758407592773e-01
6.000102162361145020e-01
6.000102162361145020e-01
6.000101566314697266e-01
6.000101566314697266e-01
6.000100970268249512e-01
6.000100970268249512e-01
6.000100374221801758e-01
6.000100374221801758e-01
6.000099778175354004e-01
6.000099778175354004e-01
6.000099182128906250e-01
6.000099182128906250e-01
6.000098586082458496e-01
6.000097990036010742e-01
6.000097990036010742e-01
6.000097393989562988e-01
6.000097393989562988e-01
6.000096797943115234e-01
6.000096797943115234e-01
6.000096201896667480e-01
6.000096201896667480e-01
6.000095605850219727e-01
6.000095605850219727e-01
6.000095009803771973e-01
6.000095009803771973e-01
6.000094413757324219e-01
6.000094413757324219e-01
6.000093817710876465e-01
6.000093817710876465e-01
6.000093221664428711e-01
6.000093221664428711e-01
6.000092625617980957e-01
6.000092625617980957e-01
6.000092029571533203e-01
6.000092029571533203e-01
6.000091433525085449e-01
6.000091433525085449e-01
6.000090837478637695e-01
6.000090837478637695e-01
6.000090241432189941e-01
6.000090241432189941e-01
6.000089645385742188e-01
6.000089645385742188e-01
6.000089645385742188e-01
6.000089049339294434e-01
6.000089049339294434e-01
6.000088453292846680e-01
6.000088453292846680e-01
6.000087857246398926e-01
6.000087857246398926e-01
6.000087261199951172e-01
6.000087261199951172e-01
6.000086665153503418e-01
6.000086665153503418e-01
6.000086069107055664e-01
6.000086069107055664e-01
6.000086069107055664e-01
6.000085473060607910e-01
6.000085473060607910e-01
6.000084877014160156e-01
6.000084877014160156e-01
6.000084280967712402e-01
6.000084280967712402e-01
6.000083684921264648e-01
6.000083684921264648e-01
6.000083088874816895e-01
6.000083088874816895e-01
6.000083088874816895e-01
6.000082492828369141e-01
6.000082492828369141e-01
6.000081896781921387e-01
6.000081896781921387e-01
6.000081300735473633e-01
6.000081300735473633e-01
6.000081300735473633e-01
6.000080704689025879e-01
6.000080704689025879e-01
6.000080108642578125e-01
6.000080108642578125e-01
6.000079512596130371e-01
6.000079512596130371e-01
6.000079512596130371e-01
6.000078916549682617e-01
6.000078916549682617e-01
6.000078320503234863e-01
6.000078320503234863e-01
6.000077724456787109e-01
6.000077724456787109e-01
6.000077724456787109e-01
6.000077128410339355e-01
6.000077128410339355e-01
6.000076532363891602e-01
6.000076532363891602e-01
6.000076532363891602e-01
6.000075936317443848e-01
6.000075936317443848e-01
6.000075340270996094e-01
6.000075340270996094e-01
6.000075340270996094e-01
6.000074744224548340e-01
6.000074744224548340e-01
6.000074148178100586e-01
6.000074148178100586e-01
6.000074148178100586e-01
6.000073552131652832e-01
6.000073552131652832e-01
6.000072956085205078e-01
6.000072956085205078e-01
6.000072956085205078e-01
6.000072360038757324e-01
6.000072360038757324e-01
6.000072360038757324e-01
6.000071763992309570e-01
6.000071763992309570e-01
6.000071167945861816e-01
6.000071167945861816e-01
6.000071167945861816e-01
6.000070571899414062e-01
6.000070571899414062e-01
6.000070571899414062e-01
6.000069975852966309e-01
6.000069975852966309e-01
6.000069379806518555e-01
6.000069379806518555e-01
6.000069379806518555e-01
6.000068783760070801e-01
6.000068783760070801e-01
6.000068783760070801e-01
6.000068187713623047e-01
6.000068187713623047e-01
6.000067591667175293e-01
6.000067591667175293e-01
6.000067591667175293e-01
6.000066995620727539e-01
6.000066995620727539e-01
6.000066995620727539e-01
6.000066399574279785e-01
6.000066399574279785e-01
6.000066399574279785e-01
6.000065803527832031e-01
6.000065803527832031e-01
6.000065803527832031e-01
6.000065207481384277e-01
6.000065207481384277e-01
6.000065207481384277e-01
6.000064611434936523e-01
6.000064611434936523e-01
6.000064611434936523e-01
6.000064015388488770e-01
6.000064015388488770e-01
6.000064015388488770e-01
6.000063419342041016e-01
6.000063419342041016e-01
6.000063419342041016e-01
6.000062823295593262e-01
6.000062823295593262e-01
6.000062823295593262e-01
6.000062227249145508e-01
6.000062227249145508e-01
6.000062227249145508e-01
6.000061631202697754e-01
6.000061631202697754e-01
6.000061631202697754e-01
6.000061035156250000e-01
6.000061035156250000e-01
6.000061035156250000e-01
6.000060439109802246e-01
6.000060439109802246e-01
6.000060439109802246e-01
6.000059843063354492e-01
6.000059843063354492e-01
6.000059843063354492e-01
6.000059247016906738e-01
6.000059247016906738e-01
6.000059247016906738e-01
6.000058650970458984e-01
6.000058650970458984e-01
6.000058650970458984e-01
6.000058054924011230e-01
6.000058054924011230e-01
6.000058054924011230e-01
6.000058054924011230e-01
6.000057458877563477e-01
6.000057458877563477e-01
6.000057458877563477e-01
6.000056862831115723e-01
6.000056862831115723e-01
6.000056862831115723e-01
6.000056266784667969e-01
6.000056266784667969e-01
6.000056266784667969e-01
6.000056266784667969e-01
6.000055670738220215e-01
6.000055670738220215e-01
6.000055670738220215e-01
6.000055074691772461e-01
6.000055074691772461e-01
6.000055074691772461e-01
6.000054478645324707e-01
6.000054478645324707e-01
6.000054478645324707e-01
6.000054478645324707e-01
6.000053882598876953e-01
6.000053882598876953e-01
6.000053882598876953e-01
6.000053286552429199e-01
6.000053286552429199e-01
6.000053286552429199e-01
6.000053286552429199e-01
6.000052690505981445e-01
6.000052690505981445e-01
6.000052690505981445e-01
6.000052094459533691e-01
6.000052094459533691e-01
6.000052094459533691e-01
6.000052094459533691e-01
6.000051498413085938e-01
6.000051498413085938e-01
6.000051498413085938e-01
6.000051498413085938e-01
6.000050902366638184e-01
6.000050902366638184e-01
6.000050902366638184e-01
6.000050306320190430e-01
6.000050306320190430e-01
6.000050306320190430e-01
6.000050306320190430e-01
6.000049710273742676e-01
6.000049710273742676e-01
6.000049710273742676e-01
6.000049710273742676e-01
6.000049114227294922e-01
6.000049114227294922e-01
6.000049114227294922e-01
6.000049114227294922e-01
6.000048518180847168e-01
6.000048518180847168e-01
6.000048518180847168e-01
6.000048518180847168e-01
6.000047922134399414e-01
6.000047922134399414e-01
6.000047922134399414e-01
6.000047922134399414e-01
6.000047326087951660e-01
6.000047326087951660e-01
6.000047326087951660e-01
6.000047326087951660e-01
6.000046730041503906e-01
6.000046730041503906e-01
6.000046730041503906e-01
6.000046730041503906e-01
6.000046133995056152e-01
6.000046133995056152e-01
6.000046133995056152e-01
6.000046133995056152e-01
6.000045537948608398e-01
6.000045537948608398e-01
6.000045537948608398e-01
6.000045537948608398e-01
6.000044941902160645e-01
6.000044941902160645e-01
6.000044941902160645e-01
6.000044941902160645e-01
6.000044345855712891e-01
6.000044345855712891e-01
6.000044345855712891e-01
6.000044345855712891e-01
6.000043749809265137e-01
6.000043749809265137e-01
6.000043749809265137e-01
6.000043749809265137e-01
6.000043749809265137e-01
6.000043153762817383e-01
6.000043153762817383e-01
6.000043153762817383e-01
6.000043153762817383e-01
6.000042557716369629e-01
6.000042557716369629e-01
6.000042557716369629e-01
6.000042557716369629e-01
6.000041961669921875e-01
6.000041961669921875e-01
6.000041961669921875e-01
6.000041961669921875e-01
6.000041961669921875e-01
6.000041365623474121e-01
6.000041365623474121e-01
6.000041365623474121e-01
6.000041365623474121e-01
6.000040769577026367e-01
6.000040769577026367e-01
6.000040769577026367e-01
6.000040769577026367e-01
6.000040769577026367e-01
6.000040173530578613e-01
6.000040173530578613e-01
6.000040173530578613e-01
6.000040173530578613e-01
6.000040173530578613e-01
6.000039577484130859e-01
6.000039577484130859e-01
6.000039577484130859e-01
6.000039577484130859e-01
6.000039577484130859e-01
6.000038981437683105e-01
6.000038981437683105e-01
6.000038981437683105e-01
6.000038981437683105e-01
6.000038981437683105e-01
6.000038385391235352e-01
6.000038385391235352e-01
6.000038385391235352e-01
6.000038385391235352e-01
6.000037789344787598e-01
6.000037789344787598e-01
6.000037789344787598e-01
6.000037789344787598e-01
6.000037789344787598e-01
6.000037193298339844e-01
6.000037193298339844e-01
6.000037193298339844e-01
6.000037193298339844e-01
6.000037193298339844e-01
6.000036597251892090e-01
6.000036597251892090e-01
6.000036597251892090e-01
6.000036597251892090e-01
6.000036597251892090e-01
6.000036597251892090e-01
6.000036001205444336e-01
6.000036001205444336e-01
6.000036001205444336e-01
6.000036001205444336e-01
6.000036001205444336e-01
6.000035405158996582e-01
6.000035405158996582e-01
6.000035405158996582e-01
6.000035405158996582e-01
6.000035405158996582e-01
6.000034809112548828e-01
6.000034809112548828e-01
6.000034809112548828e-01
6.000034809112548828e-01
6.000034809112548828e-01
6.000034809112548828e-01
6.000034213066101074e-01
6.000034213066101074e-01
6.000034213066101074e-01
6.000034213066101074e-01
6.000034213066101074e-01
6.000033617019653320e-01
6.000033617019653320e-01
6.000033617019653320e-01
6.000033617019653320e-01
6.000033617019653320e-01
6.000033617019653320e-01
6.000033020973205566e-01
6.000033020973205566e-01
6.000033020973205566e-01
6.000033020973205566e-01
6.000033020973205566e-01
6.000032424926757812e-01
6.000032424926757812e-01
6.000032424926757812e-01
6.000032424926757812e-01
6.000032424926757812e-01
6.000032424926757812e-01
6.000031828880310059e-01
6.000031828880310059e-01
6.000031828880310059e-01
6.000031828880310059e-01
6.000031828880310059e-01
6.000031828880310059e-01
6.000031232833862305e-01
6.000031232833862305e-01
6.000031232833862305e-01
6.000031232833862305e-01
6.000031232833862305e-01
6.000031232833862305e-01
6.000030636787414551e-01
6.000030636787414551e-01
6.000030636787414551e-01
6.000030636787414551e-01
6.000030636787414551e-01
6.000030636787414551e-01
6.000030040740966797e-01
6.000030040740966797e-01
6.000030040740966797e-01
6.000030040740966797e-01
6.000030040740966797e-01
6.000030040740966797e-01
6.000030040740966797e-01
6.000029444694519043e-01
6.000029444694519043e-01
6.000029444694519043e-01
6.000029444694519043e-01
6.000029444694519043e-01
6.000029444694519043e-01
6.000028848648071289e-01
6.000028848648071289e-01
6.000028848648071289e-01
6.000028848648071289e-01
6.000028848648071289e-01
6.000028848648071289e-01
6.000028848648071289e-01
6.000028252601623535e-01
6.000028252601623535e-01
6.000028252601623535e-01
6.000028252601623535e-01
6.000028252601623535e-01
6.000028252601623535e-01
6.000027656555175781e-01
6.000027656555175781e-01
6.000027656555175781e-01
6.000027656555175781e-01
6.000027656555175781e-01
6.000027656555175781e-01
6.000027656555175781e-01
6.000027060508728027e-01
6.000027060508728027e-01
6.000027060508728027e-01
6.000027060508728027e-01
6.000027060508728027e-01
6.000027060508728027e-01
6.000027060508728027e-01
6.000026464462280273e-01
6.000026464462280273e-01
6.000026464462280273e-01
6.000026464462280273e-01
6.000026464462280273e-01
6.000026464462280273e-01
6.000026464462280273e-01
6.000025868415832520e-01
6.000025868415832520e-01
6.000025868415832520e-01
6.000025868415832520e-01
6.000025868415832520e-01
6.000025868415832520e-01
6.000025868415832520e-01
6.000025272369384766e-01
6.000025272369384766e-01
6.000025272369384766e-01
6.000025272369384766e-01
6.000025272369384766e-01
6.000025272369384766e-01
6.000025272369384766e-01
6.000025272369384766e-01
6.000024676322937012e-01
6.000024676322937012e-01
6.000024676322937012e-01
6.000024676322937012e-01
6.000024676322937012e-01
6.000024676322937012e-01
6.000024676322937012e-01
6.000024676322937012e-01
6.000024080276489258e-01
6.000024080276489258e-01
6.000024080276489258e-01
6.000024080276489258e-01
6.000024080276489258e-01
6.000024080276489258e-01
6.000024080276489258e-01
6.000023484230041504e-01
6.000023484230041504e-01
6.000023484230041504e-01
6.000023484230041504e-01
6.000023484230041504e-01
6.000023484230041504e-01
6.000023484230041504e-01
6.000023484230041504e-01
6.000022888183593750e-01
6.000022888183593750e-01
6.000022888183593750e-01
6.000022888183593750e-01
6.000022888183593750e-01
6.000022888183593750e-01
6.000022888183593750e-01
6.000022888183593750e-01
6.000022888183593750e-01
6.000022292137145996e-01
6.000022292137145996e-01
6.000022292137145996e-01
6.000022292137145996e-01
6.000022292137145996e-01
6.000022292137145996e-01
6.000022292137145996e-01
6.000022292137145996e-01
6.000021696090698242e-01
6.000021696090698242e-01
6.000021696090698242e-01
6.000021696090698242e-01
6.000021696090698242e-01
6.000021696090698242e-01
6.000021696090698242e-01
6.000021696090698242e-01
6.000021696090698242e-01
6.000021100044250488e-01
6.000021100044250488e-01
6.000021100044250488e-01
6.000021100044250488e-01
6.000021100044250488e-01
6.000021100044250488e-01
6.000021100044250488e-01
6.000021100044250488e-01
6.000021100044250488e-01
6.000020503997802734e-01
6.000020503997802734e-01
6.000020503997802734e-01
6.000020503997802734e-01
6.000020503997802734e-01
6.000020503997802734e-01
6.000020503997802734e-01
6.000020503997802734e-01
6.000020503997802734e-01
6.000019907951354980e-01
6.000019907951354980e-01
6.000019907951354980e-01
6.000019907951354980e-01
6.000019907951354980e-01
6.000019907951354980e-01
6.000019907951354980e-01
6.000019907951354980e-01
6.000019907951354980e-01
6.000019311904907227e-01
6.000019311904907227e-01
6.000019311904907227e-01
6.000019311904907227e-01
6.000019311904907227e-01
6.000019311904907227e-01
6.000019311904907227e-01
6.000019311904907227e-01
6.000019311904907227e-01
6.000019311904907227e-01
6.000018715858459473e-01
6.000018715858459473e-01
6.000018715858459473e-01
6.000018715858459473e-01
6.000018715858459473e-01
6.000018715858459473e-01
6.000018715858459473e-01
6.000018715858459473e-01
6.000018715858459473e-01
6.000018715858459473e-01
6.000018119812011719e-01
6.000018119812011719e-01
6.000018119812011719e-01
6.000018119812011719e-01
6.000018119812011719e-01
6.000018119812011719e-01
6.000018119812011719e-01
6.000018119812011719e-01
6.000018119812011719e-01
6.000018119812011719e-01
6.000018119812011719e-01
6.000017523765563965e-01
6.000017523765563965e-01
6.000017523765563965e-01
6.000017523765563965e-01
6.000017523765563965e-01
6.000017523765563965e-01
6.000017523765563965e-01
6.000017523765563965e-01
6.000017523765563965e-01
6.000017523765563965e-01
6.000016927719116211e-01
6.000016927719116211e-01
6.000016927719116211e-01
6.000016927719116211e-01
6.000016927719116211e-01
6.000016927719116211e-01
6.000016927719116211e-01
6.000016927719116211e-01
6.000016927719116211e-01
6.000016927719116211e-01
6.000016927719116211e-01
6.000016927719116211e-01
6.000016331672668457e-01
6.000016331672668457e-01
6.000016331672668457e-01
6.000016331672668457e-01
6.000016331672668457e-01
6.000016331672668457e-01
6.000016331672668457e-01
6.000016331672668457e-01
6.000016331672668457e-01
6.000016331672668457e-01
6.000016331672668457e-01
6.000015735626220703e-01
6.000015735626220703e-01
6.000015735626220703e-01
6.000015735626220703e-01
6.000015735626220703e-01
6.000015735626220703e-01
6.000015735626220703e-01
6.000015735626220703e-01
6.000015735626220703e-01
6.000015735626220703e-01
6.000015735626220703e-01
6.000015735626220703e-01
6.000015139579772949e-01
6.000015139579772949e-01
6.000015139579772949e-01
6.000015139579772949e-01
6.000015139579772949e-01
6.000015139579772949e-01
6.000015139579772949e-01
6.000015139579772949e-01
6.000015139579772949e-01
6.000015139579772949e-01
6.000015139579772949e-01
6.000015139579772949e-01
6.000015139579772949e-01
6.000014543533325195e-01
6.000014543533325195e-01
6.000014543533325195e-01
6.000014543533325195e-01
6.000014543533325195e-01
6.000014543533325195e-01
6.000014543533325195e-01
6.000014543533325195e-01
6.000014543533325195e-01
6.000014543533325195e-01
6.000014543533325195e-01
6.000014543533325195e-01
6.000013947486877441e-01
6.000013947486877441e-01
6.000013947486877441e-01
6.000013947486877441e-01
6.000013947486877441e-01
6.000013947486877441e-01
6.000013947486877441e-01
6.000013947486877441e-01
6.000013947486877441e-01
6.000013947486877441e-01
6.000013947486877441e-01
6.000013947486877441e-01
6.000013947486877441e-01
6.000013947486877441e-01
6.000013351440429688e-01
6.000013351440429688e-01
6.000013351440429688e-01
6.000013351440429688e-01
6.000013351440429688e-01
6.000013351440429688e-01
6.000013351440429688e-01
6.000013351440429688e-01
6.000013351440429688e-01
6.000013351440429688e-01
6.000013351440429688e-01
6.000013351440429688e-01
6.000013351440429688e-01
6.000013351440429688e-01
6.000012755393981934e-01
6.000012755393981934e-01
6.000012755393981934e-01
6.000012755393981934e-01
6.000012755393981934e-01
6.000012755393981934e-01
6.000012755393981934e-01
6.000012755393981934e-01
6.000012755393981934e-01
6.000012755393981934e-01
6.000012755393981934e-01
6.000012755393981934e-01
6.000012755393981934e-01
6.000012755393981934e-01
6.000012755393981934e-01
6.000012159347534180e-01
6.000012159347534180e-01
6.000012159347534180e-01
6.000012159347534180e-01
6.000012159347534180e-01
6.000012159347534180e-01
6.000012159347534180e-01
6.000012159347534180e-01
6.000012159347534180e-01
6.000012159347534180e-01
6.000012159347534180e-01
6.000012159347534180e-01
6.000012159347534180e-01
6.000012159347534180e-01
6.000012159347534180e-01
6.000011563301086426e-01
6.000011563301086426e-01
6.000011563301086426e-01
6.000011563301086426e-01
6.000011563301086426e-01
6.000011563301086426e-01
6.000011563301086426e-01
6.000011563301086426e-01
6.000011563301086426e-01
6.000011563301086426e-01
6.000011563301086426e-01
6.000011563301086426e-01
6.000011563301086426e-01
6.000011563301086426e-01
6.000011563301086426e-01
6.000011563301086426e-01
6.000011563301086426e-01
6.000010967254638672e-01
6.000010967254638672e-01
6.000010967254638672e-01
6.000010967254638672e-01
6.000010967254638672e-01
6.000010967254638672e-01
6.000010967254638672e-01
6.000010967254638672e-01
6.000010967254638672e-01
6.000010967254638672e-01
6.000010967254638672e-01
6.000010967254638672e-01
6.000010967254638672e-01
6.000010967254638672e-01
6.000010967254638672e-01
6.000010967254638672e-01
6.000010967254638672e-01
6.000010371208190918e-01
6.000010371208190918e-01
6.000010371208190918e-01
6.000010371208190918e-01
6.000010371208190918e-01
6.000010371208190918e-01
6.000010371208190918e-01
6.000010371208190918e-01
6.000010371208190918e-01
6.000010371208190918e-01
6.000010371208190918e-01
6.000010371208190918e-01
6.000010371208190918e-01
6.000010371208190918e-01
6.000010371208190918e-01
6.000010371208190918e-01
6.000010371208190918e-01
6.000010371208190918e-01
6.000009775161743164e-01
6.000009775161743164e-01
6.000009775161743164e-01
6.000009775161743164e-01
6.000009775161743164e-01
6.000009775161743164e-01
6.000009775161743164e-01
6.000009775161743164e-01
6.000009775161743164e-01
6.000009775161743164e-01
6.000009775161743164e-01
6.000009775161743164e-01
6.000009775161743164e-01
6.000009775161743164e-01
6.000009775161743164e-01
6.000009775161743164e-01
6.000009775161743164e-01
6.000009775161743164e-01
6.000009775161743164e-01
6.000009775161743164e-01
6.000009179115295410e-01
6.000009179115295410e-01
6.000009179115295410e-01
6.000009179115295410e-01
6.000009179115295410e-01
6.000009179115295410e-01
6.000009179115295410e-01
6.000009179115295410e-01
6.000009179115295410e-01
6.000009179115295410e-01
6.000009179115295410e-01
6.000009179115295410e-01
6.000009179115295410e-01
6.000009179115295410e-01
6.000009179115295410e-01
6.000009179115295410e-01
6.000009179115295410e-01
6.000009179115295410e-01
6.000009179115295410e-01
6.000009179115295410e-01
6.000008583068847656e-01
6.000008583068847656e-01
6.000008583068847656e-01
6.000008583068847656e-01
6.000008583068847656e-01
6.000008583068847656e-01
6.000008583068847656e-01
