1.000100016593933105e+00
1.000120162963867188e+00
1.000139355659484863e+00
1.000157952308654785e+00
1.000175952911376953e+00
1.000193953514099121e+00
1.000210404396057129e+00
1.000226020812988281e+00
1.000240802764892578e+00
1.000254511833190918e+00
1.000267744064331055e+00
1.000279307365417480e+00
1.000289797782897949e+00
1.000299096107482910e+00
1.000307559967041016e+00
1.000314474105834961e+00
1.000320076942443848e+00
1.000324487686157227e+00
1.000327587127685547e+00
1.000329613685607910e+00
1.000330209732055664e+00
1.000329494476318359e+00
1.000327587127685547e+00
1.000324487686157227e+00
1.000319957733154297e+00
1.000314354896545410e+00
1.000307559967041016e+00
1.000299811363220215e+00
1.000290513038635254e+00
1.000280499458312988e+00
1.000269412994384766e+00
1.000257492065429688e+00
1.000244736671447754e+00
1.000230550765991211e+00
1.000216007232666016e+00
1.000200867652893066e+00
1.000185132026672363e+00
1.000168800354003906e+00
1.000151395797729492e+00
1.000134110450744629e+00
1.000116586685180664e+00
1.000098943710327148e+00
1.000080585479736328e+00
1.000063180923461914e+00
1.000046610832214355e+00
1.000032424926757812e+00
1.000025272369384766e+00
1.000030398368835449e+00
1.000043511390686035e+00
1.000059127807617188e+00
1.000075578689575195e+00
1.000092029571533203e+00
1.000108957290649414e+00
1.000124812126159668e+00
1.000140190124511719e+00
1.000154972076416016e+00
1.000169634819030762e+00
1.000182986259460449e+00
1.000195503234863281e+00
1.000207304954528809e+00
1.000218152999877930e+00
1.000228524208068848e+00
1.000237464904785156e+00
1.000245451927185059e+00
1.000252485275268555e+00
1.000258445739746094e+00
1.000263452529907227e+00
1.000267267227172852e+00
1.000270009040832520e+00
1.000271558761596680e+00
1.000272154808044434e+00
1.000271677970886230e+00
1.000270009040832520e+00
1.000267386436462402e+00
1.000263690948486328e+00
1.000258803367614746e+00
1.000253081321716309e+00
1.000246405601501465e+00
1.000238895416259766e+00
1.000230431556701660e+00
1.000220656394958496e+00
1.000210523605346680e+00
1.000199556350708008e+00
1.000187993049621582e+00
1.000175237655639648e+00
1.000162363052368164e+00
1.000148892402648926e+00
1.000134944915771484e+00
1.000120759010314941e+00
1.000105500221252441e+00
1.000090599060058594e+00
1.000075697898864746e+00
1.000060796737670898e+00
1.000046253204345703e+00
1.000032424926757812e+00
1.000022888183593750e+00
1.000022411346435547e+00
1.000031352043151855e+00
1.000044703483581543e+00
1.000058770179748535e+00
1.000072956085205078e+00
1.000087261199951172e+00
1.000101208686828613e+00
1.000115275382995605e+00
1.000128507614135742e+00
1.000141143798828125e+00
1.000153183937072754e+00
1.000164628028869629e+00
1.000175833702087402e+00
1.000185966491699219e+00
1.000195145606994629e+00
1.000203728675842285e+00
1.000211715698242188e+00
1.000218510627746582e+00
1.000224471092224121e+00
1.000229597091674805e+00
1.000233769416809082e+00
1.000237107276916504e+00
1.000239491462707520e+00
1.000240802764892578e+00
1.000241398811340332e+00
1.000240921974182129e+00
1.000239491462707520e+00
1.000237226486206055e+00
1.000234127044677734e+00
1.000230073928833008e+00
1.000225067138671875e+00
1.000219345092773438e+00
1.000212907791137695e+00
1.000205636024475098e+00
1.000197649002075195e+00
1.000188708305358887e+00
1.000179409980773926e+00
1.000169396400451660e+00
1.000158905982971191e+00
1.000147938728332520e+00
1.000136017799377441e+00
1.000124216079711914e+00
1.000111937522888184e+00
1.000099420547485352e+00
1.000086188316345215e+00
1.000073313713073730e+00
1.000060439109802246e+00
1.000047683715820312e+00
1.000035524368286133e+00
1.000024437904357910e+00
1.000018477439880371e+00
1.000021219253540039e+00
1.000030279159545898e+00
1.000041604042053223e+00
1.000054001808166504e+00
1.000066041946411133e+00
1.000077843666076660e+00
1.000089406967163086e+00
1.000101089477539062e+00
1.000111937522888184e+00
1.000122189521789551e+00
1.000131964683532715e+00
1.000141263008117676e+00
1.000150203704833984e+00
1.000158071517944336e+00
1.000165343284606934e+00
1.000172019004821777e+00
1.000177860260009766e+00
1.000183224678039551e+00
1.000187516212463379e+00
1.000191211700439453e+00
1.000193953514099121e+00
1.000196099281311035e+00
1.000197291374206543e+00
1.000197768211364746e+00
1.000197410583496094e+00
1.000196337699890137e+00
1.000194311141967773e+00
1.000191688537597656e+00
1.000188350677490234e+00
1.000184178352355957e+00
1.000179409980773926e+00
1.000173687934875488e+00
1.000167489051818848e+00
1.000160813331604004e+00
1.000153422355651855e+00
1.000145196914672852e+00
1.000136733055114746e+00
1.000127792358398438e+00
1.000118494033813477e+00
1.000108718872070312e+00
1.000098228454589844e+00
1.000087857246398926e+00
1.000077128410339355e+00
1.000066280364990234e+00
1.000055432319641113e+00
1.000044107437133789e+00
1.000033617019653320e+00
1.000023841857910156e+00
1.000016808509826660e+00
1.000016450881958008e+00
1.000023007392883301e+00
1.000032305717468262e+00
1.000042557716369629e+00
1.000052928924560547e+00
1.000063776969909668e+00
1.000073909759521484e+00
1.000083923339843750e+00
1.000093460083007812e+00
1.000102758407592773e+00
1.000111937522888184e+00
1.000120282173156738e+00
1.000128149986267090e+00
1.000135540962219238e+00
1.000142574310302734e+00
1.000148773193359375e+00
1.000154495239257812e+00
1.000159502029418945e+00
1.000163912773132324e+00
1.000167727470397949e+00
1.000170826911926270e+00
1.000173211097717285e+00
1.000174999237060547e+00
1.000176072120666504e+00
1.000176548957824707e+00
1.000176191329956055e+00
1.000175237655639648e+00
1.000173687934875488e+00
1.000171303749084473e+00
1.000168442726135254e+00
1.000164985656738281e+00
1.000160813331604004e+00
1.000156164169311523e+00
1.000150680541992188e+00
1.000144958496093750e+00
1.000138640403747559e+00
1.000131845474243164e+00
1.000124692916870117e+00
1.000116705894470215e+00
1.000108718872070312e+00
1.000100374221801758e+00
1.000091791152954102e+00
1.000082492828369141e+00
1.000073432922363281e+00
1.000064134597778320e+00
1.000054717063903809e+00
1.000045299530029297e+00
1.000035643577575684e+00
1.000026702880859375e+00
1.000018715858459473e+00
1.000013709068298340e+00
1.000014901161193848e+00
1.000021338462829590e+00
1.000029444694519043e+00
1.000038146972656250e+00
1.000046849250793457e+00
1.000055789947509766e+00
1.000064253807067871e+00
1.000072479248046875e+00
1.000080347061157227e+00
1.000087976455688477e+00
1.000095367431640625e+00
1.000102162361145020e+00
1.000108361244201660e+00
1.000114202499389648e+00
1.000119566917419434e+00
1.000124573707580566e+00
1.000128984451293945e+00
1.000132679939270020e+00
1.000135898590087891e+00
1.000138640403747559e+00
1.000140786170959473e+00
1.000142335891723633e+00
1.000143170356750488e+00
1.000143647193908691e+00
1.000143408775329590e+00
1.000142574310302734e+00
1.000141263008117676e+00
1.000139355659484863e+00
1.000136971473693848e+00
1.000133872032165527e+00
1.000130414962768555e+00
1.000126361846923828e+00
1.000121951103210449e+00
1.000116825103759766e+00
1.000111579895019531e+00
1.000105738639831543e+00
1.000099658966064453e+00
1.000093221664428711e+00
1.000086069107055664e+00
1.000079035758972168e+00
1.000071644783020020e+00
1.000064134597778320e+00
1.000056385993957520e+00
1.000048160552978516e+00
1.000040173530578613e+00
1.000032305717468262e+00
1.000024557113647461e+00
1.000017285346984863e+00
1.000012159347534180e+00
1.000011920928955078e+00
1.000016570091247559e+00
1.000023484230041504e+00
1.000031113624572754e+00
1.000038743019104004e+00
1.000046372413635254e+00
1.000053763389587402e+00
1.000061035156250000e+00
1.000068306922912598e+00
1.000075101852416992e+00
1.000081539154052734e+00
1.000087738037109375e+00
1.000093698501586914e+00
1.000099062919616699e+00
1.000104069709777832e+00
1.000108599662780762e+00
1.000112771987915039e+00
1.000116586685180664e+00
1.000119805335998535e+00
1.000122547149658203e+00
1.000124812126159668e+00
1.000126600265502930e+00
1.000128030776977539e+00
1.000128865242004395e+00
1.000129103660583496e+00
1.000128984451293945e+00
1.000128269195556641e+00
1.000127077102661133e+00
1.000125527381896973e+00
1.000123500823974609e+00
1.000120878219604492e+00
1.000117897987365723e+00
1.000114440917968750e+00
1.000110626220703125e+00
1.000106453895568848e+00
1.000101923942565918e+00
1.000096797943115234e+00
1.000091552734375000e+00
1.000086069107055664e+00
1.000080227851867676e+00
1.000073909759521484e+00
1.000067591667175293e+00
1.000061154365539551e+00
1.000054478645324707e+00
1.000047802925109863e+00
1.000040650367736816e+00
1.000033736228942871e+00
1.000026941299438477e+00
1.000020384788513184e+00
1.000014424324035645e+00
1.000010251998901367e+00
1.000010490417480469e+00
1.000014781951904297e+00
1.000020623207092285e+00
1.000027060508728027e+00
1.000033378601074219e+00
1.000039696693420410e+00
1.000045895576477051e+00
1.000051856040954590e+00
1.000057935714721680e+00
1.000063419342041016e+00
1.000068664550781250e+00
1.000073552131652832e+00
1.000078201293945312e+00
1.000082612037658691e+00
1.000086545944213867e+00
1.000090122222900391e+00
1.000093221664428711e+00
1.000096201896667480e+00
1.000098466873168945e+00
1.000100493431091309e+00
1.000102043151855469e+00
1.000103116035461426e+00
1.000103950500488281e+00
1.000104188919067383e+00
1.000104069709777832e+00
1.000103592872619629e+00
1.000102639198303223e+00
1.000101208686828613e+00
1.000099420547485352e+00
1.000097274780273438e+00
1.000094771385192871e+00
1.000091791152954102e+00
1.000088572502136230e+00
1.000084996223449707e+00
1.000081181526184082e+00
1.000077009201049805e+00
1.000072360038757324e+00
1.000067710876464844e+00
1.000062704086303711e+00
1.000057578086853027e+00
1.000052213668823242e+00
1.000046491622924805e+00
1.000040888786315918e+00
1.000035166740417480e+00
1.000029325485229492e+00
1.000023365020751953e+00
1.000017762184143066e+00
1.000012636184692383e+00
1.000008940696716309e+00
1.000008702278137207e+00
1.000012278556823730e+00
1.000017285346984863e+00
1.000022649765014648e+00
1.000028252601623535e+00
1.000033736228942871e+00
1.000039458274841309e+00
1.000044703483581543e+00
1.000049829483032227e+00
1.000054836273193359e+00
1.000059723854064941e+00
1.000064134597778320e+00
1.000068426132202148e+00
1.000072360038757324e+00
1.000075936317443848e+00
1.000079512596130371e+00
1.000082492828369141e+00
1.000085234642028809e+00
1.000087618827819824e+00
1.000089645385742188e+00
1.000091314315795898e+00
1.000092744827270508e+00
1.000093698501586914e+00
1.000094294548034668e+00
1.000094532966613770e+00
1.000094413757324219e+00
1.000093936920166016e+00
1.000093221664428711e+00
1.000092029571533203e+00
1.000090479850769043e+00
1.000088691711425781e+00
1.000086545944213867e+00
1.000084042549133301e+00
1.000081300735473633e+00
1.000078201293945312e+00
1.000074863433837891e+00
1.000071287155151367e+00
1.000067472457885742e+00
1.000063300132751465e+00
1.000059127807617188e+00
1.000054717063903809e+00
1.000050067901611328e+00
1.000045418739318848e+00
1.000040411949157715e+00
1.000035405158996582e+00
1.000030398368835449e+00
1.000025391578674316e+00
1.000020384788513184e+00
1.000015377998352051e+00
1.000010967254638672e+00
1.000007748603820801e+00
1.000007390975952148e+00
1.000010251998901367e+00
1.000014424324035645e+00
1.000018954277038574e+00
1.000023603439331055e+00
1.000028252601623535e+00
1.000032901763916016e+00
1.000037193298339844e+00
1.000041484832763672e+00
1.000045537948608398e+00
1.000049352645874023e+00
1.000053048133850098e+00
1.000056505203247070e+00
1.000059604644775391e+00
1.000062465667724609e+00
1.000065207481384277e+00
1.000067472457885742e+00
1.000069499015808105e+00
1.000071287155151367e+00
1.000072717666625977e+00
1.000073909759521484e+00
1.000074744224548340e+00
1.000075340270996094e+00
1.000075578689575195e+00
1.000075459480285645e+00
1.000075101852416992e+00
1.000074386596679688e+00
1.000073432922363281e+00
1.000072240829467773e+00
1.000070571899414062e+00
1.000068783760070801e+00
1.000066757202148438e+00
1.000064373016357422e+00
1.000061869621276855e+00
1.000058889389038086e+00
1.000055909156799316e+00
1.000052690505981445e+00
1.000049233436584473e+00
1.000045657157897949e+00
1.000041723251342773e+00
1.000037908554077148e+00
1.000033855438232422e+00
1.000029802322387695e+00
1.000025391578674316e+00
1.000021219253540039e+00
1.000017046928405762e+00
1.000012874603271484e+00
1.000009179115295410e+00
1.000006437301635742e+00
1.000006318092346191e+00
1.000008940696716309e+00
1.000012636184692383e+00
1.000016570091247559e+00
1.000020742416381836e+00
1.000024795532226562e+00
1.000028729438781738e+00
1.000032663345336914e+00
1.000036597251892090e+00
1.000040173530578613e+00
1.000043630599975586e+00
1.000046849250793457e+00
1.000049948692321777e+00
1.000052928924560547e+00
1.000055670738220215e+00
1.000058054924011230e+00
1.000060319900512695e+00
1.000062346458435059e+00
1.000064134597778320e+00
1.000065684318542480e+00
1.000066876411437988e+00
1.000067830085754395e+00
1.000068664550781250e+00
1.000069022178649902e+00
1.000069260597229004e+00
1.000069260597229004e+00
1.000068902969360352e+00
1.000068306922912598e+00
1.000067472457885742e+00
1.000066399574279785e+00
1.000065088272094727e+00
1.000063538551330566e+00
1.000061750411987305e+00
1.000059723854064941e+00
1.000057578086853027e+00
1.000055074691772461e+00
1.000052452087402344e+00
1.000049710273742676e+00
1.000046730041503906e+00
1.000043630599975586e+00
1.000040411949157715e+00
1.000036954879760742e+00
1.000033617019653320e+00
1.000030040740966797e+00
1.000026464462280273e+00
1.000022768974304199e+00
1.000019073486328125e+00
1.000015377998352051e+00
1.000011801719665527e+00
1.000008583068847656e+00
1.000005841255187988e+00
1.000005245208740234e+00
1.000007033348083496e+00
1.000010013580322266e+00
1.000013232231140137e+00
1.000016689300537109e+00
1.000020027160644531e+00
1.000023365020751953e+00
1.000026583671569824e+00
1.000029683113098145e+00
1.000032663345336914e+00
1.000035524368286133e+00
1.000038146972656250e+00
1.000040650367736816e+00
1.000043034553527832e+00
1.000045061111450195e+00
1.000046968460083008e+00
1.000048756599426270e+00
1.000050187110900879e+00
1.000051617622375488e+00
1.000052690505981445e+00
1.000053524971008301e+00
1.000054121017456055e+00
1.000054478645324707e+00
1.000054717063903809e+00
1.000054717063903809e+00
1.000054478645324707e+00
1.000054001808166504e+00
1.000053286552429199e+00
1.000052332878112793e+00
1.000051259994506836e+00
1.000049948692321777e+00
1.000048398971557617e+00
1.000046730041503906e+00
1.000044822692871094e+00
1.000042796134948730e+00
1.000040531158447266e+00
1.000038266181945801e+00
1.000035643577575684e+00
1.000033020973205566e+00
1.000030279159545898e+00
1.000027537345886230e+00
1.000024437904357910e+00
1.000021457672119141e+00
1.000018477439880371e+00
1.000015377998352051e+00
1.000012397766113281e+00
1.000009298324584961e+00
1.000006556510925293e+00
1.000004649162292480e+00
1.000004649162292480e+00
1.000006556510925293e+00
1.000009298324584961e+00
1.000012278556823730e+00
1.000015139579772949e+00
1.000018119812011719e+00
1.000021219253540039e+00
1.000023961067199707e+00
1.000026702880859375e+00
1.000029325485229492e+00
1.000031948089599609e+00
1.000034332275390625e+00
1.000036597251892090e+00
1.000038743019104004e+00
1.000040769577026367e+00
1.000042557716369629e+00
1.000044226646423340e+00
1.000045657157897949e+00
1.000046968460083008e+00
1.000048041343688965e+00
1.000048995018005371e+00
1.000049710273742676e+00
1.000050306320190430e+00
1.000050663948059082e+00
1.000050783157348633e+00
1.000050783157348633e+00
1.000050544738769531e+00
1.000050187110900879e+00
1.000049591064453125e+00
1.000048756599426270e+00
1.000047802925109863e+00
1.000046730041503906e+00
1.000045418739318848e+00
1.000043988227844238e+00
1.000042319297790527e+00
1.000040531158447266e+00
1.000038743019104004e+00
1.000036716461181641e+00
1.000034570693969727e+00
1.000032186508178711e+00
1.000029921531677246e+00
1.000027537345886230e+00
1.000025033950805664e+00
1.000022292137145996e+00
1.000019669532775879e+00
1.000017046928405762e+00
1.000014424324035645e+00
1.000011682510375977e+00
1.000009059906005859e+00
1.000006556510925293e+00
1.000004529953002930e+00
1.000003814697265625e+00
1.000004768371582031e+00
1.000006914138793945e+00
1.000009298324584961e+00
1.000011682510375977e+00
1.000014185905456543e+00
1.000016689300537109e+00
1.000018954277038574e+00
1.000021219253540039e+00
1.000023365020751953e+00
1.000025391578674316e+00
1.000027418136596680e+00
1.000029206275939941e+00
1.000030875205993652e+00
1.000032424926757812e+00
1.000033855438232422e+00
1.000035166740417480e+00
1.000036239624023438e+00
1.000037193298339844e+00
1.000038027763366699e+00
1.000038623809814453e+00
1.000039100646972656e+00
1.000039458274841309e+00
1.000039577484130859e+00
1.000039577484130859e+00
1.000039458274841309e+00
1.000039100646972656e+00
1.000038623809814453e+00
1.000037908554077148e+00
1.000037193298339844e+00
1.000036120414733887e+00
1.000035047531127930e+00
1.000033855438232422e+00
1.000032544136047363e+00
1.000030994415283203e+00
1.000029325485229492e+00
1.000027656555175781e+00
1.000025868415832520e+00
1.000023961067199707e+00
1.000021934509277344e+00
1.000019907951354980e+00
1.000017762184143066e+00
1.000015616416931152e+00
1.000013351440429688e+00
1.000011086463928223e+00
1.000008821487426758e+00
1.000006675720214844e+00
1.000004649162292480e+00
1.000003337860107422e+00
1.000003457069396973e+00
1.000004887580871582e+00
1.000006914138793945e+00
1.000009059906005859e+00
1.000011205673217773e+00
1.000013351440429688e+00
1.000015497207641602e+00
1.000017642974853516e+00
1.000019550323486328e+00
1.000021576881408691e+00
1.000023484230041504e+00
1.000025153160095215e+00
1.000026822090148926e+00
1.000028491020202637e+00
1.000029921531677246e+00
1.000031232833862305e+00
1.000032424926757812e+00
1.000033497810363770e+00
1.000034451484680176e+00
1.000035285949707031e+00
1.000036001205444336e+00
1.000036478042602539e+00
1.000036835670471191e+00
1.000037193298339844e+00
1.000037312507629395e+00
1.000037312507629395e+00
1.000037074089050293e+00
1.000036835670471191e+00
1.000036358833312988e+00
1.000035881996154785e+00
1.000035166740417480e+00
1.000034332275390625e+00
1.000033378601074219e+00
1.000032305717468262e+00
1.000031232833862305e+00
1.000029921531677246e+00
1.000028610229492188e+00
1.000027060508728027e+00
1.000025510787963867e+00
1.000023841857910156e+00
1.000022172927856445e+00
1.000020384788513184e+00
1.000018596649169922e+00
1.000016689300537109e+00
1.000014781951904297e+00
1.000012874603271484e+00
1.000010848045349121e+00
1.000008821487426758e+00
1.000006914138793945e+00
1.000005125999450684e+00
1.000003576278686523e+00
1.000002741813659668e+00
1.000003337860107422e+00
1.000004768371582031e+00
1.000006437301635742e+00
1.000008225440979004e+00
1.000010013580322266e+00
1.000011801719665527e+00
1.000013470649719238e+00
1.000015139579772949e+00
1.000016689300537109e+00
1.000018239021301270e+00
1.000019669532775879e+00
1.000020980834960938e+00
1.000022172927856445e+00
1.000023365020751953e+00
1.000024437904357910e+00
1.000025272369384766e+00
1.000026106834411621e+00
1.000026822090148926e+00
1.000027418136596680e+00
1.000027894973754883e+00
1.000028252601623535e+00
1.000028491020202637e+00
1.000028610229492188e+00
1.000028610229492188e+00
1.000028491020202637e+00
1.000028252601623535e+00
1.000027894973754883e+00
1.000027418136596680e+00
1.000026822090148926e+00
1.000026226043701172e+00
1.000025391578674316e+00
1.000024437904357910e+00
1.000023484230041504e+00
1.000022411346435547e+00
1.000021219253540039e+00
1.000020027160644531e+00
1.000018715858459473e+00
1.000017285346984863e+00
1.000015854835510254e+00
1.000014305114746094e+00
1.000012874603271484e+00
1.000011205673217773e+00
1.000009536743164062e+00
1.000007987022399902e+00
1.000006318092346191e+00
1.000004768371582031e+00
1.000003337860107422e+00
1.000002384185791016e+00
1.000002503395080566e+00
1.000003695487976074e+00
1.000005125999450684e+00
1.000006675720214844e+00
1.000008344650268555e+00
1.000009894371032715e+00
1.000011444091796875e+00
1.000012993812561035e+00
1.000014424324035645e+00
1.000015854835510254e+00
1.000017166137695312e+00
1.000018596649169922e+00
1.000019788742065430e+00
1.000020861625671387e+00
1.000021934509277344e+00
1.000022888183593750e+00
1.000023841857910156e+00
1.000024557113647461e+00
1.000025272369384766e+00
1.000025868415832520e+00
1.000026345252990723e+00
1.000026822090148926e+00
1.000027060508728027e+00
1.000027298927307129e+00
1.000027418136596680e+00
1.000027418136596680e+00
1.000027298927307129e+00
1.000027060508728027e+00
1.000026822090148926e+00
1.000026345252990723e+00
1.000025868415832520e+00
1.000025272369384766e+00
1.000024676322937012e+00
1.000023841857910156e+00
1.000023007392883301e+00
1.000022053718566895e+00
1.000021100044250488e+00
1.000020027160644531e+00
1.000018954277038574e+00
1.000017642974853516e+00
1.000016450881958008e+00
1.000015139579772949e+00
1.000013828277587891e+00
1.000012516975402832e+00
1.000011086463928223e+00
1.000009655952453613e+00
1.000008225440979004e+00
1.000006794929504395e+00
1.000005364418029785e+00
1.000003933906555176e+00
1.000002861022949219e+00
1.000002026557922363e+00
1.000002264976501465e+00
1.000003218650817871e+00
1.000004410743713379e+00
1.000005722045898438e+00
1.000007033348083496e+00
1.000008225440979004e+00
1.000009536743164062e+00
1.000010728836059570e+00
1.000011920928955078e+00
1.000012993812561035e+00
1.000014066696166992e+00
1.000015020370483398e+00
1.000015974044799805e+00
1.000016808509826660e+00
1.000017523765563965e+00
1.000018239021301270e+00
1.000018835067749023e+00
1.000019311904907227e+00
1.000019788742065430e+00
1.000020146369934082e+00
1.000020384788513184e+00
1.000020503997802734e+00
1.000020623207092285e+00
1.000020623207092285e+00
1.000020623207092285e+00
1.000020384788513184e+00
1.000020146369934082e+00
1.000019788742065430e+00
1.000019431114196777e+00
1.000018835067749023e+00
1.000018358230590820e+00
1.000017642974853516e+00
1.000016927719116211e+00
1.000016212463378906e+00
1.000015377998352051e+00
1.000014424324035645e+00
1.000013470649719238e+00
1.000012516975402832e+00
1.000011444091796875e+00
1.000010371208190918e+00
1.000009179115295410e+00
1.000008106231689453e+00
1.000006914138793945e+00
1.000005602836608887e+00
1.000004529953002930e+00
1.000003337860107422e+00
1.000002384185791016e+00
1.000001668930053711e+00
1.000001907348632812e+00
1.000002741813659668e+00
1.000003814697265625e+00
1.000005006790161133e+00
1.000006198883056641e+00
1.000007390975952148e+00
1.000008463859558105e+00
1.000009536743164062e+00
1.000010609626770020e+00
1.000011682510375977e+00
1.000012755393981934e+00
1.000013589859008789e+00
1.000014543533325195e+00
1.000015377998352051e+00
1.000016093254089355e+00
1.000016808509826660e+00
1.000017523765563965e+00
1.000018119812011719e+00
1.000018596649169922e+00
1.000019073486328125e+00
1.000019431114196777e+00
1.000019669532775879e+00
1.000019907951354980e+00
1.000020146369934082e+00
1.000020146369934082e+00
1.000020146369934082e+00
1.000020146369934082e+00
1.000019907951354980e+00
1.000019669532775879e+00
1.000019431114196777e+00
1.000019073486328125e+00
1.000018715858459473e+00
1.000018239021301270e+00
1.000017642974853516e+00
1.000017046928405762e+00
1.000016331672668457e+00
1.000015616416931152e+00
1.000014781951904297e+00
1.000014066696166992e+00
1.000013113021850586e+00
1.000012278556823730e+00
1.000011324882507324e+00
1.000010371208190918e+00
1.000009298324584961e+00
1.000008344650268555e+00
1.000007271766662598e+00
1.000006198883056641e+00
1.000005125999450684e+00
1.000004172325134277e+00
1.000003099441528320e+00
1.000002264976501465e+00
1.000001549720764160e+00
1.000001549720764160e+00
1.000002145767211914e+00
1.000002980232238770e+00
1.000003933906555176e+00
1.000004887580871582e+00
1.000005841255187988e+00
1.000006675720214844e+00
1.000007629394531250e+00
1.000008463859558105e+00
1.000009298324584961e+00
1.000010013580322266e+00
1.000010728836059570e+00
1.000011324882507324e+00
1.000012040138244629e+00
1.000012516975402832e+00
1.000013113021850586e+00
1.000013470649719238e+00
1.000013828277587891e+00
1.000014185905456543e+00
1.000014424324035645e+00
1.000014662742614746e+00
1.000014781951904297e+00
1.000014901161193848e+00
1.000014901161193848e+00
1.000014781951904297e+00
1.000014662742614746e+00
1.000014543533325195e+00
1.000014305114746094e+00
1.000013947486877441e+00
1.000013589859008789e+00
1.000013232231140137e+00
1.000012755393981934e+00
1.000012278556823730e+00
1.000011682510375977e+00
1.000011086463928223e+00
1.000010371208190918e+00
1.000009655952453613e+00
1.000008940696716309e+00
1.000008225440979004e+00
1.000007390975952148e+00
1.000006556510925293e+00
1.000005722045898438e+00
1.000004887580871582e+00
1.000004053115844727e+00
1.000003218650817871e+00
1.000002384185791016e+00
1.000001668930053711e+00
1.000001192092895508e+00
1.000001430511474609e+00
1.000002145767211914e+00
1.000002861022949219e+00
1.000003814697265625e+00
1.000004649162292480e+00
1.000005483627319336e+00
1.000006318092346191e+00
1.000007152557373047e+00
1.000007867813110352e+00
1.000008702278137207e+00
1.000009417533874512e+00
1.000010013580322266e+00
1.000010728836059570e+00
1.000011324882507324e+00
1.000011920928955078e+00
1.000012397766113281e+00
1.000012874603271484e+00
1.000013351440429688e+00
1.000013709068298340e+00
1.000014066696166992e+00
1.000014305114746094e+00
1.000014543533325195e+00
1.000014662742614746e+00
1.000014781951904297e+00
1.000014901161193848e+00
1.000014901161193848e+00
1.000014781951904297e+00
1.000014662742614746e+00
1.000014543533325195e+00
1.000014305114746094e+00
1.000014066696166992e+00
1.000013828277587891e+00
1.000013470649719238e+00
1.000012993812561035e+00
1.000012636184692383e+00
1.000012040138244629e+00
1.000011563301086426e+00
1.000010967254638672e+00
1.000010371208190918e+00
1.000009775161743164e+00
1.000009059906005859e+00
1.000008463859558105e+00
1.000007748603820801e+00
1.000007033348083496e+00
1.000006318092346191e+00
1.000005483627319336e+00
1.000004768371582031e+00
1.000003933906555176e+00
1.000003218650817871e+00
1.000002503395080566e+00
1.000001788139343262e+00
1.000001192092895508e+00
1.000001072883605957e+00
1.000001430511474609e+00
1.000002026557922363e+00
1.000002622604370117e+00
1.000003337860107422e+00
1.000004053115844727e+00
1.000004649162292480e+00
1.000005364418029785e+00
1.000005960464477539e+00
1.000006556510925293e+00
1.000007152557373047e+00
1.000007629394531250e+00
1.000008106231689453e+00
1.000008583068847656e+00
1.000008940696716309e+00
1.000009298324584961e+00
1.000009655952453613e+00
1.000009894371032715e+00
1.000010132789611816e+00
1.000010371208190918e+00
1.000010490417480469e+00
1.000010609626770020e+00
1.000010728836059570e+00
1.000010728836059570e+00
1.000010609626770020e+00
1.000010609626770020e+00
1.000010490417480469e+00
1.000010251998901367e+00
1.000010013580322266e+00
1.000009775161743164e+00
1.000009536743164062e+00
1.000009179115295410e+00
1.000008821487426758e+00
1.000008344650268555e+00
1.000007987022399902e+00
1.000007510185241699e+00
1.000006914138793945e+00
1.000006437301635742e+00
1.000005841255187988e+00
1.000005245208740234e+00
1.000004649162292480e+00
1.000004053115844727e+00
1.000003457069396973e+00
1.000002861022949219e+00
1.000002145767211914e+00
1.000001668930053711e+00
1.000001072883605957e+00
1.000000834465026855e+00
1.000001072883605957e+00
1.000001668930053711e+00
1.000002264976501465e+00
1.000002861022949219e+00
1.000003457069396973e+00
1.000004053115844727e+00
1.000004649162292480e+00
1.000005245208740234e+00
1.000005841255187988e+00
1.000006437301635742e+00
1.000006914138793945e+00
1.000007390975952148e+00
1.000007867813110352e+00
1.000008344650268555e+00
1.000008821487426758e+00
1.000009179115295410e+00
1.000009536743164062e+00
1.000009775161743164e+00
1.000010132789611816e+00
1.000010371208190918e+00
1.000010609626770020e+00
1.000010728836059570e+00
1.000010848045349121e+00
1.000010967254638672e+00
1.000010967254638672e+00
1.000010967254638672e+00
1.000010967254638672e+00
1.000010848045349121e+00
1.000010728836059570e+00
1.000010609626770020e+00
1.000010371208190918e+00
1.000010251998901367e+00
1.000009894371032715e+00
1.000009655952453613e+00
1.000009298324584961e+00
1.000008940696716309e+00
1.000008583068847656e+00
1.000008225440979004e+00
1.000007748603820801e+00
1.000007271766662598e+00
1.000006794929504395e+00
1.000006318092346191e+00
1.000005841255187988e+00
1.000005245208740234e+00
1.000004768371582031e+00
1.000004172325134277e+00
1.000003576278686523e+00
1.000003099441528320e+00
1.000002503395080566e+00
1.000001907348632812e+00
1.000001430511474609e+00
1.000001072883605957e+00
1.000000834465026855e+00
1.000000953674316406e+00
1.000001311302185059e+00
1.000001788139343262e+00
1.000002264976501465e+00
1.000002741813659668e+00
1.000003218650817871e+00
1.000003695487976074e+00
1.000004172325134277e+00
1.000004649162292480e+00
1.000005006790161133e+00
1.000005364418029785e+00
1.000005722045898438e+00
1.000006079673767090e+00
1.000006437301635742e+00
1.000006675720214844e+00
1.000006914138793945e+00
1.000007152557373047e+00
1.000007271766662598e+00
1.000007390975952148e+00
1.000007510185241699e+00
1.000007629394531250e+00
1.000007629394531250e+00
1.000007629394531250e+00
1.000007629394531250e+00
1.000007629394531250e+00
1.000007510185241699e+00
1.000007390975952148e+00
1.000007152557373047e+00
1.000007033348083496e+00
1.000006794929504395e+00
1.000006556510925293e+00
1.000006318092346191e+00
1.000005960464477539e+00
1.000005722045898438e+00
1.000005364418029785e+00
1.000005006790161133e+00
1.000004529953002930e+00
1.000004172325134277e+00
1.000003814697265625e+00
1.000003337860107422e+00
1.000002861022949219e+00
1.000002384185791016e+00
1.000002026557922363e+00
1.000001549720764160e+00
1.000001072883605957e+00
1.000000715255737305e+00
1.000000596046447754e+00
1.000000834465026855e+00
1.000001311302185059e+00
1.000001668930053711e+00
1.000002145767211914e+00
1.000002622604370117e+00
1.000003099441528320e+00
1.000003457069396973e+00
1.000003933906555176e+00
1.000004410743713379e+00
1.000004768371582031e+00
1.000005125999450684e+00
1.000005483627319336e+00
1.000005841255187988e+00
1.000006198883056641e+00
1.000006556510925293e+00
1.000006794929504395e+00
1.000007033348083496e+00
1.000007271766662598e+00
1.000007510185241699e+00
1.000007629394531250e+00
1.000007748603820801e+00
1.000007867813110352e+00
1.000007987022399902e+00
1.000008106231689453e+00
1.000008106231689453e+00
1.000008106231689453e+00
1.000008106231689453e+00
1.000007987022399902e+00
1.000007987022399902e+00
1.000007867813110352e+00
1.000007748603820801e+00
1.000007510185241699e+00
1.000007390975952148e+00
1.000007152557373047e+00
1.000006914138793945e+00
1.000006675720214844e+00
1.000006437301635742e+00
1.000006079673767090e+00
1.000005841255187988e+00
1.000005483627319336e+00
1.000005125999450684e+00
1.000004768371582031e+00
1.000004410743713379e+00
1.000003933906555176e+00
1.000003576278686523e+00
1.000003218650817871e+00
1.000002741813659668e+00
1.000002384185791016e+00
1.000002026557922363e+00
1.000001549720764160e+00
1.000001192092895508e+00
1.000000834465026855e+00
1.000000596046447754e+00
1.000000596046447754e+00
1.000000834465026855e+00
1.000001192092895508e+00
1.000001549720764160e+00
1.000001907348632812e+00
1.000002264976501465e+00
1.000002622604370117e+00
1.000002861022949219e+00
1.000003218650817871e+00
1.000003576278686523e+00
1.000003814697265625e+00
1.000004053115844727e+00
1.000004291534423828e+00
1.000004529953002930e+00
1.000004768371582031e+00
1.000004887580871582e+00
1.000005006790161133e+00
1.000005245208740234e+00
1.000005245208740234e+00
1.000005364418029785e+00
1.000005483627319336e+00
1.000005483627319336e+00
1.000005483627319336e+00
1.000005483627319336e+00
1.000005364418029785e+00
1.000005364418029785e+00
1.000005245208740234e+00
1.000005125999450684e+00
1.000005006790161133e+00
1.000004887580871582e+00
1.000004649162292480e+00
1.000004529953002930e+00
1.000004291534423828e+00
1.000004053115844727e+00
1.000003814697265625e+00
1.000003576278686523e+00
1.000003218650817871e+00
1.000002980232238770e+00
1.000002622604370117e+00
1.000002384185791016e+00
1.000002026557922363e+00
1.000001668930053711e+00
1.000001311302185059e+00
1.000001072883605957e+00
1.000000715255737305e+00
1.000000476837158203e+00
1.000000476837158203e+00
1.000000715255737305e+00
1.000000953674316406e+00
1.000001311302185059e+00
1.000001668930053711e+00
1.000002026557922363e+00
1.000002264976501465e+00
1.000002622604370117e+00
1.000002980232238770e+00
1.000003218650817871e+00
1.000003576278686523e+00
1.000003814697265625e+00
1.000004172325134277e+00
1.000004410743713379e+00
1.000004649162292480e+00
1.000004887580871582e+00
1.000005006790161133e+00
1.000005245208740234e+00
1.000005364418029785e+00
1.000005602836608887e+00
1.000005722045898438e+00
1.000005841255187988e+00
1.000005841255187988e+00
1.000005960464477539e+00
1.000005960464477539e+00
1.000005960464477539e+00
1.000006079673767090e+00
1.000005960464477539e+00
1.000005960464477539e+00
1.000005960464477539e+00
1.000005841255187988e+00
1.000005722045898438e+00
1.000005602836608887e+00
1.000005483627319336e+00
1.000005364418029785e+00
1.000005125999450684e+00
1.000005006790161133e+00
1.000004768371582031e+00
1.000004529953002930e+00
1.000004291534423828e+00
1.000004053115844727e+00
1.000003814697265625e+00
1.000003576278686523e+00
1.000003337860107422e+00
1.000002980232238770e+00
1.000002741813659668e+00
1.000002384185791016e+00
1.000002145767211914e+00
1.000001907348632812e+00
1.000001549720764160e+00
1.000001192092895508e+00
1.000000953674316406e+00
1.000000715255737305e+00
1.000000476837158203e+00
1.000000476837158203e+00
1.000000596046447754e+00
1.000000715255737305e+00
1.000000953674316406e+00
1.000001311302185059e+00
1.000001549720764160e+00
1.000001788139343262e+00
1.000002026557922363e+00
1.000002264976501465e+00
1.000002503395080566e+00
1.000002622604370117e+00
1.000002861022949219e+00
1.000002980232238770e+00
1.000003218650817871e+00
1.000003337860107422e+00
1.000003457069396973e+00
1.000003576278686523e+00
1.000003695487976074e+00
1.000003814697265625e+00
1.000003814697265625e+00
1.000003814697265625e+00
1.000003933906555176e+00
1.000003933906555176e+00
1.000003933906555176e+00
1.000003814697265625e+00
1.000003814697265625e+00
1.000003695487976074e+00
1.000003695487976074e+00
1.000003576278686523e+00
1.000003457069396973e+00
1.000003337860107422e+00
1.000003218650817871e+00
1.000002980232238770e+00
1.000002861022949219e+00
1.000002741813659668e+00
1.000002503395080566e+00
1.000002264976501465e+00
1.000002026557922363e+00
1.000001907348632812e+00
1.000001668930053711e+00
1.000001430511474609e+00
1.000001192092895508e+00
1.000000953674316406e+00
1.000000715255737305e+00
1.000000476837158203e+00
1.000000357627868652e+00
1.000000357627868652e+00
1.000000596046447754e+00
1.000000834465026855e+00
1.000001072883605957e+00
1.000001311302185059e+00
1.000001549720764160e+00
1.000001788139343262e+00
1.000002026557922363e+00
1.000002264976501465e+00
1.000002503395080566e+00
1.000002622604370117e+00
1.000002861022949219e+00
1.000003099441528320e+00
1.000003218650817871e+00
1.000003457069396973e+00
1.000003576278686523e+00
1.000003695487976074e+00
1.000003933906555176e+00
1.000004053115844727e+00
1.000004172325134277e+00
1.000004172325134277e+00
1.000004291534423828e+00
1.000004410743713379e+00
1.000004410743713379e+00
1.000004410743713379e+00
1.000004529953002930e+00
1.000004529953002930e+00
1.000004410743713379e+00
1.000004410743713379e+00
1.000004410743713379e+00
1.000004291534423828e+00
1.000004291534423828e+00
1.000004172325134277e+00
1.000004053115844727e+00
1.000003933906555176e+00
1.000003814697265625e+00
1.000003695487976074e+00
1.000003576278686523e+00
1.000003457069396973e+00
1.000003218650817871e+00
1.000003099441528320e+00
1.000002861022949219e+00
1.000002741813659668e+00
1.000002503395080566e+00
1.000002264976501465e+00
1.000002145767211914e+00
1.000001907348632812e+00
1.000001668930053711e+00
1.000001430511474609e+00
1.000001192092895508e+00
1.000000953674316406e+00
1.000000834465026855e+00
1.000000596046447754e+00
1.000000357627868652e+00
1.000000357627868652e+00
1.000000357627868652e+00
1.000000476837158203e+00
1.000000596046447754e+00
1.000000834465026855e+00
1.000001072883605957e+00
1.000001192092895508e+00
1.000001430511474609e+00
1.000001549720764160e+00
1.000001668930053711e+00
1.000001907348632812e+00
1.000002026557922363e+00
1.000002145767211914e+00
1.000002264976501465e+00
1.000002384185791016e+00
1.000002503395080566e+00
1.000002503395080566e+00
1.000002622604370117e+00
1.000002622604370117e+00
1.000002741813659668e+00
1.000002741813659668e+00
1.000002741813659668e+00
1.000002741813659668e+00
1.000002741813659668e+00
1.000002741813659668e+00
1.000002741813659668e+00
1.000002622604370117e+00
1.000002622604370117e+00
1.000002503395080566e+00
1.000002503395080566e+00
1.000002384185791016e+00
1.000002264976501465e+00
1.000002145767211914e+00
1.000002026557922363e+00
1.000001907348632812e+00
1.000001788139343262e+00
1.000001549720764160e+00
1.000001430511474609e+00
1.000001311302185059e+00
1.000001072883605957e+00
1.000000953674316406e+00
1.000000834465026855e+00
1.000000596046447754e+00
1.000000476837158203e+00
1.000000357627868652e+00
1.000000238418579102e+00
1.000000357627868652e+00
1.000000476837158203e+00
1.000000596046447754e+00
1.000000834465026855e+00
1.000000953674316406e+00
1.000001192092895508e+00
1.000001192092895508e+00
