8.952895586844533682e-05
8.926779992179945111e-05
8.902001718524843454e-05
8.878445805748924613e-05
8.853587496560066938e-05
8.828829595586284995e-05
8.803825767245143652e-05
8.779003110248595476e-05
8.753360452828928828e-05
8.727626845939084888e-05
8.700300531927496195e-05
8.673292904859408736e-05
8.646267815493047237e-05
8.618262654636055231e-05
8.589377102907747030e-05
8.560124842915683985e-05
8.531833009328693151e-05
8.501926640747115016e-05
8.472908666590228677e-05
8.441608224529772997e-05
8.411741873715072870e-05
8.381449879379943013e-05
8.351216820301488042e-05
8.321013592649251223e-05
8.289352263091132045e-05
8.259707101387903094e-05
8.229298691730946302e-05
8.200235606636852026e-05
8.169595821527764201e-05
8.140793943312019110e-05
8.112387877190485597e-05
8.084189903456717730e-05
8.057025115704163909e-05
8.028623415157198906e-05
8.002736285561695695e-05
7.976774213602766395e-05
7.951734005473554134e-05
7.927222031867131591e-05
7.901916251285001636e-05
7.879055920056998730e-05
7.855786680011078715e-05
7.833846757421270013e-05
7.811094110365957022e-05
7.789515802869573236e-05
7.768729847157374024e-05
7.747585914330556989e-05
7.727597403572872281e-05
7.706245378358289599e-05
7.686414755880832672e-05
7.666245801374316216e-05
7.646316953469067812e-05
7.626258593518286943e-05
7.605085556861013174e-05
7.585087587358430028e-05
7.564099360024556518e-05
7.543723040726035833e-05
7.521358202211558819e-05
7.500276842620223761e-05
7.478077168343588710e-05
7.456153980456292629e-05
7.433210703311488032e-05
7.409413956338539720e-05
7.385892968159168959e-05
7.361945608863607049e-05
7.337679562624543905e-05
7.312891830224543810e-05
7.287069456651806831e-05
7.261303107952699065e-05
7.236086821649223566e-05
7.209784234873950481e-05
7.183174602687358856e-05
7.156704668886959553e-05
7.130749872885644436e-05
7.104342512320727110e-05
7.078266207827255130e-05
7.051262218737974763e-05
7.025092781987041235e-05
6.999722972977906466e-05
6.973887502681463957e-05
6.949253292987123132e-05
6.923409819137305021e-05
6.899203435750678182e-05
6.875442340970039368e-05
6.851881335023790598e-05
6.828468758612871170e-05
6.805799785070121288e-05
6.784331344533711672e-05
6.762940756743773818e-05
6.742222467437386513e-05
6.721363752149045467e-05
6.701135862385854125e-05
6.682368257315829396e-05
6.663217936875298619e-05
6.645020766882225871e-05
6.626213144045323133e-05
6.608215335290879011e-05
6.590934935957193375e-05
6.573177233804017305e-05
6.555734580615535378e-05
6.538398156408220530e-05
6.521531759062781930e-05
6.504351767944172025e-05
6.487259088316932321e-05
6.469417712651193142e-05
6.451722583733499050e-05
6.434389069909229875e-05
6.416161340894177556e-05
6.398401455953717232e-05
6.378896796377375722e-05
6.360488623613491654e-05
6.341103289742022753e-05
6.321962428046390414e-05
6.301308894762769341e-05
6.281226524151861668e-05
6.260789814405143261e-05
6.240012589842081070e-05
6.219052011147141457e-05
6.196688627824187279e-05
6.175509770400822163e-05
6.153435242595151067e-05
6.131979898782446980e-05
6.109612877480685711e-05
6.087157089496031404e-05
6.064982517273165286e-05
6.043145185685716569e-05
6.021240551490336657e-05
5.998529013595543802e-05
5.977259570499882102e-05
5.955574670224450529e-05
5.934929868089966476e-05
5.913883069297298789e-05
5.892945409868843853e-05
5.872972906217910349e-05
5.853226321050897241e-05
5.834251351188868284e-05
5.815100303152576089e-05
5.796450204798020422e-05
5.778417835244908929e-05
5.761027932749129832e-05
5.744022200815379620e-05
5.726427843910641968e-05
5.710543337045237422e-05
5.694308129022829235e-05
5.678988964064046741e-05
5.663504998665302992e-05
5.647829311783425510e-05
5.633087494061328471e-05
5.618074646918103099e-05
5.603719910141080618e-05
5.588722706306725740e-05
5.573971793637610972e-05
5.559175406233407557e-05
5.544636223930865526e-05
5.529731788556091487e-05
5.514153963304124773e-05
5.499122926266863942e-05
5.483547283802181482e-05
5.468102972372435033e-05
5.451949255075305700e-05
5.435381535789929330e-05
5.418479486252181232e-05
5.402047099778428674e-05
5.384574615163728595e-05
5.367491758079268038e-05
5.348904596758075058e-05
5.331033025868237019e-05
5.312677603797055781e-05
5.294263974064961076e-05
5.274888462736271322e-05
5.255857104202732444e-05
5.237060395302250981e-05
5.217753277975134552e-05
5.198861254029907286e-05
5.178683932172134519e-05
5.159859574632719159e-05
5.140642315382137895e-05
5.121875437907874584e-05
5.103069634060375392e-05
5.083705764263868332e-05
5.065612276666797698e-05
5.047250306233763695e-05
5.029847307014279068e-05
5.011627581552602351e-05
4.994626578991301358e-05
4.977989374310709536e-05
4.961515514878556132e-05
4.945805630995891988e-05
4.929433998768217862e-05
4.914496457786299288e-05
4.899640043731778860e-05
4.885218731942586601e-05
4.871219061897136271e-05
4.856593295698985457e-05
4.843494753004051745e-05
4.830059333471581340e-05
4.817262015421874821e-05
4.803954652743414044e-05
4.791182800545357168e-05
4.778814400197006762e-05
4.766089114127680659e-05
4.753932807943783700e-05
4.740786971524357796e-05
4.728504063677974045e-05
4.715800241683609784e-05
4.703233935288153589e-05
4.690343121183104813e-05
4.676808384829200804e-05
4.663738218368962407e-05
4.650166738429106772e-05
4.636704761651344597e-05
4.621950938599184155e-05
4.608178278431296349e-05
4.593483754433691502e-05
4.579178130370564759e-05
4.564046685118228197e-05
4.548617289401590824e-05
4.533226092462427914e-05
4.517818160820752382e-05
4.502133015193976462e-05
4.486360194277949631e-05
4.469932900974527001e-05
4.453763904166407883e-05
4.437976167537271976e-05
4.421702033141627908e-05
4.405354411574080586e-05
4.389275636640377343e-05
4.373584306449629366e-05
4.357850048108957708e-05
4.342319880379363894e-05
4.326516500441357493e-05
4.311132215661928058e-05
4.296587940189056098e-05
4.281788278603926301e-05
4.267697295290417969e-05
4.253151928423903883e-05
4.239358167978934944e-05
4.226170494803227484e-05
4.212824933347292244e-05
4.199892646283842623e-05
4.187381273368373513e-05
4.175276626483537257e-05
4.163456469541415572e-05
4.151711982558481395e-05
4.140070450375787914e-05
4.128666114411316812e-05
4.117874414077959955e-05
4.106891719857230783e-05
4.096222983207553625e-05
4.085163527633994818e-05
4.074374373885802925e-05
4.063926462549716234e-05
4.053032898809760809e-05
4.042158616357482970e-05
4.031170465168543160e-05
4.020440246677026153e-05
4.009249460068531334e-05
3.998161264462396502e-05
3.986291631008498371e-05
3.974650098825804889e-05
3.962891059927642345e-05
3.950784594053402543e-05
3.938614463550038636e-05
3.925448254449293017e-05
3.912975080311298370e-05
3.899783405358903110e-05
3.886931517627090216e-05
3.872901288559660316e-05
3.859603020828217268e-05
3.845815081149339676e-05
3.832195579889230430e-05
3.818240656983107328e-05
3.803789877565577626e-05
3.789905167650431395e-05
3.775819277507252991e-05
3.762000778806395829e-05
3.747931259567849338e-05
3.733764242497272789e-05
3.719912274391390383e-05
3.706492498167790473e-05
3.693061080412007868e-05
3.679300425574183464e-05
3.666505290311761200e-05
3.653528619906865060e-05
3.641325383796356618e-05
3.628952254075556993e-05
3.616668982431292534e-05
3.605081292334944010e-05
3.593588189687579870e-05
3.582682984415441751e-05
3.571624620235525072e-05
3.560906043276190758e-05
3.550578549038618803e-05
3.540509351296350360e-05
3.530738467816263437e-05
3.520478276186622679e-05
3.511264003464020789e-05
3.501759056234732270e-05
3.492677205940708518e-05
3.483457476249895990e-05
3.474004552117548883e-05
3.465043118922039866e-05
3.455825572018511593e-05
3.446901610004715621e-05
3.437529449001885951e-05
3.428164927754551172e-05
3.418680353206582367e-05
3.409364944673143327e-05
3.399661000003106892e-05
3.389584890101104975e-05
3.379689951543696225e-05
3.369550904608331621e-05
3.359338006703183055e-05
3.348808604641817510e-05
3.337880843901075423e-05
3.326853402541019022e-05
3.316111178719438612e-05
3.304734491393901408e-05
3.293736881460063159e-05
3.281781391706317663e-05
3.270416709710843861e-05
3.258779179304838181e-05
3.247223139624111354e-05
3.235149779357016087e-05
3.223386374884285033e-05
3.211885268683545291e-05
3.200127321179024875e-05
3.188792470609769225e-05
3.176798782078549266e-05
3.165605448884889483e-05
3.154409205308184028e-05
3.143407593597657979e-05
3.132646088488399982e-05
3.121410918538458645e-05
3.111239857389591634e-05
3.100902176811359823e-05
3.091061444138176739e-05
3.080948226852342486e-05
3.071335959248244762e-05
3.062196265091188252e-05
3.052908505196683109e-05
3.044288314413279295e-05
3.035234840353950858e-05
3.026781268999911845e-05
3.018523966602515429e-05
3.010274303960613906e-05
3.002374251082073897e-05
2.993983252963516861e-05
2.986308754771016538e-05
2.978423617605585605e-05
2.970754758280236274e-05
2.962712460430338979e-05
2.954871342808473855e-05
2.947161738120485097e-05
2.939164369308855385e-05
2.931352173618506640e-05
2.922802013927139342e-05
2.914813740062527359e-05
2.906343979702796787e-05
2.898045750043820590e-05
2.889302231778856367e-05
2.880295323848258704e-05
2.871326978493016213e-05
2.862243309209588915e-05
2.852970646927133203e-05
2.843123729689978063e-05
2.833650614775251597e-05
2.823811337293591350e-05
2.814106301229912788e-05
2.804010364343412220e-05
2.793738167383708060e-05
2.783461968647316098e-05
2.773450069071259350e-05
2.763139127637259662e-05
2.753032458713278174e-05
2.742437573033384979e-05
2.732234679569955915e-05
2.722221324802376330e-05
2.712100467761047184e-05
2.701943230931647122e-05
2.692046473384834826e-05
2.682515878404956311e-05
2.673002381925471127e-05
2.663698251126334071e-05
2.654300260473974049e-05
2.645182576088700444e-05
2.636670797073747963e-05
2.628046786412596703e-05
2.619830411276780069e-05
2.611430136312264949e-05
2.603419670776929706e-05
2.595853402453940362e-05
2.588160714367404580e-05
2.580679938546381891e-05
2.573470919742248952e-05
2.566406692494638264e-05
2.559538370405789465e-05
2.552610931161325425e-05
2.545744791859760880e-05
2.538947956054471433e-05
2.532440157665405422e-05
2.525764466554392129e-05
2.519214285712223500e-05
2.512348328309599310e-05
2.505606244085356593e-05
2.498980938980821520e-05
2.492067869752645493e-05
2.485055119905155152e-05
2.477922316757030785e-05
2.470978688506875187e-05
2.463643068040255457e-05
2.456427500874269754e-05
2.448620580253191292e-05
2.441041397105436772e-05
2.433306690363679081e-05
2.425449747534003109e-05
2.417496034468058497e-05
2.409015905868727714e-05
2.400949415459763259e-05
2.392535316175781190e-05
2.384336585237178952e-05
2.375480653427075595e-05
2.367153683735523373e-05
2.358598067075945437e-05
2.350193244637921453e-05
2.341693834750913084e-05
2.332908661628607661e-05
2.324614251847378910e-05
2.316181780770421028e-05
2.308088733116164804e-05
2.299808511452283710e-05
2.291628698003478348e-05
2.283729918417520821e-05
2.275985934829805046e-05
2.268449316034093499e-05
2.260588189528789371e-05
2.253499042126350105e-05
2.246311669296119362e-05
2.239459354314021766e-05
2.232673432445153594e-05
2.225751632067840546e-05
2.219415364379528910e-05
2.212954495917074382e-05
2.206939825555309653e-05
2.200798007834237069e-05
2.194674925704021007e-05
2.188855978602077812e-05
2.183015749324113131e-05
2.177386159019079059e-05
2.171363121306058019e-05
2.165846126445103437e-05
2.160107032977975905e-05
2.154532558051869273e-05
2.148788189515471458e-05
2.142845369235146791e-05
2.137084084097296000e-05
2.131159089913126081e-05
2.125261380570009351e-05
2.119128293998073786e-05
2.112817492161411792e-05
2.106375723087694496e-05
2.100142228300683200e-05
2.093477451126091182e-05
2.086720269289799035e-05
2.079887235595379025e-05
2.073079667752608657e-05
2.066039451165124774e-05
2.059001963061746210e-05
2.051542287517804652e-05
2.044236862275283784e-05
2.036959995166398585e-05
2.029509232670534402e-05
2.022161424974910915e-05
2.014309029618743807e-05
2.006979229918215424e-05
1.999428968701977283e-05
1.992108809645287693e-05
1.984427944989874959e-05
1.977090141735970974e-05
1.969900949916336685e-05
1.962670285138301551e-05
1.955721381818875670e-05
1.948437602550256997e-05
1.941711707331705838e-05
1.935021464305464178e-05
1.928490564750973135e-05
1.922153569466900080e-05
1.915564280352555215e-05
1.909629645524546504e-05
1.903635711641982198e-05
1.897912989079486579e-05
1.892078580567613244e-05
1.886490827018860728e-05
1.881228126876521856e-05
1.875855014077387750e-05
1.870822961791418493e-05
1.865542617451865226e-05
1.860553311416879296e-05
1.855677510320674628e-05
1.850740954978391528e-05
1.845993028837256134e-05
1.840890945459250361e-05
1.836180308600887656e-05
1.831288136600051075e-05
1.826498555601574481e-05
1.821411569835618138e-05
1.816439726098906249e-05
1.811476067814510316e-05
1.806344334909226745e-05
1.801252074074000120e-05
1.795682146621402353e-05
1.790483474906068295e-05
1.784931373549625278e-05
1.779535705281887203e-05
1.773813528416212648e-05
1.767982212186325341e-05
1.762148713169153780e-05
1.756307392497546971e-05
1.750340743456035852e-05
1.744074143061880022e-05
1.738063656375743449e-05
1.731878546706866473e-05
1.725821130094118416e-05
1.719564897939562798e-05
1.713263372948858887e-05
1.707033334241714329e-05
1.700968277873471379e-05
1.694836646493058652e-05
1.688807242317125201e-05
1.682618494669441134e-05
1.676617102930322289e-05
1.670890014793258160e-05
1.665047602728009224e-05
1.659292502154130489e-05
1.653760773479007185e-05
1.648339093662798405e-05
1.643092400627210736e-05
1.637839704926591367e-05
1.632690691621974111e-05
1.627705205464735627e-05
1.622938543732743710e-05
1.618230999156367034e-05
1.613614767848048359e-05
1.608994716661982238e-05
1.604476165084633976e-05
1.600256291567347944e-05
1.595925277797505260e-05
1.591592990735080093e-05
1.587444421602413058e-05
1.583270022820215672e-05
1.579202580614946783e-05
1.575010901433415711e-05
1.570809763506986201e-05
1.566574246680829674e-05
1.562478246341925114e-05
1.558186340844258666e-05
1.553968104417435825e-05
1.549435182823799551e-05
1.545013401482719928e-05
1.540529046906158328e-05
1.535933006380219012e-05
1.531124507891945541e-05
1.526290725450962782e-05
1.521527246950427070e-05
1.516505017207236961e-05
1.511582013336010277e-05
1.506199077994097024e-05
1.501112910773372278e-05
1.495796277595218271e-05
1.490566319262143224e-05
1.485157463321229443e-05
1.479586535424459726e-05
1.474174041504738852e-05
1.468710797780659050e-05
1.463297121517825872e-05
1.457581856811884791e-05
1.452237574994796887e-05
1.446758051315555349e-05
1.441495260223746300e-05
1.436151160305598751e-05
1.430736028851242736e-05
1.425618665962247178e-05
1.420488933945307508e-05
1.415586211805930361e-05
1.410609547747299075e-05
1.405739385518245399e-05
1.401062036165967584e-05
1.396496281813597307e-05
1.392087051499402151e-05
1.387503198202466592e-05
1.383371272822842002e-05
1.379207060381304473e-05
1.375218289467738941e-05
1.371291818941244856e-05
1.367247296002460644e-05
1.363566843792796135e-05
1.359788257104810327e-05
1.356238044536439702e-05
1.352602339466102421e-05
1.348937075817957520e-05
1.345435703115072101e-05
1.341884490102529526e-05
1.338430865871487185e-05
1.334697753918590024e-05
1.331254770775558427e-05
1.327630161540582776e-05
1.324098775512538850e-05
1.320413321082014591e-05
1.316607176704565063e-05
1.312865788349881768e-05
1.309041272179456428e-05
1.305187652178574353e-05
1.301216980209574103e-05
1.297094422625377774e-05
1.292930846830131486e-05
1.288871862925589085e-05
1.284564405068522319e-05
1.280229571420932189e-05
1.275856811844278127e-05
1.271536802960326895e-05
1.267095012735808268e-05
1.262684236280620098e-05
1.258053998753894120e-05
1.253538994205882773e-05
1.249106844625202939e-05
1.244572104042163119e-05
1.240180063177831471e-05
1.235515719599789008e-05
1.231173700944054872e-05
1.226792210218263790e-05
1.222507034981390461e-05
1.218123816215666011e-05
1.213881478179246187e-05
1.209863057738402858e-05
1.205770422529894859e-05
1.201904979097889736e-05
1.197892106574727222e-05
1.194111428048927337e-05
1.190472630696604028e-05
1.186815370601834729e-05
1.183247422886779532e-05
1.179787705041235313e-05
1.176466867036651820e-05
1.173188866232521832e-05
1.169958432001294568e-05
1.166719448519870639e-05
1.163531487691216171e-05
1.160546707978937775e-05
1.157457336375955492e-05
1.154491201305063441e-05
1.151363449025666341e-05
1.148347109847236425e-05
1.145365240518003702e-05
1.142303335655014962e-05
1.139185314968926832e-05
1.136020273406757042e-05
1.132981287810252979e-05
1.129741849581478164e-05
1.126590450439834967e-05
1.123149741033557802e-05
1.119833723350893706e-05
1.116410112445009872e-05
1.112957488658139482e-05
1.109411914512747899e-05
1.105662977352039889e-05
1.102029818866867572e-05
1.098271422961261123e-05
1.094533763534855098e-05
1.090487785404548049e-05
1.086691099771996960e-05
1.082703238353133202e-05
1.078838613466359675e-05
1.074814736057305709e-05
1.070731650543166324e-05
1.066740423993906006e-05
1.062761839421000332e-05
1.058809812093386427e-05
1.054843414749484509e-05
1.050818173098377883e-05
1.046877241606125608e-05
1.043120118993101642e-05
1.039310336636845022e-05
1.035472632793243974e-05
1.031855572364293039e-05
1.028237420541699976e-05
1.024801986204693094e-05
1.021319167193723843e-05
1.017915019474457949e-05
1.014658391795819625e-05
1.011474432743852958e-05
1.008412709779804572e-05
1.005339709081454203e-05
1.002346925815800205e-05
9.994475476560182869e-06
9.966594006982631981e-06
9.939122719515580684e-06
9.910681001201737672e-06
9.884734026854857802e-06
9.857914847088977695e-06
9.832655450736638159e-06
9.806560228753369302e-06
9.780222171684727073e-06
9.754770871950313449e-06
9.728983059176243842e-06
9.703561772766988724e-06
9.677274647401645780e-06
9.650584615883417428e-06
9.623498044675216079e-06
9.597292773833032697e-06
9.569556823407765478e-06
9.541221515974029899e-06
9.512939868727698922e-06
9.484391739533748478e-06
9.455232429900206625e-06
9.425608368474058807e-06
9.394513654115144163e-06
9.363536264572758228e-06
9.332999070466030389e-06
9.301085810875520110e-06
9.269941074308007956e-06
9.236188816430512816e-06
9.204446541843935847e-06
9.171669262286741287e-06
9.139486792264506221e-06
9.105640856432728469e-06
9.072945431398693472e-06
9.040826626005582511e-06
9.008213964989408851e-06
8.976706340035889298e-06
8.943394277594052255e-06
8.912548764783423394e-06
8.881524081516545266e-06
8.851284292177297175e-06
8.821541996439918876e-06
8.790711035544518381e-06
8.762681318330578506e-06
8.734177754377014935e-06
8.707248525752220303e-06
8.679399797983933240e-06
8.653090844745747745e-06
8.627883289591409266e-06
8.602416528447065502e-06
8.578607776144053787e-06
8.553544830647297204e-06
8.530316335964016616e-06
8.507326128892600536e-06
8.484567842970136553e-06
8.462437108391895890e-06
8.438873919658362865e-06
8.417546268901787698e-06
8.395205441047437489e-06
8.373770469916053116e-06
8.350855750904884189e-06
8.328812327818013728e-06
8.306644303957000375e-06
8.284047908091451973e-06
8.261449693236500025e-06
8.237025213020388037e-06
8.214009540097322315e-06
8.189524123736191541e-06
8.165714461938478053e-06
8.140253157762344927e-06
8.114558113447856158e-06
8.088395588856656104e-06
8.062454980972688645e-06
8.035416612983681262e-06
8.007365067896898836e-06
7.979771908139809966e-06
7.951746738399378955e-06
7.923540579213295132e-06
7.894801456131972373e-06
7.865141924412455410e-06
7.835757969587575644e-06
7.807091606082394719e-06
7.777509381412528455e-06
7.748862117296084762e-06
7.718517736066132784e-06
7.689756785111967474e-06
7.661161362193524837e-06
7.632695997017435730e-06
7.603870471939444542e-06
7.575753897981485352e-06
7.549119800387416035e-06
7.522167834395077080e-06
7.496244506910443306e-06
7.469733191101113334e-06
7.444363745889859274e-06
7.420389465551124886e-06
7.396115506708156317e-06
7.373337666649604216e-06
7.349755833274684846e-06
7.327565526793478057e-06
7.306294264708412811e-06
7.284839739440940320e-06
7.263979568961076438e-06
7.243691015901276842e-06
7.224103683256544173e-06
7.204735538834938779e-06
7.185490176198072731e-06
7.166113391576800495e-06
7.146874395402846858e-06
7.128731795091880485e-06
7.109781563485739753e-06
7.091472070896998048e-06
7.071963864291319624e-06
7.053071385598741472e-06
7.034172085695900023e-06
7.014763923507416621e-06
6.994771865720394999e-06
6.974488314881455153e-06
6.954889613552950323e-06
6.933960776223102584e-06
6.913672223163302988e-06
6.891458269819850102e-06
6.870164725114591420e-06
6.848166776762809604e-06
6.826126082160044461e-06
6.803566520829917863e-06
6.779848263249732554e-06
6.757037226634565741e-06
6.733529517077840865e-06
6.710440175083931535e-06
6.685574589937459677e-06
6.662422492809128016e-06
6.638465492869727314e-06
6.615167876589111984e-06
6.591456440219189972e-06
6.567180207639466971e-06
6.544134976138593629e-06
6.520857823488768190e-06
6.498477432614890859e-06
6.475589088950073346e-06
6.453142759710317478e-06
6.431353995139943436e-06
6.410145488189300522e-06
6.389394911821000278e-06
6.367857622535666451e-06
6.348403985612094402e-06
6.328624749585287645e-06
6.309904165391344577e-06
6.291211320785805583e-06
6.272288828768068925e-06
6.254791514948010445e-06
6.237009984033647925e-06
6.220398518053116277e-06
6.203307293617399409e-06
6.186450264067389071e-06
6.170153938001021743e-06
6.153976300993235782e-06
6.138091066532069817e-06
6.121158094174461439e-06
6.105637112341355532e-06
6.089246653573354706e-06
6.073573331377701834e-06
6.057048267393838614e-06
6.040274911356391385e-06
6.023591595294419676e-06
6.006768217048374936e-06
5.989606506773270667e-06
5.972134658804861829e-06
5.953755135124083608e-06
5.935371063969796523e-06
5.917130238231038675e-06
5.898000381421297789e-06
5.878368938283529133e-06
5.858410077053122222e-06
5.838954166392795742e-06
5.818418230774113908e-06
5.798335678264265880e-06
5.776667876489227638e-06
5.755873189627891406e-06
5.734740170737495646e-06
5.713557584385853261e-06
5.692314516636542976e-06
5.670044174621580169e-06
5.648970272886799648e-06
5.627463906421326101e-06
5.606620561593445018e-06
5.584653990808874369e-06
5.564020284509751946e-06
5.543500719795702025e-06
5.523206709767691791e-06
5.503463853528955951e-06
5.482824235514272004e-06
5.464059086079942062e-06
5.445117039926117286e-06
5.426942152553237975e-06
5.409040568338241428e-06
5.390694241214077920e-06
5.374021839088527486e-06
5.357138888939516619e-06
5.341276391845894977e-06
5.324878657120279968e-06
5.309393145580543205e-06
5.294568836688995361e-06
5.279534434521337971e-06
5.265480922389542684e-06
5.250607046036748216e-06
5.236749075265834108e-06
5.222959316597552970e-06
5.209218215895816684e-06
5.195756330067524686e-06
5.181324922887142748e-06
5.168149982637260109e-06
5.154236077942186967e-06
5.140830580785404891e-06
5.126364612806355581e-06
5.112423878017580137e-06
5.098269866721238941e-06
5.083866653876611963e-06
5.069347935204859823e-06
5.053728273196611553e-06
5.038917151978239417e-06
5.023257926950464025e-06
5.007996151107363403e-06
4.991776222595945001e-06
4.975446699972962961e-06
4.958939825883135200e-06
4.942616669723065570e-06
4.925787379761459306e-06
4.908333266939735040e-06
4.891439857601653785e-06
4.874241312791127712e-06
4.857286057813325897e-06
4.839918346988270059e-06
4.822386472369544208e-06
4.805049684364348650e-06
4.788320893567288294e-06
4.771318344864994287e-06
4.754736437462270260e-06
4.737644303531851619e-06
4.721161076304269955e-06
4.705399987869895995e-06
4.689317847805796191e-06
4.673595867643598467e-06
4.658398211176972836e-06
4.643597549147671089e-06
4.629193881555693224e-06
4.614859790308400989e-06
4.600729880621656775e-06
4.587017883750377223e-06
4.574003014568006620e-06
4.561019068205496296e-06
4.548383003566414118e-06
4.535600055532995611e-06
4.523118150245863944e-06
4.511420684139011428e-06
4.499297119764378294e-06
4.487319529289379716e-06
4.475613877730211243e-06
4.463987352210097015e-06
4.452414032130036503e-06
4.440666998561937362e-06
4.428639840625692159e-06
4.416508545546093956e-06
4.404858373163733631e-06
4.392421033116988838e-06
4.380430709716165438e-06
4.367256224213633686e-06
4.354646080173552036e-06
4.341530711826635525e-06
4.328393515606876463e-06
4.314338184485677630e-06
4.300510681787272915e-06
4.286538114683935419e-06
4.272173100616782904e-06
4.257742602931102738e-06
4.242209797666873783e-06
4.227504632581258193e-06
4.212109615764347836e-06
4.197073849354637787e-06
4.181394160696072504e-06
4.165513928455766290e-06
4.149807409703498706e-06
4.134297796554164961e-06
4.118655851925723255e-06
4.102469574718270451e-06
4.087117758899694309e-06
4.071588136866921559e-06
4.056561920151580125e-06
4.041266493004513904e-06
4.026091573905432597e-06
4.011485998489661142e-06
3.997120529675157741e-06
3.983186161349294707e-06
3.969226327171782032e-06
3.955511147069046274e-06
3.942267994716530666e-06
3.929570993932429701e-06
3.917110007023438811e-06
3.904311597580090165e-06
3.892732365784468129e-06
3.880988060700474307e-06
3.869928605126915500e-06
3.858853688143426552e-06
3.847649168164934963e-06
3.837259100691881031e-06
3.826664851658279076e-06
3.816730895778164268e-06
3.806446557064191438e-06
3.796262717514764518e-06
3.786337401834316552e-06
3.776435960389790125e-06
3.766627060031169094e-06
3.756132855414762162e-06
3.746415586647344753e-06
3.736105099960695952e-06
3.726218210431397893e-06
3.715729690156877041e-06
3.705077006088686176e-06
3.694432507472811267e-06
3.683714567159768194e-06
3.672764478324097581e-06
3.661643631858169101e-06
3.649969812613562681e-06
3.638324187704711221e-06
3.626843408710556105e-06
3.614818524511065334e-06
3.602611741371219978e-06
3.590314008761197329e-06
3.578298219508724287e-06
3.565851557141286321e-06
3.553617489160387777e-06
3.540702891768887639e-06
3.528217121129273437e-06
3.515891876304522157e-06
3.503368361634784378e-06
3.491222059892606921e-06
3.478333837847458199e-06
3.466419684627908282e-06
3.454345460340846330e-06
3.442617071414133534e-06
3.430579681662493385e-06
3.418990900172502734e-06
3.407975327718304470e-06
3.396757847440312617e-06
3.386230901014641859e-06
3.375247388248681091e-06
3.364950998729909770e-06
3.354979526193346828e-06
3.345011464261915535e-06
3.335589781272574328e-06
3.325694706290960312e-06
3.316619540782994591e-06
3.307550059616914950e-06
3.298685669506085105e-06
3.289678943474427797e-06
3.280845930930809118e-06
3.272505637141875923e-06
3.263790631535812281e-06
3.255533329138415866e-06
3.246649612265173346e-06
3.238195176891167648e-06
3.229632739021326415e-06
3.220996859454317018e-06
3.212301635358016938e-06
3.202995230822125450e-06
3.194162218278506771e-06
3.184838078595930710e-06
3.175708116032183170e-06
3.165654334225109778e-06
3.156160119033302180e-06
3.146106564599904232e-06
3.136208988507860340e-06
3.125790271951700561e-06
3.115063464065315202e-06
3.104388042629580013e-06
3.093625764449825510e-06
3.082659986830549315e-06
3.071579158131498843e-06
3.059998562093824148e-06
3.048591679544188082e-06
3.037344413314713165e-06
3.025801561307162046e-06
3.014051799254957587e-06
3.002477797053870745e-06
2.991199608004535548e-06
2.979782266265829094e-06
2.968559329019626603e-06
2.957013521154294722e-06
2.945875621662707999e-06
2.935135853476822376e-06
2.924237151091801934e-06
2.913921662184293382e-06
2.903174390667118132e-06
2.893062855946482159e-06
2.883287152144475840e-06
2.873503490263829008e-06
2.863935378627502359e-06
2.854709919120068662e-06
2.845857352440361865e-06
2.837195552274351940e-06
2.828661308740265667e-06
2.820217787302681245e-06
2.812026878018514253e-06
2.804290033964207396e-06
2.796526359816198237e-06
2.788978918033535592e-06
2.781297780529712327e-06
2.773778987830155529e-06
2.766686066024703905e-06
2.759291874099289998e-06
2.751964302660780959e-06
2.744742232607677579e-06
2.737544946285197511e-06
2.730324467847822234e-06
2.722978024394251406e-06
2.715407617870368995e-06
2.707763769649318419e-06
2.700386630749562755e-06
2.692517000468797050e-06
2.684916125872405246e-06
2.676587428140919656e-06
2.668609113243292086e-06
2.660366590134799480e-06
2.652099055922008120e-06
2.643344714670092799e-06
2.634716338434373029e-06
2.626136847538873553e-06
2.617268819449236616e-06
2.608550857985392213e-06
2.599133949843235314e-06
2.590352323750266805e-06
2.581234866738668643e-06
2.572357971075689420e-06
2.563285761425504461e-06
2.553994590925867669e-06
2.545128381825634278e-06
2.536173724365653470e-06
2.527519200157257728e-06
2.518374685678281821e-06
2.509954811102943495e-06
2.501457856851629913e-06
2.493220108590321615e-06
2.485091727066901512e-06
2.476706640663906001e-06
2.469056425979943015e-06
2.461270923959091306e-06
2.453956540193757974e-06
2.446583948767511174e-06
2.439194076941930689e-06
2.432288056297693402e-06
2.425345883239060640e-06
2.418794792902190238e-06
2.411878313068882562e-06
2.405513896519551054e-06
2.399118102403008379e-06
2.392847136434284039e-06
2.386638470852631144e-06
2.380107389399199747e-06
2.374069481447804719e-06
2.367719616813701577e-06
2.361700808251043782e-06
2.355315473323571496e-06
2.348909902138984762e-06
2.342485458939336240e-06
2.336069883313030005e-06
2.329474455109448172e-06
2.322520685993367806e-06
2.315765186722273938e-06
2.308757984792464413e-06
2.301744643773417920e-06
2.294443220307584852e-06
2.286883955093799159e-06
2.279205091326730326e-06
2.271720859425840899e-06
2.263767783006187528e-06
2.256033440062310547e-06
2.247600377813796513e-06
2.239568402728764340e-06
2.231286771348095499e-06
2.223068804596550763e-06
2.214406777056865394e-06
2.206003273386158980e-06
2.197659568992094137e-06
2.189215592807158828e-06
2.180915316785103641e-06
2.172147787860012613e-06
2.163997123716399074e-06
2.155734819098142907e-06
2.147691702703014016e-06
2.139698835890158080e-06
2.131483142875367776e-06
2.123867261616396718e-06
2.116156792908441275e-06
2.108894022967433557e-06
2.101345899063744582e-06
2.094259116347529925e-06
2.087433585984399542e-06
2.080598051179549657e-06
2.074197027468471788e-06
2.067524064841563813e-06
2.061353143290034495e-06
2.055327513517113402e-06
2.049365548373316415e-06
2.043688937192200683e-06
2.037730837400886230e-06
2.032290240094880573e-06
2.026807578658917919e-06
2.021457930823089555e-06
2.015980498981662095e-06
2.010600837820675224e-06
2.005481974265421741e-06
2.000111180677777156e-06
1.995008460653480142e-06
1.989486918319016695e-06
1.984215487027540803e-06
1.978857653739396483e-06
1.973439111679908819e-06
1.967979869732516818e-06
1.962122496479423717e-06
1.956579126272117719e-06
1.950714704435085878e-06
1.945014446391724050e-06
1.938765763043193147e-06
1.932839268192765303e-06
1.926662889673025347e-06
1.920540853461716324e-06
1.914228732857736759e-06
1.907660134747857228e-06
1.901301970974600408e-06
1.894805791380349547e-06
1.888395445348578505e-06
1.881801495073887054e-06
1.875145130725286435e-06
1.868534582172287628e-06
1.862147428255411796e-06
1.855629307101480663e-06
1.848994543252047151e-06
1.842682650021743029e-06
1.836332785387639888e-06
1.830224846344208345e-06
1.823985485316370614e-06
1.817885959098930471e-06
1.811954120967129711e-06
1.806201453291578218e-06
1.800558038667077199e-06
1.794975332813919522e-06
1.789428210940968711e-06
1.784037522156722844e-06
1.778960722731426358e-06
1.773852090991567820e-06
1.768708671079366468e-06
1.763905288498790469e-06
1.759049609972862527e-06
1.754458594405150507e-06
1.749709667819843162e-06
1.745075564940634649e-06
1.740506604619440623e-06
1.736022568366024643e-06
1.731523411763191689e-06
1.727009589558292646e-06
1.722358661027101334e-06
1.717711938908905722e-06
1.713217557153257076e-06
1.708448849058186170e-06
1.703662746876943856e-06
1.698784330983471591e-06
1.693976400929386728e-06
1.688929614829248749e-06
1.683917730588291306e-06
1.678507260294281878e-06
1.673222755016468000e-06
1.667823767093068454e-06
1.662319505157938693e-06
1.656523068049864378e-06
1.650751073611900210e-06
1.645022848606458865e-06
1.639068045733438339e-06
1.633187935112800915e-06
1.626833068257838022e-06
1.620858483875053935e-06
1.614648908798699267e-06
1.608589855095488019e-06
1.602366410224931315e-06
1.596009610693727154e-06
1.589872454133001156e-06
1.583736775501165539e-06
1.577694320076261647e-06
1.571370603414834477e-06
1.565501179356942885e-06
1.559570819154032506e-06
1.553845436319534201e-06
1.548159275444049854e-06
1.542340669402619824e-06
1.536976242277887650e-06
1.531554175926430617e-06
1.526463847767445259e-06
1.521352373856643680e-06
1.516235215603956021e-06
1.511484015281894244e-06
1.506714625065797009e-06
1.502266059105750173e-06
1.497620814916444942e-06
1.493312311140471138e-06
1.489107489760499448e-06
1.484926769990124740e-06
1.480942728449008428e-06
1.476738248129549902e-06
1.472886197007028386e-06
1.468980144636589102e-06
1.465158106839226093e-06
1.461345163988880813e-06
1.457332928112009540e-06
1.453601385037472937e-06
1.449670207875897177e-06
1.445931502530584112e-06
1.441848212380136829e-06
1.437964897377241869e-06
1.433969032405002508e-06
1.429958274457021616e-06
1.425867822035797872e-06
1.421525325895345304e-06
1.417363591826870106e-06
1.413012796547263861e-06
1.408738057762093376e-06
1.404240265401313081e-06
1.399686880176886916e-06
1.395090293954126537e-06
1.390582610838464461e-06
1.385914856655290350e-06
1.381109882458986249e-06
1.376443492517864797e-06
1.371720941278908867e-06
1.367056597700866405e-06
1.362297439300164115e-06
1.357499627374636475e-06
1.352757408312754706e-06
1.348200953543710057e-06
1.343566509603988379e-06
1.339061441285593901e-06
1.334418129772529937e-06
1.329948759121180046e-06
1.325677203567465767e-06
1.321317199654004071e-06
1.317069063588860445e-06
1.312953713750175666e-06
1.308953869738616049e-06
1.305051455346983857e-06
1.301174165746488143e-06
1.297339281336462591e-06
1.293603645535768010e-06
1.290073896598187275e-06
1.286518227061606012e-06
1.283076016989070922e-06
1.279553998756455258e-06
1.276132593375223223e-06
1.272876374969200697e-06
1.269484641852614004e-06
1.266166577806870919e-06
1.262851583305746317e-06
1.259604573533579241e-06
1.256290374840318691e-06
1.252983224730996881e-06
1.249511683454329614e-06
1.246071633431711234e-06
1.242667281076137442e-06
1.239106950379209593e-06
1.235588911185914185e-06
1.231716282745765056e-06
1.228089331561932340e-06
1.224205902872199658e-06
1.220417402691964526e-06
1.216257260239217430e-06
1.212266511174675543e-06
1.208113189932191744e-06
1.203967030960484408e-06
1.199679559249489103e-06
1.195208255921897944e-06
1.190846433019032702e-06
1.186405938824464101e-06
1.181964307761518285e-06
1.177446620204136707e-06
1.172788984149519820e-06
1.168210815194470342e-06
1.163730189546186011e-06
1.159151224783272482e-06
1.154524511548515875e-06
1.150048092313227244e-06
1.145618512055079918e-06
1.141257371273241006e-06
1.136904757004231215e-06
1.132532815972808748e-06
1.128308099396235775e-06
1.124256414186675102e-06
1.120238607654755469e-06
1.116313114835065790e-06
1.112380914491950534e-06
1.108586161535640713e-06
1.105029809878033120e-06
1.101467773878539447e-06
1.097897438739892095e-06
1.094593699235701934e-06
1.091264834940375295e-06
1.088169710783404298e-06
1.085022290681081358e-06
1.081908521882724017e-06
1.078959144251712132e-06
1.076011926670616958e-06
1.073194880518713035e-06
1.070290750249114353e-06
1.067455968950525858e-06
1.064647221937775612e-06
1.061894522536022123e-06
1.059121927937667351e-06
1.056207224792160559e-06
1.053464302458451129e-06
1.050584955919475760e-06
1.047812133947445545e-06
1.044862642629595939e-06
1.041908035404048860e-06
1.038922391671803780e-06
1.035950276673247572e-06
1.032888803820242174e-06
1.029810164254740812e-06
1.026560653372143861e-06
1.023342974804108962e-06
1.020157128550636116e-06
1.016842929857375566e-06
1.013471205624227878e-06
1.010079813568154350e-06
1.006784600576793309e-06
1.003366605800692923e-06
1.000021484287572093e-06
9.964907121684518643e-07
9.930863598128780723e-07
9.897299833028228022e-07
9.863243803920340724e-07
9.830301905822125264e-07
9.795375035537290387e-07
9.763144817043212242e-07
9.730524652695748955e-07
9.698861731521901675e-07
9.666416644904529676e-07
9.635165270083234645e-07
9.605521427147323266e-07
9.575287549523636699e-07
9.546960200168541633e-07
9.517344210507872049e-07
9.489591548117459752e-07
9.462634693591098767e-07
9.435697734261339065e-07
9.410105121787637472e-07
9.383109045302262530e-07
9.358447528029500972e-07
9.333488151241908781e-07
9.309241022492642514e-07
9.284240718443470541e-07
9.259886155632557347e-07
9.236433697878965177e-07
9.212012059833796229e-07
9.188696026285469998e-07
9.163297818304272369e-07
9.139473604591330513e-07
9.114656336350890342e-07
9.090126127375697251e-07
9.064670507541450206e-07
9.038113830683869310e-07
9.012031227939587552e-07
8.985233534986036830e-07
8.958108992374036461e-07
8.928865327106905170e-07
8.900854027160676196e-07
8.871368777363386471e-07
8.842213787829678040e-07
8.811525162855105009e-07
8.780118037066131365e-07
8.748262416702345945e-07
8.717106538824737072e-07
8.684425552019092720e-07
8.652402243569667917e-07
8.618064271104231011e-07
8.585114983361563645e-07
8.551811561119393446e-07
8.518521781297749840e-07
8.483992246510752011e-07
8.450495556644455064e-07
8.417587764597556088e-07
8.384328111787908711e-07
8.352022859980934300e-07
8.318332902490510605e-07
8.286563115689205006e-07
8.255333341367077082e-07
8.224319003602431621e-07
8.194462566279980820e-07
8.163421512108470779e-07
8.134893505484797060e-07
8.106665632112708408e-07
8.079151143647322897e-07
8.051678719311894383e-07
8.025207307582604699e-07
8.000405955499445554e-07
7.975615972100058571e-07
7.951762199809309095e-07
7.927714023026055656e-07
7.904431527094857302e-07
7.882824775151675567e-07
7.860757591515721288e-07
7.839752811378275510e-07
7.818009635229827836e-07
7.797099783601879608e-07
7.777313157930620946e-07
7.777313157930620946e-07
