6.000999808311462402e-01
6.000998616218566895e-01
6.000997424125671387e-01
6.000996232032775879e-01
6.000995039939880371e-01
6.000993847846984863e-01
6.000992655754089355e-01
6.000992059707641602e-01
6.000990867614746094e-01
6.000990271568298340e-01
6.000989079475402832e-01
6.000988483428955078e-01
6.000987887382507324e-01
6.000987291336059570e-01
6.000986695289611816e-01
6.000986695289611816e-01
6.000986099243164062e-01
6.000986099243164062e-01
6.000985503196716309e-01
6.000985503196716309e-01
6.000985503196716309e-01
6.000985503196716309e-01
6.000984907150268555e-01
6.000984907150268555e-01
6.000984907150268555e-01
6.000984907150268555e-01
6.000984907150268555e-01
6.000984907150268555e-01
6.000984907150268555e-01
6.000984907150268555e-01
6.000984907150268555e-01
6.000984907150268555e-01
6.000984311103820801e-01
6.000984311103820801e-01
6.000983715057373047e-01
6.000983715057373047e-01
6.000983119010925293e-01
6.000982522964477539e-01
6.000981926918029785e-01
6.000981330871582031e-01
6.000980734825134277e-01
6.000980138778686523e-01
6.000978946685791016e-01
6.000978350639343262e-01
6.000977158546447754e-01
6.000976562500000000e-01
6.000975370407104492e-01
6.000974178314208984e-01
6.000973582267761230e-01
6.000972390174865723e-01
6.000971198081970215e-01
6.000970602035522461e-01
6.000969409942626953e-01
6.000968217849731445e-01
6.000967025756835938e-01
6.000966429710388184e-01
6.000965237617492676e-01
6.000964641571044922e-01
6.000963449478149414e-01
6.000962853431701660e-01
6.000962257385253906e-01
6.000961661338806152e-01
6.000961065292358398e-01
6.000960469245910645e-01
6.000960469245910645e-01
6.000959873199462891e-01
6.000959277153015137e-01
6.000959277153015137e-01
6.000959277153015137e-01
6.000958681106567383e-01
6.000958681106567383e-01
6.000958681106567383e-01
6.000958681106567383e-01
6.000958681106567383e-01
6.000958681106567383e-01
6.000958681106567383e-01
6.000958681106567383e-01
6.000958681106567383e-01
6.000958681106567383e-01
6.000958681106567383e-01
6.000958681106567383e-01
6.000958085060119629e-01
6.000958085060119629e-01
6.000958085060119629e-01
6.000957489013671875e-01
6.000957489013671875e-01
6.000956892967224121e-01
6.000956296920776367e-01
6.000955700874328613e-01
6.000955104827880859e-01
6.000954508781433105e-01
6.000953912734985352e-01
6.000953316688537598e-01
6.000952124595642090e-01
6.000951528549194336e-01
6.000950336456298828e-01
6.000949740409851074e-01
6.000948548316955566e-01
6.000947356224060059e-01
6.000946760177612305e-01
6.000945568084716797e-01
6.000944375991821289e-01
6.000943779945373535e-01
6.000942587852478027e-01
6.000941991806030273e-01
6.000940799713134766e-01
6.000939607620239258e-01
6.000939011573791504e-01
6.000938415527343750e-01
6.000937819480895996e-01
6.000936627388000488e-01
6.000936031341552734e-01
6.000935435295104980e-01
6.000935435295104980e-01
6.000934839248657227e-01
6.000934243202209473e-01
6.000934243202209473e-01
6.000933647155761719e-01
6.000933647155761719e-01
6.000933647155761719e-01
6.000933647155761719e-01
6.000933647155761719e-01
6.000933647155761719e-01
6.000933647155761719e-01
6.000933647155761719e-01
6.000933647155761719e-01
6.000933647155761719e-01
6.000933647155761719e-01
6.000933051109313965e-01
6.000933051109313965e-01
6.000933051109313965e-01
6.000933051109313965e-01
6.000933051109313965e-01
6.000932455062866211e-01
6.000932455062866211e-01
6.000931859016418457e-01
6.000931859016418457e-01
6.000931262969970703e-01
6.000930666923522949e-01
6.000930070877075195e-01
6.000929474830627441e-01
6.000928878784179688e-01
6.000928282737731934e-01
6.000927090644836426e-01
6.000926494598388672e-01
6.000925302505493164e-01
6.000924706459045410e-01
6.000923514366149902e-01
6.000922918319702148e-01
6.000921726226806641e-01
6.000920534133911133e-01
6.000919938087463379e-01
6.000918745994567871e-01
6.000918149948120117e-01
6.000916957855224609e-01
6.000915765762329102e-01
6.000915169715881348e-01
6.000914573669433594e-01
6.000913381576538086e-01
6.000912785530090332e-01
6.000912189483642578e-01
6.000911593437194824e-01
6.000910997390747070e-01
6.000910401344299316e-01
6.000910401344299316e-01
6.000909805297851562e-01
6.000909805297851562e-01
6.000909209251403809e-01
6.000909209251403809e-01
6.000909209251403809e-01
6.000909209251403809e-01
6.000909209251403809e-01
6.000909209251403809e-01
6.000909209251403809e-01
6.000909209251403809e-01
6.000909209251403809e-01
6.000909209251403809e-01
6.000909209251403809e-01
6.000908613204956055e-01
6.000908613204956055e-01
6.000908613204956055e-01
6.000908613204956055e-01
6.000908613204956055e-01
6.000908017158508301e-01
6.000908017158508301e-01
6.000907421112060547e-01
6.000907421112060547e-01
6.000906825065612793e-01
6.000906229019165039e-01
6.000905632972717285e-01
6.000905036926269531e-01
6.000904440879821777e-01
6.000903844833374023e-01
6.000902652740478516e-01
6.000902056694030762e-01
6.000901460647583008e-01
6.000900268554687500e-01
6.000899672508239746e-01
6.000898480415344238e-01
6.000897884368896484e-01
6.000896692276000977e-01
6.000895500183105469e-01
6.000894904136657715e-01
6.000893712043762207e-01
6.000893115997314453e-01
6.000891923904418945e-01
6.000891327857971191e-01
6.000890135765075684e-01
6.000889539718627930e-01
6.000888943672180176e-01
6.000888347625732422e-01
6.000887751579284668e-01
6.000887155532836914e-01
6.000886559486389160e-01
6.000886559486389160e-01
6.000885963439941406e-01
6.000885963439941406e-01
6.000885367393493652e-01
6.000885367393493652e-01
6.000885367393493652e-01
6.000885367393493652e-01
6.000885367393493652e-01
6.000885367393493652e-01
6.000885367393493652e-01
6.000885367393493652e-01
6.000885367393493652e-01
6.000885367393493652e-01
6.000885367393493652e-01
6.000885367393493652e-01
6.000884771347045898e-01
6.000884771347045898e-01
6.000884771347045898e-01
6.000884771347045898e-01
6.000884771347045898e-01
6.000884175300598145e-01
6.000883579254150391e-01
6.000883579254150391e-01
6.000882983207702637e-01
6.000882387161254883e-01
6.000881791114807129e-01
6.000881195068359375e-01
6.000880599021911621e-01
6.000880002975463867e-01
6.000879406929016113e-01
6.000878214836120605e-01
6.000877618789672852e-01
6.000877022743225098e-01
6.000875830650329590e-01
6.000875234603881836e-01
6.000874042510986328e-01
6.000873446464538574e-01
6.000872254371643066e-01
6.000871658325195312e-01
6.000870466232299805e-01
6.000869870185852051e-01
6.000868678092956543e-01
6.000868082046508789e-01
6.000866889953613281e-01
6.000866293907165527e-01
6.000865697860717773e-01
6.000865101814270020e-01
6.000864505767822266e-01
6.000863909721374512e-01
6.000863909721374512e-01
6.000863313674926758e-01
6.000862717628479004e-01
6.000862717628479004e-01
6.000862717628479004e-01
6.000862121582031250e-01
6.000862121582031250e-01
6.000862121582031250e-01
6.000862121582031250e-01
6.000862121582031250e-01
6.000862121582031250e-01
6.000862121582031250e-01
6.000862121582031250e-01
6.000862121582031250e-01
6.000862121582031250e-01
6.000862121582031250e-01
6.000862121582031250e-01
6.000862121582031250e-01
6.000861525535583496e-01
6.000861525535583496e-01
6.000861525535583496e-01
6.000860929489135742e-01
6.000860929489135742e-01
6.000860333442687988e-01
6.000859737396240234e-01
6.000859737396240234e-01
6.000859141349792480e-01
6.000858545303344727e-01
6.000857949256896973e-01
6.000857353210449219e-01
6.000856161117553711e-01
6.000855565071105957e-01
6.000854969024658203e-01
6.000853776931762695e-01
6.000853180885314941e-01
6.000851988792419434e-01
6.000851392745971680e-01
6.000850200653076172e-01
6.000849604606628418e-01
6.000848412513732910e-01
6.000847816467285156e-01
6.000846624374389648e-01
6.000846028327941895e-01
6.000845432281494141e-01
6.000844240188598633e-01
6.000843644142150879e-01
6.000843048095703125e-01
6.000842452049255371e-01
6.000841856002807617e-01
6.000841259956359863e-01
6.000841259956359863e-01
6.000840663909912109e-01
6.000840663909912109e-01
6.000840067863464355e-01
6.000840067863464355e-01
6.000840067863464355e-01
6.000839471817016602e-01
6.000839471817016602e-01
6.000839471817016602e-01
6.000839471817016602e-01
6.000839471817016602e-01
6.000839471817016602e-01
6.000839471817016602e-01
6.000839471817016602e-01
6.000839471817016602e-01
6.000839471817016602e-01
6.000839471817016602e-01
6.000839471817016602e-01
6.000839471817016602e-01
6.000838875770568848e-01
6.000838875770568848e-01
6.000838875770568848e-01
6.000838279724121094e-01
6.000837683677673340e-01
6.000837683677673340e-01
6.000837087631225586e-01
6.000836491584777832e-01
6.000835895538330078e-01
6.000835299491882324e-01
6.000834703445434570e-01
6.000834107398986816e-01
6.000833511352539062e-01
6.000832319259643555e-01
6.000831723213195801e-01
6.000830531120300293e-01
6.000829935073852539e-01
6.000829339027404785e-01
6.000828146934509277e-01
6.000827550888061523e-01
6.000826358795166016e-01
6.000825762748718262e-01
6.000824570655822754e-01
6.000823974609375000e-01
6.000823378562927246e-01
6.000822186470031738e-01
6.000821590423583984e-01
6.000820994377136230e-01
6.000820398330688477e-01
6.000819802284240723e-01
6.000819802284240723e-01
6.000819206237792969e-01
6.000818610191345215e-01
6.000818610191345215e-01
6.000818014144897461e-01
6.000818014144897461e-01
6.000818014144897461e-01
6.000818014144897461e-01
6.000817418098449707e-01
6.000817418098449707e-01
6.000817418098449707e-01
6.000817418098449707e-01
6.000817418098449707e-01
6.000817418098449707e-01
6.000817418098449707e-01
6.000817418098449707e-01
6.000817418098449707e-01
6.000817418098449707e-01
6.000817418098449707e-01
6.000817418098449707e-01
6.000817418098449707e-01
6.000816822052001953e-01
6.000816822052001953e-01
6.000816226005554199e-01
6.000816226005554199e-01
6.000815629959106445e-01
6.000815033912658691e-01
6.000815033912658691e-01
6.000814437866210938e-01
6.000813841819763184e-01
6.000812649726867676e-01
6.000812053680419922e-01
6.000811457633972168e-01
6.000810861587524414e-01
6.000809669494628906e-01
6.000809073448181152e-01
6.000808477401733398e-01
6.000807285308837891e-01
6.000806689262390137e-01
6.000805497169494629e-01
6.000804901123046875e-01
6.000804305076599121e-01
6.000803112983703613e-01
6.000802516937255859e-01
6.000801920890808105e-01
6.000800728797912598e-01
6.000800132751464844e-01
6.000799536705017090e-01
6.000798940658569336e-01
6.000798344612121582e-01
6.000798344612121582e-01
6.000797748565673828e-01
6.000797152519226074e-01
6.000797152519226074e-01
6.000797152519226074e-01
6.000796556472778320e-01
6.000796556472778320e-01
6.000796556472778320e-01
6.000796556472778320e-01
6.000796556472778320e-01
6.000796556472778320e-01
6.000796556472778320e-01
6.000796556472778320e-01
6.000796556472778320e-01
6.000796556472778320e-01
6.000796556472778320e-01
6.000795960426330566e-01
6.000795960426330566e-01
6.000795960426330566e-01
6.000795960426330566e-01
6.000795960426330566e-01
6.000795960426330566e-01
6.000795364379882812e-01
6.000795364379882812e-01
6.000794768333435059e-01
6.000794172286987305e-01
6.000794172286987305e-01
6.000793576240539551e-01
6.000792980194091797e-01
6.000792384147644043e-01
6.000791788101196289e-01
6.000791192054748535e-01
6.000790596008300781e-01
6.000789403915405273e-01
6.000788807868957520e-01
6.000788211822509766e-01
6.000787019729614258e-01
6.000786423683166504e-01
6.000785827636718750e-01
6.000784635543823242e-01
6.000784039497375488e-01
6.000782847404479980e-01
6.000782251358032227e-01
6.000781655311584473e-01
6.000781059265136719e-01
6.000779867172241211e-01
6.000779271125793457e-01
6.000778675079345703e-01
6.000778079032897949e-01
6.000778079032897949e-01
6.000777482986450195e-01
6.000776886940002441e-01
6.000776886940002441e-01
6.000776290893554688e-01
6.000776290893554688e-01
6.000775694847106934e-01
6.000775694847106934e-01
6.000775694847106934e-01
6.000775694847106934e-01
6.000775694847106934e-01
6.000775694847106934e-01
6.000775694847106934e-01
6.000775694847106934e-01
6.000775694847106934e-01
6.000775694847106934e-01
6.000775694847106934e-01
6.000775694847106934e-01
6.000775694847106934e-01
6.000775098800659180e-01
6.000775098800659180e-01
6.000775098800659180e-01
6.000775098800659180e-01
6.000774502754211426e-01
6.000774502754211426e-01
6.000773906707763672e-01
6.000773906707763672e-01
6.000773310661315918e-01
6.000772714614868164e-01
6.000772118568420410e-01
6.000771522521972656e-01
6.000770926475524902e-01
6.000770330429077148e-01
6.000769734382629395e-01
6.000769138336181641e-01
6.000768542289733887e-01
6.000767350196838379e-01
6.000766754150390625e-01
6.000766158103942871e-01
6.000764966011047363e-01
6.000764966011047363e-01
