8.944492583395913243e-05
8.939805411500856280e-05
8.937583334045484662e-05
8.935458026826381683e-05
8.933835488278418779e-05
8.931907359510660172e-05
8.930019248509779572e-05
8.927699673222377896e-05
8.925292786443606019e-05
8.922201959649100900e-05
8.918936509871855378e-05
8.914936915971338749e-05
8.910847100196406245e-05
8.905794675229117274e-05
8.900320972315967083e-05
8.894504571799188852e-05
8.887911099009215832e-05
8.881272515282034874e-05
8.873522165231406689e-05
8.865865675034001470e-05
8.857320790411904454e-05
8.849179721437394619e-05
8.840228838380426168e-05
8.831423474475741386e-05
8.822030940791592002e-05
8.812554733594879508e-05
8.803705713944509625e-05
8.794119639787822962e-05
8.785296813584864140e-05
8.776236791163682938e-05
8.768026600591838360e-05
8.759713819017633796e-05
8.752026769798249006e-05
8.744481601752340794e-05
8.737272582948207855e-05
8.731267735129222274e-05
8.724938379600644112e-05
8.720119512872770429e-05
8.714986324775964022e-05
8.710953261470422149e-05
8.707315282663330436e-05
8.704150968696922064e-05
8.701651677256450057e-05
8.699610043549910188e-05
8.697964949533343315e-05
8.696949225850403309e-05
8.696107397554442286e-05
8.695455471752211452e-05
8.695141150383278728e-05
8.694904681760817766e-05
8.694912685314193368e-05
8.695019641891121864e-05
8.694897405803203583e-05
8.694548159837722778e-05
8.693862764630466700e-05
8.692791016073897481e-05
8.691503171576187015e-05
8.689756214153021574e-05
8.687799709150567651e-05
8.685079228598624468e-05
8.682280895300209522e-05
8.678390440763905644e-05
8.674563287058845162e-05
8.669632370583713055e-05
8.664683991810306907e-05
8.658719161758199334e-05
8.652196265757083893e-05
8.645519847050309181e-05
8.637922292109578848e-05
8.630491356598213315e-05
8.621613960713148117e-05
8.613519457867369056e-05
8.604489994468167424e-05
8.595715917181223631e-05
8.586476178606972098e-05
8.576798427384346724e-05
8.567813347326591611e-05
8.558265108149498701e-05
8.549630001652985811e-05
8.540230192011222243e-05
8.531855564797297120e-05
8.523405267624184489e-05
8.515683293808251619e-05
8.508173777954652905e-05
8.500758849550038576e-05
8.494583744322881103e-05
8.488204912282526493e-05
8.483241981593891978e-05
8.478052041027694941e-05
8.473890193272382021e-05
8.470116154057905078e-05
8.466918370686471462e-05
8.464387792628258467e-05
8.462187543045729399e-05
8.460480603389441967e-05
8.459382661385461688e-05
8.458569209324195981e-05
8.458086085738614202e-05
8.457908552372828126e-05
8.457728836219757795e-05
8.457598596578463912e-05
8.457362127956002951e-05
8.457121293758973479e-05
8.456785872112959623e-05
8.456318028038367629e-05
8.455653005512431264e-05
8.454709313809871674e-05
8.453265036223456264e-05
8.451545727439224720e-05
8.449205051874741912e-05
8.446718129562214017e-05
8.443341357633471489e-05
8.439836528850719333e-05
8.435422932961955667e-05
8.430927846347913146e-05
8.425521082244813442e-05
8.419889491051435471e-05
8.413472096435725689e-05
8.406471170019358397e-05
8.399682701565325260e-05
8.391706796828657389e-05
8.384376997128129005e-05
8.375720790354534984e-05
8.367601549252867699e-05
8.359082858078181744e-05
8.350568532478064299e-05
8.341842476511374116e-05
8.332978177350014448e-05
8.325048838742077351e-05
8.316359890159219503e-05
8.308965334435924888e-05
8.300845365738496184e-05
8.293720748042687774e-05
8.286834054160863161e-05
8.280383190140128136e-05
8.274541323771700263e-05
8.268523379229009151e-05
8.264041389338672161e-05
8.259358583018183708e-05
8.255758439190685749e-05
8.252226689364761114e-05
8.249343954958021641e-05
8.247160440078005195e-05
8.245286153396591544e-05
8.243892079917714000e-05
8.242911280831322074e-05
8.242190961027517915e-05
8.241722389357164502e-05
8.241552859544754028e-05
8.241472824010998011e-05
8.241547038778662682e-05
8.241653995355591178e-05
8.241604518843814731e-05
8.241367322625592351e-05
8.240844908868893981e-05
8.239965973189100623e-05
8.238874579546973109e-05
8.237230940721929073e-05
8.235491986852139235e-05
8.232917753048241138e-05
8.230339153669774532e-05
8.226788486354053020e-05
8.223326585721224546e-05
8.218647417379543185e-05
8.213958062697201967e-05
8.208364306483417749e-05
8.202605386031791568e-05
8.196161797968670726e-05
8.188869105651974678e-05
8.181873272405937314e-05
8.173789683496579528e-05
8.166242332663387060e-05
8.157553384080529213e-05
8.149151108227670193e-05
8.140441059367731214e-05
8.131800132105126977e-05
8.123146108118817210e-05
8.114386582747101784e-05
8.105762390187010169e-05
8.096920646494254470e-05
8.089364564511924982e-05
8.081191481323912740e-05
8.073804201558232307e-05
8.066734153544530272e-05
8.060151594690978527e-05
8.054124191403388977e-05
8.048352901823818684e-05
8.043319394346326590e-05
8.038455416681244969e-05
8.034741767914965749e-05
8.031113247852772474e-05
8.028221782296895981e-05
8.025703573366627097e-05
8.023672853596508503e-05
8.022200199775397778e-05
8.021177927730605006e-05
8.020437235245481133e-05
8.020007953746244311e-05
8.019859524210914969e-05
8.019689266802743077e-05
8.019633969524875283e-05
8.019474626053124666e-05
8.019291271921247244e-05
8.019000961212441325e-05
8.018602966330945492e-05
8.017939398996531963e-05
8.017059008125215769e-05
8.015729690669104457e-05
8.014205377548933029e-05
8.012029866222292185e-05
8.009598241187632084e-05
8.006408461369574070e-05
8.003236871445551515e-05
7.998992805369198322e-05
7.994884799700230360e-05
7.989550795173272491e-05
7.984218245837837458e-05
7.978297071531414986e-05
7.971892046043649316e-05
7.965287659317255020e-05
7.957503112265840173e-05
7.950546569190919399e-05
7.942477532196789980e-05
7.934996392577886581e-05
7.926557736936956644e-05
7.918482879176735878e-05
7.910460408311337233e-05
7.902267680037766695e-05
7.894556620158255100e-05
7.886045932536944747e-05
7.879031181801110506e-05
7.871451816754415631e-05
7.864902727305889130e-05
7.858166645746678114e-05
7.851934788050130010e-05
7.846402149880304933e-05
7.841054321033880115e-05
7.836596341803669930e-05
7.832027040421962738e-05
7.828621164662763476e-05
7.825357897672802210e-05
7.822721818229183555e-05
7.820587052265182137e-05
7.818752783350646496e-05
7.817436562618240714e-05
7.816548168193548918e-05
7.815854041837155819e-05
7.815477147232741117e-05
7.815324352122843266e-05
7.815283606760203838e-05
7.815375283826142550e-05
7.815452408976852894e-05
7.815419667167589068e-05
7.815221761120483279e-05
7.814794662408530712e-05
7.813977572368457913e-05
7.813011325197294354e-05
7.811426621628925204e-05
7.809788075974211097e-05
7.807517977198585868e-05
7.805023051332682371e-05
7.801838364684954286e-05
7.798332080710679293e-05
7.793924305588006973e-05
7.789707160554826260e-05
7.784304034430533648e-05
7.778767030686140060e-05
7.772685785312205553e-05
7.766166527289897203e-05
7.759399886708706617e-05
7.751963858027011156e-05
7.744390313746407628e-05
7.736182305961847305e-05
7.728581840638071299e-05
7.720181019976735115e-05
7.712205842835828662e-05
7.703638402745127678e-05
7.695343083469197154e-05
7.687471224926412106e-05
7.679303234908729792e-05
7.671693310840055346e-05
7.663977157790213823e-05
7.657306559849530458e-05
7.650433690287172794e-05
7.644403376616537571e-05
7.638400711584836245e-05
7.632940832991153002e-05
7.628344610566273332e-05
7.623725832672789693e-05
7.620245742145925760e-05
7.616703805979341269e-05
7.613976777065545321e-05
7.611689943587407470e-05
7.609750173287466168e-05
7.608353917021304369e-05
7.607423322042450309e-05
7.606743020005524158e-05
7.606379949720576406e-05
7.606209692312404513e-05
7.606059807585552335e-05
7.606023427797481418e-05
7.605892460560426116e-05
7.605765858897939324e-05
7.605477730976417661e-05
7.605103746755048633e-05
7.604469283251091838e-05
7.603679114254191518e-05
7.602392724948003888e-05
7.600940443808212876e-05
7.598879892611876130e-05
7.596670911880210042e-05
7.593728514621034265e-05
7.590652239741757512e-05
7.586520951008424163e-05
7.582613034173846245e-05
7.577639189548790455e-05
7.572749018436297774e-05
7.566979911644011736e-05
7.560763333458453417e-05
7.554498733952641487e-05
7.547516725026071072e-05
7.540754450019448996e-05
7.532838208135217428e-05
7.525713590439409018e-05
7.517885387642309070e-05
7.510402792831882834e-05
7.502621883759275079e-05
7.494620513170957565e-05
7.487308175768703222e-05
7.479625492123886943e-05
7.472834840882569551e-05
7.465488306479528546e-05
7.459144399035722017e-05
7.452763384208083153e-05
7.447136158589273691e-05
7.441695925081148744e-05
7.436497980961576104e-05
7.432284473907202482e-05
7.428012031596153975e-05
7.424837531289085746e-05
7.421688496833667159e-05
7.419129542540758848e-05
7.417113374685868621e-05
7.415397703880444169e-05
7.414196443278342485e-05
7.413311686832457781e-05
7.412645209114998579e-05
7.412298145936802030e-05
7.412181003019213676e-05
7.412141712848097086e-05
7.412247214233502746e-05
7.412322884192690253e-05
7.412312697852030396e-05
7.412113336613401771e-05
7.411756087094545364e-05
7.410981197608634830e-05
7.410077523672953248e-05
7.408663805108517408e-05
7.407102384604513645e-05
7.405036012642085552e-05
7.402538176393136382e-05
7.399514288408681750e-05
7.396317232633009553e-05
7.392244151560589671e-05
7.388058293145149946e-05
7.382959302049130201e-05
7.377971633104607463e-05
7.372082473011687398e-05
7.366100180661305785e-05
7.359377195825800300e-05
7.352316606556996703e-05
7.345427002292126417e-05
7.337678835028782487e-05
7.330498192459344864e-05
7.322251622099429369e-05
7.314681715797632933e-05
7.306795305339619517e-05
7.299111894099041820e-05
7.291278598131611943e-05
7.283526065293699503e-05
7.276614633155986667e-05
7.269197521964088082e-05
7.263001316459849477e-05
7.256243407027795911e-05
7.250517228385433555e-05
7.244970765896141529e-05
7.239975093398243189e-05
7.235456723719835281e-05
7.230966730276122689e-05
7.227703463286161423e-05
7.224423461593687534e-05
7.221903797471895814e-05
7.219644612632691860e-05
7.217831443995237350e-05
7.216590165626257658e-05
7.215685764094814658e-05
7.215028017526492476e-05
7.214688230305910110e-05
7.214533980004489422e-05
7.214386278064921498e-05
7.214381912490352988e-05
7.214256038423627615e-05
7.214156357804313302e-05
7.213891512947157025e-05
7.213560456875711679e-05
7.212927448563277721e-05
7.212171476567164063e-05
7.210954936454072595e-05
7.209632167359814048e-05
7.207754970295354724e-05
7.205602014437317848e-05
7.202721462817862630e-05
7.199814717750996351e-05
7.196005026344209909e-05
7.192329940153285861e-05
7.187522714957594872e-05
7.182783156167715788e-05
7.177318911999464035e-05
7.171704783104360104e-05
7.165619172155857086e-05
7.158788503147661686e-05
7.152379112085327506e-05
7.145063136704266071e-05
7.138375804061070085e-05
7.130794983822852373e-05
7.123525574570521712e-05
7.116155029507353902e-05
7.108911086106672883e-05
7.101814117049798369e-05
7.094681495800614357e-05
7.087845733622089028e-05
7.080874638631939888e-05
7.075100438669323921e-05
7.068888226058334112e-05
7.063427619868889451e-05
7.058284245431423187e-05
7.053608715068548918e-05
7.049443229334428906e-05
7.045521488180384040e-05
7.042274955892935395e-05
7.039293268462643027e-05
7.036972965579479933e-05
7.035007729427888989e-05
7.033340807538479567e-05
7.032178109511733055e-05
7.031348650343716145e-05
7.030724373180419207e-05
7.030431152088567615e-05
7.030309643596410751e-05
7.030283450148999691e-05
7.030392589513212442e-05
7.030449341982603073e-05
7.030465349089354277e-05
7.030274718999862671e-05
7.029942207736894488e-05
7.029227708699181676e-05
7.028413529042154551e-05
7.027134415693581104e-05
7.025572267593815923e-05
7.023608486633747816e-05
7.021323108347132802e-05
7.018577889539301395e-05
7.015366281848400831e-05
7.011482375673949718e-05
7.007706881267949939e-05
7.002805068623274565e-05
6.998214666964486241e-05
6.992431008256971836e-05
6.986734661040827632e-05
6.980561011005192995e-05
6.974036659812554717e-05
6.967388617340475321e-05
6.959793245187029243e-05
6.953017873456701636e-05
6.945362110855057836e-05
6.938355363672599196e-05
6.930581730557605624e-05
6.923273031134158373e-05
6.916096754139289260e-05
6.908906652824953198e-05
6.902218592585995793e-05
6.894944817759096622e-05
6.889096403028815985e-05
6.882810703245922923e-05
6.877535633975639939e-05
6.872141239000484347e-05
6.867296178825199604e-05
6.863050657557323575e-05
6.859051791252568364e-05
6.855816172901540995e-05
6.852625665487721562e-05
6.850236968602985144e-05
6.848174962215125561e-05
6.846437463536858559e-05
6.845308962510898709e-05
6.844414019724354148e-05
6.843802839284762740e-05
6.843505252618342638e-05
6.843337177997455001e-05
6.843208393547683954e-05
6.843210576334968209e-05
6.843210576334968209e-05
