1.000100016593933105e+00
1.000099897384643555e+00
1.000099897384643555e+00
1.000099897384643555e+00
1.000099778175354004e+00
1.000099778175354004e+00
1.000099778175354004e+00
1.000099778175354004e+00
1.000099778175354004e+00
1.000099778175354004e+00
1.000099778175354004e+00
1.000099658966064453e+00
1.000099658966064453e+00
1.000099658966064453e+00
1.000099658966064453e+00
1.000099658966064453e+00
1.000099658966064453e+00
1.000099658966064453e+00
1.000099658966064453e+00
1.000099658966064453e+00
1.000099658966064453e+00
1.000099539756774902e+00
1.000099539756774902e+00
1.000099539756774902e+00
1.000099539756774902e+00
1.000099539756774902e+00
1.000099539756774902e+00
1.000099539756774902e+00
1.000099539756774902e+00
1.000099539756774902e+00
1.000099539756774902e+00
1.000099539756774902e+00
1.000099539756774902e+00
1.000099539756774902e+00
1.000099420547485352e+00
1.000099420547485352e+00
1.000099420547485352e+00
1.000099420547485352e+00
1.000099420547485352e+00
1.000099420547485352e+00
1.000099420547485352e+00
1.000099420547485352e+00
1.000099420547485352e+00
1.000099420547485352e+00
1.000099420547485352e+00
1.000099420547485352e+00
1.000099420547485352e+00
1.000099420547485352e+00
1.000099301338195801e+00
1.000099301338195801e+00
1.000099301338195801e+00
1.000099301338195801e+00
1.000099301338195801e+00
1.000099301338195801e+00
1.000099301338195801e+00
1.000099301338195801e+00
1.000099301338195801e+00
1.000099301338195801e+00
1.000099301338195801e+00
1.000099301338195801e+00
1.000099301338195801e+00
1.000099301338195801e+00
1.000099301338195801e+00
1.000099301338195801e+00
1.000099301338195801e+00
1.000099182128906250e+00
1.000099182128906250e+00
1.000099182128906250e+00
1.000099182128906250e+00
1.000099182128906250e+00
1.000099182128906250e+00
1.000099182128906250e+00
1.000099182128906250e+00
1.000099182128906250e+00
1.000099182128906250e+00
1.000099182128906250e+00
1.000099182128906250e+00
1.000099182128906250e+00
1.000099182128906250e+00
1.000099182128906250e+00
1.000099182128906250e+00
1.000099182128906250e+00
1.000099182128906250e+00
1.000099182128906250e+00
1.000099182128906250e+00
1.000099062919616699e+00
1.000099062919616699e+00
1.000099062919616699e+00
1.000099062919616699e+00
1.000099062919616699e+00
1.000099062919616699e+00
1.000099062919616699e+00
1.000099062919616699e+00
1.000099062919616699e+00
1.000099062919616699e+00
1.000099062919616699e+00
1.000099062919616699e+00
1.000099062919616699e+00
1.000099062919616699e+00
1.000099062919616699e+00
1.000099062919616699e+00
1.000099062919616699e+00
1.000099062919616699e+00
1.000099062919616699e+00
1.000099062919616699e+00
1.000099062919616699e+00
1.000098943710327148e+00
1.000098943710327148e+00
1.000098943710327148e+00
1.000098943710327148e+00
1.000098943710327148e+00
1.000098943710327148e+00
1.000098943710327148e+00
1.000098943710327148e+00
1.000098943710327148e+00
1.000098943710327148e+00
1.000098943710327148e+00
1.000098943710327148e+00
1.000098943710327148e+00
1.000098943710327148e+00
1.000098943710327148e+00
1.000098943710327148e+00
1.000098943710327148e+00
1.000098943710327148e+00
1.000098943710327148e+00
1.000098943710327148e+00
1.000098943710327148e+00
1.000098943710327148e+00
1.000098943710327148e+00
1.000098943710327148e+00
1.000098943710327148e+00
1.000098824501037598e+00
1.000098824501037598e+00
1.000098824501037598e+00
1.000098824501037598e+00
1.000098824501037598e+00
1.000098824501037598e+00
1.000098824501037598e+00
1.000098824501037598e+00
1.000098824501037598e+00
1.000098824501037598e+00
1.000098824501037598e+00
1.000098824501037598e+00
1.000098824501037598e+00
1.000098824501037598e+00
1.000098824501037598e+00
1.000098824501037598e+00
1.000098824501037598e+00
1.000098824501037598e+00
1.000098824501037598e+00
1.000098824501037598e+00
1.000098824501037598e+00
1.000098824501037598e+00
1.000098824501037598e+00
1.000098824501037598e+00
1.000098824501037598e+00
1.000098705291748047e+00
1.000098705291748047e+00
1.000098705291748047e+00
1.000098705291748047e+00
1.000098705291748047e+00
1.000098705291748047e+00
1.000098705291748047e+00
1.000098705291748047e+00
1.000098705291748047e+00
1.000098705291748047e+00
1.000098705291748047e+00
1.000098705291748047e+00
1.000098705291748047e+00
1.000098705291748047e+00
1.000098705291748047e+00
1.000098705291748047e+00
1.000098705291748047e+00
1.000098705291748047e+00
1.000098705291748047e+00
1.000098705291748047e+00
1.000098705291748047e+00
1.000098705291748047e+00
1.000098705291748047e+00
1.000098705291748047e+00
1.000098705291748047e+00
1.000098705291748047e+00
1.000098705291748047e+00
1.000098705291748047e+00
1.000098705291748047e+00
1.000098586082458496e+00
1.000098586082458496e+00
1.000098586082458496e+00
1.000098586082458496e+00
1.000098586082458496e+00
1.000098586082458496e+00
1.000098586082458496e+00
1.000098586082458496e+00
1.000098586082458496e+00
1.000098586082458496e+00
1.000098586082458496e+00
1.000098586082458496e+00
1.000098586082458496e+00
1.000098586082458496e+00
1.000098586082458496e+00
1.000098586082458496e+00
1.000098586082458496e+00
1.000098586082458496e+00
1.000098586082458496e+00
1.000098586082458496e+00
1.000098586082458496e+00
1.000098586082458496e+00
1.000098586082458496e+00
1.000098586082458496e+00
1.000098586082458496e+00
1.000098586082458496e+00
1.000098586082458496e+00
1.000098586082458496e+00
1.000098586082458496e+00
1.000098586082458496e+00
1.000098586082458496e+00
1.000098466873168945e+00
1.000098466873168945e+00
1.000098466873168945e+00
1.000098466873168945e+00
1.000098466873168945e+00
1.000098466873168945e+00
1.000098466873168945e+00
1.000098466873168945e+00
1.000098466873168945e+00
1.000098466873168945e+00
1.000098466873168945e+00
1.000098466873168945e+00
1.000098466873168945e+00
1.000098466873168945e+00
1.000098466873168945e+00
1.000098466873168945e+00
1.000098466873168945e+00
1.000098466873168945e+00
1.000098466873168945e+00
1.000098466873168945e+00
1.000098466873168945e+00
1.000098466873168945e+00
1.000098466873168945e+00
1.000098466873168945e+00
1.000098466873168945e+00
1.000098466873168945e+00
1.000098466873168945e+00
1.000098466873168945e+00
1.000098466873168945e+00
1.000098466873168945e+00
1.000098466873168945e+00
1.000098466873168945e+00
1.000098466873168945e+00
1.000098347663879395e+00
1.000098347663879395e+00
1.000098347663879395e+00
1.000098347663879395e+00
1.000098347663879395e+00
1.000098347663879395e+00
1.000098347663879395e+00
1.000098347663879395e+00
1.000098347663879395e+00
1.000098347663879395e+00
1.000098347663879395e+00
1.000098347663879395e+00
1.000098347663879395e+00
1.000098347663879395e+00
1.000098347663879395e+00
1.000098347663879395e+00
1.000098347663879395e+00
1.000098347663879395e+00
1.000098347663879395e+00
1.000098347663879395e+00
1.000098347663879395e+00
1.000098347663879395e+00
1.000098347663879395e+00
1.000098347663879395e+00
1.000098347663879395e+00
1.000098347663879395e+00
1.000098347663879395e+00
1.000098347663879395e+00
1.000098347663879395e+00
1.000098347663879395e+00
1.000098347663879395e+00
1.000098347663879395e+00
1.000098347663879395e+00
1.000098347663879395e+00
1.000098347663879395e+00
1.000098347663879395e+00
1.000098228454589844e+00
1.000098228454589844e+00
1.000098228454589844e+00
1.000098228454589844e+00
1.000098228454589844e+00
1.000098228454589844e+00
1.000098228454589844e+00
1.000098228454589844e+00
1.000098228454589844e+00
1.000098228454589844e+00
1.000098228454589844e+00
1.000098228454589844e+00
1.000098228454589844e+00
1.000098228454589844e+00
1.000098228454589844e+00
1.000098228454589844e+00
1.000098228454589844e+00
1.000098228454589844e+00
1.000098228454589844e+00
1.000098228454589844e+00
1.000098228454589844e+00
1.000098228454589844e+00
1.000098228454589844e+00
1.000098228454589844e+00
1.000098228454589844e+00
1.000098228454589844e+00
1.000098228454589844e+00
1.000098228454589844e+00
1.000098228454589844e+00
1.000098228454589844e+00
1.000098228454589844e+00
1.000098228454589844e+00
1.000098228454589844e+00
1.000098228454589844e+00
1.000098228454589844e+00
1.000098228454589844e+00
1.000098228454589844e+00
1.000098109245300293e+00
1.000098109245300293e+00
1.000098109245300293e+00
1.000098109245300293e+00
1.000098109245300293e+00
1.000098109245300293e+00
1.000098109245300293e+00
1.000098109245300293e+00
1.000098109245300293e+00
1.000098109245300293e+00
1.000098109245300293e+00
1.000098109245300293e+00
1.000098109245300293e+00
1.000098109245300293e+00
1.000098109245300293e+00
1.000098109245300293e+00
1.000098109245300293e+00
1.000098109245300293e+00
1.000098109245300293e+00
1.000098109245300293e+00
1.000098109245300293e+00
1.000098109245300293e+00
1.000098109245300293e+00
1.000098109245300293e+00
1.000098109245300293e+00
1.000098109245300293e+00
1.000098109245300293e+00
1.000098109245300293e+00
1.000098109245300293e+00
1.000098109245300293e+00
1.000098109245300293e+00
1.000098109245300293e+00
1.000098109245300293e+00
1.000098109245300293e+00
1.000098109245300293e+00
1.000098109245300293e+00
1.000098109245300293e+00
1.000098109245300293e+00
1.000098109245300293e+00
1.000098109245300293e+00
1.000097990036010742e+00
1.000097990036010742e+00
1.000097990036010742e+00
1.000097990036010742e+00
1.000097990036010742e+00
1.000097990036010742e+00
1.000097990036010742e+00
1.000097990036010742e+00
1.000097990036010742e+00
1.000097990036010742e+00
1.000097990036010742e+00
1.000097990036010742e+00
1.000097990036010742e+00
1.000097990036010742e+00
1.000097990036010742e+00
1.000097990036010742e+00
1.000097990036010742e+00
1.000097990036010742e+00
1.000097990036010742e+00
1.000097990036010742e+00
1.000097990036010742e+00
1.000097990036010742e+00
1.000097990036010742e+00
1.000097990036010742e+00
1.000097990036010742e+00
1.000097990036010742e+00
1.000097990036010742e+00
1.000097990036010742e+00
1.000097990036010742e+00
1.000097990036010742e+00
1.000097990036010742e+00
1.000097990036010742e+00
1.000097990036010742e+00
1.000097990036010742e+00
1.000097990036010742e+00
1.000097990036010742e+00
1.000097990036010742e+00
1.000097990036010742e+00
1.000097990036010742e+00
1.000097990036010742e+00
1.000097870826721191e+00
1.000097870826721191e+00
1.000097870826721191e+00
1.000097870826721191e+00
1.000097870826721191e+00
1.000097870826721191e+00
1.000097870826721191e+00
1.000097870826721191e+00
1.000097870826721191e+00
1.000097870826721191e+00
1.000097870826721191e+00
1.000097870826721191e+00
1.000097870826721191e+00
1.000097870826721191e+00
1.000097870826721191e+00
1.000097870826721191e+00
1.000097870826721191e+00
1.000097870826721191e+00
1.000097870826721191e+00
1.000097870826721191e+00
1.000097870826721191e+00
1.000097870826721191e+00
1.000097870826721191e+00
1.000097870826721191e+00
1.000097870826721191e+00
1.000097870826721191e+00
1.000097870826721191e+00
1.000097870826721191e+00
1.000097870826721191e+00
1.000097870826721191e+00
1.000097870826721191e+00
1.000097870826721191e+00
1.000097870826721191e+00
1.000097870826721191e+00
1.000097870826721191e+00
1.000097870826721191e+00
1.000097870826721191e+00
1.000097870826721191e+00
1.000097870826721191e+00
1.000097870826721191e+00
1.000097870826721191e+00
1.000097870826721191e+00
1.000097870826721191e+00
1.000097870826721191e+00
1.000097870826721191e+00
1.000097870826721191e+00
1.000097751617431641e+00
1.000097751617431641e+00
1.000097751617431641e+00
1.000097751617431641e+00
1.000097751617431641e+00
1.000097751617431641e+00
1.000097751617431641e+00
1.000097751617431641e+00
1.000097751617431641e+00
1.000097751617431641e+00
1.000097751617431641e+00
1.000097751617431641e+00
1.000097751617431641e+00
1.000097751617431641e+00
1.000097751617431641e+00
1.000097751617431641e+00
1.000097751617431641e+00
1.000097751617431641e+00
1.000097751617431641e+00
1.000097751617431641e+00
1.000097751617431641e+00
1.000097751617431641e+00
1.000097751617431641e+00
1.000097751617431641e+00
1.000097751617431641e+00
1.000097751617431641e+00
1.000097751617431641e+00
1.000097751617431641e+00
1.000097751617431641e+00
1.000097751617431641e+00
1.000097751617431641e+00
1.000097751617431641e+00
1.000097751617431641e+00
1.000097751617431641e+00
1.000097751617431641e+00
1.000097751617431641e+00
1.000097751617431641e+00
1.000097751617431641e+00
1.000097751617431641e+00
1.000097751617431641e+00
1.000097751617431641e+00
1.000097751617431641e+00
1.000097751617431641e+00
1.000097751617431641e+00
1.000097751617431641e+00
1.000097751617431641e+00
1.000097632408142090e+00
1.000097632408142090e+00
1.000097632408142090e+00
1.000097632408142090e+00
1.000097632408142090e+00
1.000097632408142090e+00
1.000097632408142090e+00
1.000097632408142090e+00
