0.000000000000000000e+00
1.054579999999999927e-02
2.109159999999999854e-02
3.163749999999999896e-02
4.218329999999999996e-02
5.272910000000000097e-02
6.327489999999999504e-02
7.030550000000000688e-02
8.085130000000000094e-02
9.139709999999999501e-02
1.019430000000000058e-01
1.124890000000000057e-01
1.230350000000000055e-01
1.300649999999999862e-01
1.406110000000000138e-01
1.511570000000000136e-01
1.617030000000000134e-01
1.722480000000000122e-01
1.827940000000000120e-01
1.933400000000000118e-01
2.003709999999999936e-01
2.109159999999999924e-01
2.214619999999999922e-01
2.320079999999999920e-01
2.425539999999999918e-01
2.530999999999999917e-01
2.601299999999999724e-01
2.706760000000000277e-01
2.812220000000000275e-01
2.917680000000000273e-01
3.023140000000000271e-01
3.128589999999999982e-01
3.234049999999999980e-01
3.304360000000000075e-01
3.409820000000000073e-01
3.515269999999999784e-01
3.620729999999999782e-01
3.726189999999999780e-01
3.831649999999999778e-01
3.901959999999999873e-01
4.007410000000000139e-01
4.112870000000000137e-01
4.218330000000000135e-01
4.323790000000000133e-01
4.429250000000000131e-01
4.534699999999999842e-01
4.605009999999999937e-01
4.710469999999999935e-01
4.815929999999999933e-01
4.921380000000000199e-01
5.026840000000000197e-01
5.132299999999999640e-01
5.202609999999999735e-01
5.308070000000000288e-01
5.413520000000000554e-01
5.518979999999999997e-01
5.624440000000000550e-01
5.729899999999999993e-01
5.800199999999999800e-01
5.905660000000000354e-01
6.011119999999999797e-01
6.116580000000000350e-01
6.222039999999999793e-01
6.327500000000000346e-01
6.432949999999999502e-01
6.503259999999999597e-01
6.608720000000000150e-01
6.714179999999999593e-01
6.819629999999999859e-01
6.925090000000000412e-01
7.030549999999999855e-01
7.100859999999999950e-01
7.206310000000000215e-01
7.311769999999999659e-01
7.417230000000000212e-01
7.522689999999999655e-01
7.628150000000000208e-01
7.733609999999999651e-01
7.803909999999999458e-01
7.909370000000000012e-01
8.014829999999999455e-01
8.120290000000000008e-01
8.225740000000000274e-01
8.331199999999999717e-01
8.401509999999999811e-01
8.506970000000000365e-01
8.612419999999999520e-01
8.717880000000000074e-01
8.823339999999999517e-01
8.928800000000000070e-01
9.034259999999999513e-01
9.104560000000000430e-01
9.210019999999999873e-01
9.315480000000000427e-01
9.420939999999999870e-01
9.526400000000000423e-01
9.631859999999999866e-01
9.702159999999999673e-01
9.807620000000000227e-01
9.913079999999999670e-01
1.001849999999999907e+00
1.012399999999999967e+00
1.022950000000000026e+00
1.033490000000000020e+00
1.040519999999999889e+00
1.051069999999999949e+00
1.061609999999999943e+00
1.072160000000000002e+00
1.082699999999999996e+00
1.093250000000000055e+00
1.100279999999999925e+00
1.110829999999999984e+00
1.121369999999999978e+00
1.131920000000000037e+00
1.142460000000000031e+00
1.153010000000000090e+00
1.160039999999999960e+00
1.170590000000000019e+00
1.181130000000000013e+00
1.191680000000000073e+00
1.202220000000000066e+00
1.212769999999999904e+00
1.223319999999999963e+00
1.230350000000000055e+00
1.240890000000000049e+00
1.251440000000000108e+00
1.261980000000000102e+00
1.272529999999999939e+00
1.283079999999999998e+00
1.290110000000000090e+00
1.300650000000000084e+00
1.311199999999999921e+00
1.321739999999999915e+00
1.332289999999999974e+00
1.342840000000000034e+00
1.353380000000000027e+00
1.360409999999999897e+00
1.370959999999999956e+00
1.381499999999999950e+00
1.392050000000000010e+00
1.402600000000000069e+00
1.413140000000000063e+00
1.420169999999999932e+00
1.430719999999999992e+00
1.441259999999999986e+00
1.451810000000000045e+00
1.462350000000000039e+00
1.472900000000000098e+00
1.483449999999999935e+00
1.490480000000000027e+00
1.501020000000000021e+00
1.511570000000000080e+00
1.522110000000000074e+00
1.532659999999999911e+00
1.543209999999999971e+00
1.550240000000000062e+00
1.560780000000000056e+00
1.571329999999999893e+00
1.581870000000000109e+00
1.592419999999999947e+00
1.602970000000000006e+00
1.613510000000000000e+00
1.620540000000000092e+00
1.631089999999999929e+00
1.641629999999999923e+00
1.652179999999999982e+00
1.662730000000000041e+00
1.673270000000000035e+00
1.680299999999999905e+00
1.690849999999999964e+00
1.701389999999999958e+00
1.711940000000000017e+00
1.722490000000000077e+00
1.733030000000000070e+00
1.740059999999999940e+00
1.750609999999999999e+00
1.761149999999999993e+00
1.771700000000000053e+00
1.782249999999999890e+00
1.792790000000000106e+00
1.803339999999999943e+00
1.810370000000000035e+00
1.820910000000000029e+00
1.831460000000000088e+00
1.842000000000000082e+00
1.852549999999999919e+00
1.863099999999999978e+00
1.870130000000000070e+00
1.880670000000000064e+00
1.891219999999999901e+00
1.901759999999999895e+00
1.912309999999999954e+00
1.922860000000000014e+00
1.933400000000000007e+00
1.940430000000000099e+00
1.950979999999999936e+00
1.961519999999999930e+00
1.972069999999999990e+00
1.982620000000000049e+00
1.993160000000000043e+00
2.000189999999999912e+00
2.010740000000000194e+00
2.021279999999999966e+00
2.031829999999999803e+00
2.042380000000000084e+00
2.052919999999999856e+00
2.063470000000000137e+00
2.070500000000000007e+00
2.081039999999999779e+00
2.091590000000000060e+00
2.102139999999999898e+00
2.112680000000000113e+00
2.123229999999999951e+00
2.130259999999999820e+00
2.140800000000000036e+00
2.151349999999999874e+00
2.161900000000000155e+00
2.172439999999999927e+00
2.182990000000000208e+00
2.190020000000000078e+00
2.200559999999999850e+00
2.211110000000000131e+00
2.221649999999999903e+00
2.232200000000000184e+00
2.242750000000000021e+00
2.253289999999999793e+00
2.260320000000000107e+00
2.270869999999999944e+00
2.281410000000000160e+00
2.291959999999999997e+00
2.302509999999999835e+00
2.313050000000000050e+00
2.320079999999999920e+00
2.330630000000000202e+00
2.341169999999999973e+00
2.351719999999999811e+00
2.362270000000000092e+00
2.372809999999999864e+00
2.383360000000000145e+00
2.390390000000000015e+00
2.400929999999999787e+00
2.411480000000000068e+00
2.422029999999999905e+00
2.432570000000000121e+00
2.443119999999999958e+00
2.450149999999999828e+00
2.460690000000000044e+00
2.471239999999999881e+00
2.481790000000000163e+00
2.492329999999999934e+00
2.502880000000000216e+00
2.513419999999999987e+00
2.520449999999999857e+00
2.531000000000000139e+00
2.541549999999999976e+00
2.552090000000000192e+00
2.562640000000000029e+00
2.573179999999999801e+00
2.580210000000000115e+00
2.590759999999999952e+00
2.601309999999999789e+00
2.611850000000000005e+00
2.622399999999999842e+00
2.632940000000000058e+00
2.643489999999999895e+00
2.650520000000000209e+00
2.661059999999999981e+00
2.671609999999999818e+00
2.682160000000000100e+00
2.692699999999999871e+00
2.703250000000000153e+00
2.710280000000000022e+00
2.720819999999999794e+00
2.731370000000000076e+00
2.741919999999999913e+00
2.752460000000000129e+00
2.763009999999999966e+00
2.770039999999999836e+00
2.780580000000000052e+00
2.791129999999999889e+00
2.801680000000000170e+00
2.812219999999999942e+00
2.822769999999999779e+00
2.833309999999999995e+00
2.840339999999999865e+00
2.850890000000000146e+00
2.861439999999999984e+00
2.871980000000000199e+00
2.882530000000000037e+00
2.893069999999999808e+00
2.900100000000000122e+00
2.910649999999999959e+00
2.921199999999999797e+00
2.931740000000000013e+00
2.942289999999999850e+00
2.952830000000000066e+00
2.963379999999999903e+00
2.970410000000000217e+00
2.980960000000000054e+00
2.991499999999999826e+00
3.002050000000000107e+00
3.012589999999999879e+00
3.023140000000000160e+00
3.030170000000000030e+00
3.040719999999999867e+00
3.051260000000000083e+00
3.061809999999999921e+00
3.072350000000000136e+00
3.082899999999999974e+00
3.093440000000000190e+00
3.100470000000000059e+00
3.111019999999999897e+00
3.121570000000000178e+00
3.132109999999999950e+00
3.142659999999999787e+00
3.153200000000000003e+00
3.160229999999999873e+00
3.170780000000000154e+00
3.181329999999999991e+00
3.191870000000000207e+00
3.202420000000000044e+00
3.212959999999999816e+00
3.223510000000000097e+00
3.230539999999999967e+00
3.241089999999999804e+00
3.251630000000000020e+00
3.262179999999999858e+00
3.272720000000000073e+00
3.283269999999999911e+00
3.290299999999999780e+00
3.300850000000000062e+00
3.311389999999999834e+00
3.321940000000000115e+00
3.332479999999999887e+00
3.343030000000000168e+00
3.350060000000000038e+00
3.360609999999999875e+00
3.371150000000000091e+00
3.381699999999999928e+00
3.392240000000000144e+00
3.402789999999999981e+00
3.413330000000000197e+00
3.420370000000000132e+00
3.430909999999999904e+00
3.441460000000000186e+00
3.451999999999999957e+00
3.462549999999999795e+00
3.473090000000000011e+00
3.480129999999999946e+00
3.490670000000000162e+00
3.501219999999999999e+00
3.511760000000000215e+00
3.522310000000000052e+00
3.532849999999999824e+00
3.543400000000000105e+00
3.550429999999999975e+00
3.560979999999999812e+00
3.571520000000000028e+00
3.582069999999999865e+00
3.592610000000000081e+00
3.603159999999999918e+00
3.610189999999999788e+00
3.620740000000000069e+00
3.631279999999999841e+00
3.641830000000000123e+00
3.652369999999999894e+00
3.662920000000000176e+00
3.673470000000000013e+00
3.680499999999999883e+00
3.691040000000000099e+00
3.701589999999999936e+00
3.712130000000000152e+00
3.722679999999999989e+00
3.733229999999999826e+00
3.740260000000000140e+00
3.750799999999999912e+00
3.761350000000000193e+00
3.771889999999999965e+00
3.782439999999999802e+00
3.792990000000000084e+00
3.800019999999999953e+00
3.810560000000000169e+00
3.821110000000000007e+00
3.831649999999999778e+00
3.842200000000000060e+00
3.852739999999999831e+00
3.863290000000000113e+00
3.870319999999999983e+00
3.880869999999999820e+00
3.891410000000000036e+00
3.901959999999999873e+00
3.912500000000000089e+00
3.923049999999999926e+00
3.930079999999999796e+00
3.940630000000000077e+00
3.951169999999999849e+00
3.961720000000000130e+00
3.972259999999999902e+00
3.982810000000000183e+00
3.993360000000000021e+00
4.000390000000000335e+00
4.010930000000000106e+00
4.021480000000000388e+00
4.032020000000000159e+00
4.042570000000000441e+00
4.053119999999999834e+00
4.060150000000000148e+00
4.070689999999999920e+00
4.081240000000000201e+00
4.091779999999999973e+00
4.102330000000000254e+00
4.112879999999999647e+00
4.123420000000000307e+00
4.130449999999999733e+00
4.141000000000000014e+00
4.151539999999999786e+00
4.162090000000000067e+00
4.172640000000000349e+00
4.183180000000000121e+00
4.190210000000000434e+00
4.200759999999999827e+00
4.211299999999999599e+00
4.221849999999999881e+00
4.232400000000000162e+00
4.242939999999999934e+00
4.253490000000000215e+00
4.260519999999999641e+00
4.271060000000000301e+00
4.281609999999999694e+00
4.292150000000000354e+00
4.302699999999999747e+00
4.313250000000000028e+00
4.320280000000000342e+00
4.330820000000000114e+00
4.341370000000000395e+00
4.351910000000000167e+00
4.362459999999999560e+00
4.373009999999999842e+00
4.380040000000000155e+00
4.390579999999999927e+00
4.401130000000000209e+00
4.411669999999999980e+00
4.422220000000000262e+00
4.432769999999999655e+00
4.443310000000000315e+00
4.450339999999999741e+00
4.460890000000000022e+00
4.471429999999999794e+00
4.481980000000000075e+00
4.492530000000000356e+00
4.503070000000000128e+00
4.510100000000000442e+00
4.520649999999999835e+00
4.531189999999999607e+00
4.541739999999999888e+00
4.552290000000000170e+00
4.562829999999999941e+00
4.573380000000000223e+00
4.580409999999999648e+00
4.590950000000000308e+00
4.601499999999999702e+00
4.612049999999999983e+00
4.622589999999999755e+00
4.633140000000000036e+00
4.640170000000000350e+00
4.650710000000000122e+00
4.661260000000000403e+00
4.671809999999999796e+00
4.682349999999999568e+00
4.692899999999999849e+00
4.703439999999999621e+00
4.710469999999999935e+00
4.721020000000000216e+00
4.731569999999999609e+00
4.742110000000000269e+00
4.752659999999999663e+00
4.763200000000000323e+00
4.770229999999999748e+00
4.780780000000000030e+00
4.791319999999999801e+00
4.801870000000000083e+00
4.812420000000000364e+00
4.822960000000000136e+00
4.833510000000000417e+00
4.840539999999999843e+00
4.851079999999999615e+00
4.861629999999999896e+00
4.872180000000000177e+00
4.882719999999999949e+00
4.893270000000000231e+00
4.900299999999999656e+00
4.910840000000000316e+00
4.921389999999999709e+00
4.931939999999999991e+00
4.942479999999999762e+00
4.953030000000000044e+00
4.960060000000000358e+00
4.970600000000000129e+00
4.981150000000000411e+00
4.991699999999999804e+00
5.000000000000000000e+00
