6.666831177426502109e-05
6.662791565759107471e-05
6.660780491074547172e-05
6.658762140432372689e-05
6.656902405666187406e-05
6.655567267443984747e-05
6.654264871031045914e-05
6.653344462392851710e-05
6.651983858318999410e-05
6.650934665231034160e-05
6.649842543993145227e-05
6.648604903602972627e-05
6.647645932389423251e-05
6.647037662332877517e-05
6.646055408054962754e-05
6.644982204306870699e-05
6.644172390224412084e-05
6.643324741162359715e-05
6.642357038799673319e-05
6.641545041929930449e-05
6.641067739110440016e-05
6.640285573666915298e-05
6.639404455199837685e-05
6.638775812461972237e-05
6.638158811256289482e-05
6.637262413278222084e-05
6.636648322455585003e-05
6.635981844738125801e-05
6.635433965129777789e-05
6.634718738496303558e-05
6.634157034568488598e-05
6.633610610151663423e-05
6.632968143094331026e-05
6.632559961872175336e-05
6.632041913690045476e-05
6.631512951571494341e-05
6.630873394897207618e-05
6.630376446992158890e-05
6.629896233789622784e-05
6.629533891100436449e-05
6.628953269682824612e-05
6.628480332437902689e-05
6.627992843277752399e-05
6.627402763115242124e-05
6.626912363572046161e-05
6.626447429880499840e-05
6.626100366702303290e-05
6.625484093092381954e-05
6.624948582611978054e-05
6.624382513109594584e-05
6.623959779972210526e-05
6.623735680477693677e-05
6.623465014854446054e-05
6.622890941798686981e-05
6.622213550144806504e-05
6.621708598686382174e-05
6.621198554057627916e-05
6.620597559958696365e-05
6.620222848141565919e-05
6.619752821279689670e-05
6.619221676373854280e-05
6.618619227083399892e-05
6.618140469072386622e-05
6.617638427997007966e-05
6.617061444558203220e-05
6.616692553507164121e-05
6.616245082113891840e-05
6.615743768634274602e-05
6.615174788748845458e-05
6.614731682930141687e-05
6.614275480387732387e-05
6.613939331145957112e-05
6.613446748815476894e-05
6.613080040551722050e-05
6.612666766159236431e-05
6.612098513869568706e-05
6.611549179069697857e-05
6.611103890463709831e-05
6.610850687138736248e-05
6.610477430513128638e-05
6.610122363781556487e-05
6.609745469177141786e-05
6.609301635762676597e-05
6.608963303733617067e-05
6.608742842217907310e-05
6.608381954720243812e-05
6.607985415030270815e-05
6.607660179724916816e-05
6.607329851249232888e-05
6.606921670027077198e-05
6.606597162317484617e-05
6.606389069929718971e-05
6.606044917134568095e-05
6.605652015423402190e-05
6.605328962905332446e-05
6.604993541259318590e-05
6.604583904845640063e-05
6.604350346606224775e-05
6.604009104194119573e-05
6.603635119972750545e-05
6.603262590942904353e-05
6.602965004276484251e-05
6.602607754757627845e-05
6.602124631172046065e-05
6.601827772101387382e-05
6.601486529689282179e-05
6.601103086723014712e-05
6.600649794563651085e-05
6.600291089853271842e-05
6.599900370929390192e-05
6.599607149837538600e-05
6.599166954401880503e-05
6.598814798053354025e-05
6.598409527214244008e-05
6.597956962650641799e-05
6.597602623514831066e-05
6.597353058168664575e-05
6.596945604542270303e-05
6.596528692170977592e-05
6.596198363695293665e-05
6.595828017452731729e-05
6.595419108634814620e-05
6.595132435904815793e-05
6.594945443794131279e-05
6.594602018594741821e-05
6.594162550754845142e-05
6.593766011064872146e-05
6.593386933673173189e-05
6.593075522687286139e-05
6.592931458726525307e-05
6.592678982997313142e-05
6.592377758352085948e-05
6.592070712940767407e-05
6.591813144041225314e-05
6.591552664758637547e-05
6.591243436560034752e-05
6.591083365492522717e-05
6.590833800146356225e-05
6.590562406927347183e-05
6.590280099771916866e-05
6.590029079234227538e-05
6.589771510334685445e-05
6.589562690351158381e-05
6.589292752323672175e-05
6.589037366211414337e-05
6.588749965885654092e-05
6.588405085494741797e-05
6.588091491721570492e-05
6.587737152585759759e-05
6.587510870303958654e-05
6.587331154150888324e-05
6.587180541828274727e-05
6.586968811461701989e-05
6.586589734070003033e-05
6.586228846572339535e-05
6.585971277672797441e-05
6.585578375961631536e-05
6.585221854038536549e-05
6.584906805073842406e-05
6.584540096810087562e-05
6.584145012311637402e-05
6.583825597772374749e-05
6.583592767128720880e-05
6.583204958587884903e-05
6.582836067536845803e-05
6.582518108189105988e-05
6.582157948287203908e-05
6.581773050129413605e-05
6.581571506103500724e-05
6.581250636372715235e-05
6.580891204066574574e-05
6.580561603186652064e-05
6.580307672265917063e-05
6.580029003089293838e-05
6.579783803317695856e-05
6.579452019650489092e-05
6.579069304279983044e-05
6.578691682079806924e-05
6.578429747605696321e-05
6.578226020792499185e-05
6.577999010914936662e-05
6.577793101314455271e-05
6.577549356734380126e-05
6.577325984835624695e-05
6.577072053914889693e-05
6.576831947313621640e-05
6.576611485797911882e-05
6.576465966645628214e-05
6.576197483809664845e-05
6.575983570655807853e-05
6.575773295480757952e-05
6.575526640517637134e-05
6.575285078724846244e-05
6.575061706826090813e-05
6.574910366907715797e-05
6.574634608114138246e-05
6.574397411895915866e-05
6.574161670869216323e-05
6.573871360160410404e-05
6.573601422132924199e-05
6.573457358172163367e-05
6.573247810592874885e-05
6.572955317096784711e-05
6.572662096004933119e-05
6.572354322997853160e-05
6.572026904905214906e-05
6.571716221515089273e-05
6.571551057277247310e-05
6.571261474164202809e-05
6.570911500602960587e-05
6.570609548361971974e-05
6.570322875631973147e-05
6.569994729943573475e-05
6.569764809682965279e-05
6.569483230123296380e-05
6.569187098648399115e-05
6.568845856236293912e-05
6.568555545527487993e-05
6.568284879904240370e-05
6.568086973857134581e-05
6.567759555764496326e-05
6.567524542333558202e-05
6.567298987647518516e-05
6.567033415194600821e-05
6.566771480720490217e-05
6.566469528479501605e-05
6.566234515048563480e-05
6.565886724274605513e-05
6.565683725057169795e-05
6.565520743606612086e-05
6.565314106410369277e-05
6.565118383150547743e-05
6.564984505530446768e-05
6.564785871887579560e-05
6.564563955180346966e-05
6.564381328644230962e-05
6.564205978065729141e-05
6.563987699337303638e-05
6.563808710779994726e-05
6.563683564309030771e-05
6.563499482581391931e-05
6.563274655491113663e-05
6.563086935784667730e-05
6.562905036844313145e-05
6.562673661392182112e-05
6.562525231856852770e-05
6.562300404766574502e-05
6.562025373568758368e-05
6.561709597008302808e-05
6.561526242876425385e-05
6.561399641213938594e-05
6.561277405126020312e-05
6.561184272868558764e-05
6.560956535395234823e-05
6.560640031239017844e-05
6.560287147294729948e-05
6.559992471011355519e-05
6.559718895005062222e-05
6.559516623383387923e-05
6.559198664035648108e-05
6.558935274370014668e-05
6.558636960107833147e-05
6.558310269610956311e-05
6.558031600434333086e-05
6.557745655300095677e-05
6.557536107720807195e-05
6.557218148373067379e-05
6.556962762260809541e-05
6.556676817126572132e-05
6.556362495757639408e-05
6.556111475219950080e-05
6.555955042131245136e-05
6.555715663125738502e-05
6.555465370183810592e-05
6.555233994731679559e-05
6.554923311341553926e-05
6.554576975759118795e-05
6.554367428179830313e-05
6.554163701366633177e-05
6.553983985213562846e-05
6.553809362230822444e-05
6.553627463290467858e-05
6.553433195222169161e-05
6.553204002557322383e-05
6.553095590788871050e-05
6.552923878189176321e-05
6.552741979248821735e-05
6.552547711180523038e-05
6.552377453772351146e-05
6.552210106747224927e-05
6.552072591148316860e-05
6.551894330186769366e-05
6.551719707204028964e-05
6.551531259901821613e-05
6.551326805492863059e-05
6.551149272127076983e-05
6.550957914441823959e-05
6.550794932991266251e-05
6.550560647156089544e-05
6.550367106683552265e-05
6.550175021402537823e-05
6.549980753334239125e-05
6.549783574882894754e-05
6.549624959006905556e-05
6.549324461957439780e-05
6.549033423652872443e-05
6.548811506945639849e-05
6.548561941599473357e-05
6.548279634444043040e-05
6.548046076204627752e-05
6.547871453221887350e-05
6.547581142513081431e-05
6.547303928527981043e-05
6.547066732309758663e-05
6.546794611494988203e-05
6.546505028381943703e-05
6.546349322889000177e-05
6.546107033500447869e-05
6.545832729898393154e-05
6.545570067828521132e-05
6.545361247844994068e-05
6.545143696712329984e-05
6.544926145579665899e-05
6.544803909491747618e-05
6.544596544699743390e-05
6.544301868416368961e-05
6.543998460983857512e-05
6.543770723510533571e-05
6.543580821016803384e-05
6.543470226461067796e-05
6.543352355947718024e-05
6.543206836795434356e-05
6.543023482663556933e-05
6.542853952851146460e-05
6.542699702549725771e-05
6.542605842696502805e-05
6.542429036926478148e-05
6.542291521327570081e-05
6.542146729771047831e-05
6.541980837937444448e-05
6.541826587636023760e-05
6.541673064930364490e-05
6.541574111906811595e-05
6.541384937008842826e-05
6.541227776324376464e-05
6.541054608533158898e-05
6.540818139910697937e-05
6.540563481394201517e-05
6.540432514157146215e-05
6.540259346365928650e-05
6.540134927490726113e-05
6.540073809446766973e-05
6.539947207784280181e-05
6.539720925502479076e-05
6.539431342389434576e-05
6.539253809023648500e-05
6.538972229463979602e-05
6.538687739521265030e-05
6.538447632919996977e-05
6.538208253914490342e-05
6.537928129546344280e-05
6.537743320222944021e-05
6.537498848047107458e-05
6.537239096360281110e-05
6.536953151226043701e-05
6.536697765113785863e-05
6.536454748129472136e-05
6.536181899718940258e-05
6.536001455970108509e-05
6.535771535709500313e-05
6.535540160257369280e-05
6.535294232890009880e-05
6.535107240779325366e-05
6.534924614243209362e-05
6.534765998367220163e-05
6.534482963616028428e-05
6.534202839247882366e-05
6.533945270348340273e-05
6.533721898449584842e-05
6.533599662361666560e-05
6.533509440487250686e-05
6.533370469696819782e-05
6.533182022394612432e-05
6.533023406518623233e-05
6.532875704579055309e-05
6.532700354000553489e-05
6.532565748784691095e-05
6.532468978548422456e-05
6.532326369779184461e-05
6.532161933137103915e-05
6.532017869176343083e-05
6.531878898385912180e-05
6.531699909828603268e-05
6.531605322379618883e-05
6.531456892844289541e-05
6.531303370138630271e-05
6.531103281304240227e-05
6.530930113513022661e-05
6.530744576593860984e-05
6.530536484206095338e-05
6.530444079544395208e-05
6.530299287987872958e-05
6.530131213366985321e-05
6.529887468786910176e-05
6.529656093334779143e-05
6.529412348754703999e-05
6.529243546538054943e-05
6.529004895128309727e-05
6.528814992634579539e-05
6.528582161990925670e-05
6.528319499921053648e-05
6.528093945235013962e-05
6.527859659399837255e-05
6.527687219204381108e-05
6.527429650304839015e-05
6.527223740704357624e-05
6.526987999677658081e-05
6.526731885969638824e-05
6.526523793581873178e-05
6.526381184812635183e-05
6.526159268105402589e-05
6.525959179271012545e-05
6.525804201373830438e-05
6.525631033582612872e-05
6.525394564960151911e-05
6.525164644699543715e-05
6.524994387291371822e-05
6.524744094349443913e-05
6.524563650600612164e-05
6.524449418066069484e-05
6.524346827063709497e-05
6.524210766656324267e-05
6.524121272377669811e-05
6.523983756778761744e-05
6.523838237626478076e-05
6.523708725580945611e-05
6.523582851514220238e-05
6.523464253405109048e-05
6.523360207211226225e-05
6.523243064293637872e-05
6.523116462631151080e-05
6.522979674628004432e-05
6.522843614220619202e-05
6.522709009004756808e-05
6.522564945043995976e-05
6.522431067423895001e-05
6.522241892525926232e-05
6.522046169266104698e-05
6.521843170048668981e-05
6.521701288875192404e-05
6.521631439682096243e-05
6.521581235574558377e-05
6.521472823806107044e-05
6.521308387164026499e-05
6.521084287669509649e-05
6.520796887343749404e-05
6.520526221720501781e-05
6.520310125779360533e-05
6.520160241052508354e-05
6.519907765323296189e-05
6.519674934679642320e-05
6.519450107589364052e-05
6.519196176668629050e-05
6.518940790556371212e-05
6.518798181787133217e-05
6.518565351143479347e-05
6.518305599456652999e-05
6.518074224004521966e-05
6.517858855659142137e-05
6.517622387036681175e-05
6.517392466776072979e-05
6.517284782603383064e-05
6.517118890769779682e-05
6.516917346743866801e-05
6.516707799164578319e-05
6.516469875350594521e-05
6.516192661365494132e-05
6.516023859148845077e-05
6.515841960208490491e-05
6.515721179312095046e-05
6.515595305245369673e-05
6.515480345115065575e-05
6.515345012303441763e-05
6.515191489597782493e-05
6.515083077829331160e-05
6.514959386549890041e-05
6.514842243632301688e-05
6.514700362458825111e-05
6.514581036753952503e-05
6.514458073070272803e-05
6.514373671961948276e-05
6.514224514830857515e-05
6.514098640764132142e-05
6.513977132271975279e-05
6.513827975140884519e-05
6.513686821563169360e-05
6.513589323731139302e-05
6.513424887089058757e-05
6.513216067105531693e-05
6.513072003144770861e-05
6.512967229355126619e-05
6.512967229355126619e-05
