6.000998616218566895e-01
6.000995635986328125e-01
6.000990271568298340e-01
6.000987291336059570e-01
6.000985503196716309e-01
6.000984311103820801e-01
6.000982522964477539e-01
6.000981330871582031e-01
6.000980138778686523e-01
6.000978350639343262e-01
6.000977158546447754e-01
6.000975966453552246e-01
6.000974774360656738e-01
6.000974178314208984e-01
6.000972986221313477e-01
6.000971794128417969e-01
6.000970602035522461e-01
6.000970005989074707e-01
6.000968813896179199e-01
6.000968217849731445e-01
6.000967621803283691e-01
6.000966429710388184e-01
6.000965237617492676e-01
6.000964045524597168e-01
6.000962853431701660e-01
6.000961661338806152e-01
6.000961065292358398e-01
6.000959873199462891e-01
6.000959277153015137e-01
6.000958085060119629e-01
6.000956892967224121e-01
6.000955700874328613e-01
6.000955104827880859e-01
6.000953912734985352e-01
6.000953316688537598e-01
6.000952720642089844e-01
6.000951528549194336e-01
6.000950932502746582e-01
6.000949740409851074e-01
6.000949144363403320e-01
6.000948548316955566e-01
6.000947952270507812e-01
6.000947356224060059e-01
6.000946760177612305e-01
6.000946164131164551e-01
6.000946164131164551e-01
6.000945568084716797e-01
6.000944972038269043e-01
6.000944375991821289e-01
6.000943779945373535e-01
6.000943183898925781e-01
6.000942587852478027e-01
6.000941991806030273e-01
6.000941395759582520e-01
6.000940799713134766e-01
6.000940799713134766e-01
6.000940203666687012e-01
6.000939607620239258e-01
6.000939011573791504e-01
6.000937819480895996e-01
6.000937223434448242e-01
6.000936627388000488e-01
6.000935435295104980e-01
6.000934839248657227e-01
6.000933647155761719e-01
6.000933051109313965e-01
6.000932455062866211e-01
6.000931859016418457e-01
6.000931262969970703e-01
6.000930666923522949e-01
6.000930070877075195e-01
6.000929474830627441e-01
6.000928282737731934e-01
6.000927686691284180e-01
6.000927090644836426e-01
6.000926494598388672e-01
6.000926494598388672e-01
6.000925898551940918e-01
6.000925898551940918e-01
6.000925302505493164e-01
6.000924706459045410e-01
6.000924706459045410e-01
6.000924110412597656e-01
6.000923514366149902e-01
6.000923514366149902e-01
6.000922918319702148e-01
6.000922322273254395e-01
6.000922322273254395e-01
6.000921726226806641e-01
6.000921130180358887e-01
6.000921130180358887e-01
6.000920534133911133e-01
6.000920534133911133e-01
6.000919938087463379e-01
6.000919342041015625e-01
6.000918149948120117e-01
6.000917553901672363e-01
6.000916957855224609e-01
6.000916361808776855e-01
6.000915765762329102e-01
6.000915169715881348e-01
6.000914573669433594e-01
6.000913977622985840e-01
6.000913381576538086e-01
6.000912785530090332e-01
6.000912189483642578e-01
6.000911593437194824e-01
6.000910997390747070e-01
6.000910401344299316e-01
6.000909805297851562e-01
6.000909209251403809e-01
6.000909209251403809e-01
6.000908613204956055e-01
6.000908017158508301e-01
6.000908017158508301e-01
6.000908017158508301e-01
6.000907421112060547e-01
6.000907421112060547e-01
6.000906825065612793e-01
6.000906825065612793e-01
6.000906229019165039e-01
6.000906229019165039e-01
6.000905632972717285e-01
6.000905036926269531e-01
6.000905036926269531e-01
6.000905036926269531e-01
6.000904440879821777e-01
6.000904440879821777e-01
6.000903844833374023e-01
6.000903248786926270e-01
6.000902652740478516e-01
6.000902056694030762e-01
6.000901460647583008e-01
6.000900864601135254e-01
6.000900268554687500e-01
6.000899672508239746e-01
6.000899076461791992e-01
6.000898480415344238e-01
6.000897884368896484e-01
6.000897884368896484e-01
6.000897288322448730e-01
6.000896692276000977e-01
6.000896096229553223e-01
6.000895500183105469e-01
6.000894904136657715e-01
6.000894308090209961e-01
6.000894308090209961e-01
6.000893712043762207e-01
6.000893712043762207e-01
6.000893115997314453e-01
6.000893115997314453e-01
6.000893115997314453e-01
6.000893115997314453e-01
6.000892519950866699e-01
6.000892519950866699e-01
6.000891923904418945e-01
6.000891923904418945e-01
6.000891327857971191e-01
6.000891327857971191e-01
6.000890731811523438e-01
6.000890731811523438e-01
6.000890135765075684e-01
6.000890135765075684e-01
6.000890135765075684e-01
6.000889539718627930e-01
6.000888943672180176e-01
6.000888347625732422e-01
6.000887751579284668e-01
6.000887751579284668e-01
6.000887155532836914e-01
6.000886559486389160e-01
6.000885963439941406e-01
6.000885367393493652e-01
6.000884771347045898e-01
6.000884175300598145e-01
6.000883579254150391e-01
6.000883579254150391e-01
6.000882983207702637e-01
6.000882387161254883e-01
6.000881791114807129e-01
6.000881791114807129e-01
6.000881195068359375e-01
6.000880599021911621e-01
6.000880599021911621e-01
6.000880002975463867e-01
6.000880002975463867e-01
6.000880002975463867e-01
6.000880002975463867e-01
6.000880002975463867e-01
6.000879406929016113e-01
6.000879406929016113e-01
6.000878810882568359e-01
6.000878810882568359e-01
6.000878214836120605e-01
6.000878214836120605e-01
6.000878214836120605e-01
6.000877618789672852e-01
6.000877618789672852e-01
6.000877618789672852e-01
6.000877022743225098e-01
6.000877022743225098e-01
6.000876426696777344e-01
6.000875830650329590e-01
6.000875234603881836e-01
6.000874638557434082e-01
6.000874042510986328e-01
6.000873446464538574e-01
6.000872850418090820e-01
6.000872850418090820e-01
6.000872254371643066e-01
6.000871658325195312e-01
6.000871658325195312e-01
6.000871062278747559e-01
6.000870466232299805e-01
6.000869870185852051e-01
6.000869274139404297e-01
6.000869274139404297e-01
6.000868678092956543e-01
6.000868678092956543e-01
6.000868678092956543e-01
6.000868082046508789e-01
6.000868082046508789e-01
6.000868082046508789e-01
6.000868082046508789e-01
6.000868082046508789e-01
6.000868082046508789e-01
6.000867486000061035e-01
6.000867486000061035e-01
6.000866889953613281e-01
6.000866889953613281e-01
6.000866889953613281e-01
6.000866293907165527e-01
6.000866293907165527e-01
6.000866293907165527e-01
6.000865697860717773e-01
6.000865697860717773e-01
6.000865101814270020e-01
6.000865101814270020e-01
6.000864505767822266e-01
6.000863909721374512e-01
6.000863313674926758e-01
6.000862717628479004e-01
6.000862121582031250e-01
6.000861525535583496e-01
6.000861525535583496e-01
6.000860929489135742e-01
6.000860333442687988e-01
6.000860333442687988e-01
6.000859737396240234e-01
6.000859141349792480e-01
6.000859141349792480e-01
6.000858545303344727e-01
6.000857949256896973e-01
6.000857949256896973e-01
6.000857353210449219e-01
6.000857353210449219e-01
6.000857353210449219e-01
6.000857353210449219e-01
6.000857353210449219e-01
6.000857353210449219e-01
6.000856757164001465e-01
6.000856757164001465e-01
6.000856757164001465e-01
6.000856161117553711e-01
6.000856161117553711e-01
6.000856161117553711e-01
6.000856161117553711e-01
6.000855565071105957e-01
6.000855565071105957e-01
6.000855565071105957e-01
6.000854969024658203e-01
6.000854969024658203e-01
6.000854372978210449e-01
6.000854372978210449e-01
6.000853776931762695e-01
6.000853180885314941e-01
6.000852584838867188e-01
6.000851988792419434e-01
6.000851392745971680e-01
6.000851392745971680e-01
6.000850796699523926e-01
6.000850200653076172e-01
6.000850200653076172e-01
6.000849604606628418e-01
6.000849008560180664e-01
6.000849008560180664e-01
6.000848412513732910e-01
6.000847816467285156e-01
6.000847816467285156e-01
6.000847220420837402e-01
6.000847220420837402e-01
6.000847220420837402e-01
6.000847220420837402e-01
6.000847220420837402e-01
6.000847220420837402e-01
6.000847220420837402e-01
6.000847220420837402e-01
6.000846624374389648e-01
6.000846624374389648e-01
6.000846624374389648e-01
6.000846028327941895e-01
6.000846028327941895e-01
6.000846028327941895e-01
6.000846028327941895e-01
6.000845432281494141e-01
6.000845432281494141e-01
6.000845432281494141e-01
6.000844836235046387e-01
6.000844836235046387e-01
6.000844240188598633e-01
6.000843644142150879e-01
6.000843048095703125e-01
6.000842452049255371e-01
6.000841856002807617e-01
6.000841856002807617e-01
6.000841259956359863e-01
6.000840663909912109e-01
6.000840663909912109e-01
6.000840067863464355e-01
6.000840067863464355e-01
6.000839471817016602e-01
6.000838875770568848e-01
6.000838875770568848e-01
6.000838279724121094e-01
6.000837683677673340e-01
6.000837683677673340e-01
6.000837683677673340e-01
6.000837683677673340e-01
6.000837683677673340e-01
6.000837683677673340e-01
6.000837683677673340e-01
6.000837683677673340e-01
6.000837683677673340e-01
6.000837087631225586e-01
6.000837087631225586e-01
6.000836491584777832e-01
6.000836491584777832e-01
6.000836491584777832e-01
6.000836491584777832e-01
6.000836491584777832e-01
6.000836491584777832e-01
6.000835895538330078e-01
6.000835895538330078e-01
6.000835299491882324e-01
6.000834703445434570e-01
6.000834703445434570e-01
6.000834107398986816e-01
6.000833511352539062e-01
6.000832915306091309e-01
6.000832319259643555e-01
6.000832319259643555e-01
6.000831723213195801e-01
6.000831723213195801e-01
6.000831127166748047e-01
6.000830531120300293e-01
6.000830531120300293e-01
6.000829935073852539e-01
6.000829935073852539e-01
