1.000099897384643555e+00
1.000099539756774902e+00
1.000098943710327148e+00
1.000098705291748047e+00
1.000098586082458496e+00
1.000098466873168945e+00
1.000098228454589844e+00
1.000098109245300293e+00
1.000097990036010742e+00
1.000097870826721191e+00
1.000097751617431641e+00
1.000097632408142090e+00
1.000097513198852539e+00
1.000097393989562988e+00
1.000097274780273438e+00
1.000097155570983887e+00
1.000097036361694336e+00
1.000096917152404785e+00
1.000096917152404785e+00
1.000096797943115234e+00
1.000096678733825684e+00
1.000096678733825684e+00
1.000096559524536133e+00
1.000096440315246582e+00
1.000096321105957031e+00
1.000096201896667480e+00
1.000096082687377930e+00
1.000095963478088379e+00
1.000095844268798828e+00
1.000095844268798828e+00
1.000095725059509277e+00
1.000095605850219727e+00
1.000095486640930176e+00
1.000095367431640625e+00
1.000095367431640625e+00
1.000095248222351074e+00
1.000095129013061523e+00
1.000095129013061523e+00
1.000095009803771973e+00
1.000094890594482422e+00
1.000094890594482422e+00
1.000094771385192871e+00
1.000094771385192871e+00
1.000094652175903320e+00
1.000094652175903320e+00
1.000094532966613770e+00
1.000094532966613770e+00
1.000094532966613770e+00
1.000094413757324219e+00
1.000094413757324219e+00
1.000094294548034668e+00
1.000094175338745117e+00
1.000094175338745117e+00
1.000094175338745117e+00
1.000094056129455566e+00
1.000094056129455566e+00
1.000094056129455566e+00
1.000093936920166016e+00
1.000093817710876465e+00
1.000093817710876465e+00
1.000093698501586914e+00
1.000093579292297363e+00
1.000093579292297363e+00
1.000093460083007812e+00
1.000093340873718262e+00
1.000093340873718262e+00
1.000093221664428711e+00
1.000093221664428711e+00
1.000093102455139160e+00
1.000093102455139160e+00
1.000092983245849609e+00
1.000092983245849609e+00
1.000092864036560059e+00
1.000092744827270508e+00
1.000092744827270508e+00
1.000092625617980957e+00
1.000092625617980957e+00
1.000092625617980957e+00
1.000092506408691406e+00
1.000092506408691406e+00
1.000092506408691406e+00
1.000092506408691406e+00
1.000092387199401855e+00
1.000092387199401855e+00
1.000092387199401855e+00
1.000092267990112305e+00
1.000092267990112305e+00
1.000092267990112305e+00
1.000092148780822754e+00
1.000092148780822754e+00
1.000092148780822754e+00
1.000092029571533203e+00
1.000092029571533203e+00
1.000092029571533203e+00
1.000091910362243652e+00
1.000091791152954102e+00
1.000091791152954102e+00
1.000091671943664551e+00
1.000091671943664551e+00
1.000091552734375000e+00
1.000091552734375000e+00
1.000091433525085449e+00
1.000091433525085449e+00
1.000091314315795898e+00
1.000091314315795898e+00
1.000091195106506348e+00
1.000091195106506348e+00
1.000091075897216797e+00
1.000091075897216797e+00
1.000090956687927246e+00
1.000090956687927246e+00
1.000090837478637695e+00
1.000090837478637695e+00
1.000090837478637695e+00
1.000090837478637695e+00
1.000090837478637695e+00
1.000090718269348145e+00
1.000090718269348145e+00
1.000090718269348145e+00
1.000090718269348145e+00
1.000090599060058594e+00
1.000090599060058594e+00
1.000090599060058594e+00
1.000090479850769043e+00
1.000090479850769043e+00
1.000090479850769043e+00
1.000090479850769043e+00
1.000090479850769043e+00
1.000090360641479492e+00
1.000090360641479492e+00
1.000090241432189941e+00
1.000090241432189941e+00
1.000090122222900391e+00
1.000090122222900391e+00
1.000090003013610840e+00
1.000090003013610840e+00
1.000089883804321289e+00
1.000089883804321289e+00
1.000089764595031738e+00
1.000089764595031738e+00
1.000089764595031738e+00
1.000089645385742188e+00
1.000089645385742188e+00
1.000089526176452637e+00
1.000089526176452637e+00
1.000089406967163086e+00
1.000089406967163086e+00
1.000089406967163086e+00
1.000089406967163086e+00
1.000089287757873535e+00
1.000089287757873535e+00
1.000089287757873535e+00
1.000089287757873535e+00
1.000089287757873535e+00
1.000089287757873535e+00
1.000089168548583984e+00
1.000089168548583984e+00
1.000089168548583984e+00
1.000089168548583984e+00
1.000089049339294434e+00
1.000089049339294434e+00
1.000089049339294434e+00
1.000089049339294434e+00
1.000089049339294434e+00
1.000088930130004883e+00
1.000088930130004883e+00
1.000088810920715332e+00
1.000088810920715332e+00
1.000088691711425781e+00
1.000088691711425781e+00
1.000088572502136230e+00
1.000088572502136230e+00
1.000088572502136230e+00
1.000088453292846680e+00
1.000088453292846680e+00
1.000088334083557129e+00
1.000088334083557129e+00
1.000088334083557129e+00
1.000088214874267578e+00
1.000088214874267578e+00
1.000088214874267578e+00
1.000088095664978027e+00
1.000088095664978027e+00
1.000087976455688477e+00
1.000087976455688477e+00
1.000087976455688477e+00
1.000087976455688477e+00
1.000087976455688477e+00
1.000087976455688477e+00
1.000087976455688477e+00
1.000087976455688477e+00
1.000087857246398926e+00
1.000087857246398926e+00
1.000087857246398926e+00
1.000087857246398926e+00
1.000087857246398926e+00
1.000087738037109375e+00
1.000087738037109375e+00
1.000087738037109375e+00
1.000087738037109375e+00
1.000087738037109375e+00
1.000087618827819824e+00
1.000087618827819824e+00
1.000087499618530273e+00
1.000087499618530273e+00
1.000087380409240723e+00
1.000087380409240723e+00
1.000087261199951172e+00
1.000087261199951172e+00
1.000087261199951172e+00
1.000087141990661621e+00
1.000087141990661621e+00
1.000087141990661621e+00
1.000087022781372070e+00
1.000087022781372070e+00
1.000086903572082520e+00
1.000086903572082520e+00
1.000086903572082520e+00
1.000086903572082520e+00
1.000086903572082520e+00
1.000086784362792969e+00
1.000086784362792969e+00
1.000086784362792969e+00
1.000086784362792969e+00
1.000086784362792969e+00
1.000086784362792969e+00
1.000086784362792969e+00
1.000086784362792969e+00
1.000086665153503418e+00
1.000086665153503418e+00
1.000086665153503418e+00
1.000086665153503418e+00
1.000086665153503418e+00
1.000086665153503418e+00
1.000086545944213867e+00
1.000086545944213867e+00
1.000086545944213867e+00
1.000086426734924316e+00
1.000086426734924316e+00
1.000086426734924316e+00
1.000086307525634766e+00
1.000086307525634766e+00
1.000086188316345215e+00
1.000086188316345215e+00
1.000086188316345215e+00
1.000086069107055664e+00
1.000086069107055664e+00
1.000086069107055664e+00
1.000085949897766113e+00
1.000085949897766113e+00
1.000085949897766113e+00
1.000085830688476562e+00
1.000085830688476562e+00
1.000085830688476562e+00
1.000085711479187012e+00
1.000085711479187012e+00
1.000085711479187012e+00
1.000085711479187012e+00
1.000085711479187012e+00
1.000085711479187012e+00
1.000085711479187012e+00
1.000085711479187012e+00
1.000085711479187012e+00
1.000085592269897461e+00
1.000085592269897461e+00
1.000085592269897461e+00
1.000085592269897461e+00
1.000085592269897461e+00
1.000085592269897461e+00
1.000085592269897461e+00
1.000085473060607910e+00
1.000085473060607910e+00
1.000085473060607910e+00
1.000085353851318359e+00
1.000085353851318359e+00
1.000085353851318359e+00
1.000085234642028809e+00
1.000085234642028809e+00
1.000085115432739258e+00
1.000085115432739258e+00
1.000085115432739258e+00
1.000084996223449707e+00
1.000084996223449707e+00
1.000084996223449707e+00
1.000084877014160156e+00
1.000084877014160156e+00
1.000084877014160156e+00
1.000084757804870605e+00
1.000084757804870605e+00
1.000084757804870605e+00
1.000084757804870605e+00
1.000084757804870605e+00
1.000084757804870605e+00
1.000084757804870605e+00
1.000084757804870605e+00
1.000084757804870605e+00
1.000084757804870605e+00
1.000084638595581055e+00
1.000084638595581055e+00
1.000084638595581055e+00
1.000084638595581055e+00
1.000084638595581055e+00
1.000084638595581055e+00
1.000084638595581055e+00
1.000084519386291504e+00
1.000084519386291504e+00
1.000084519386291504e+00
1.000084519386291504e+00
1.000084400177001953e+00
1.000084400177001953e+00
1.000084400177001953e+00
1.000084280967712402e+00
1.000084280967712402e+00
1.000084161758422852e+00
1.000084161758422852e+00
1.000084161758422852e+00
1.000084042549133301e+00
1.000084042549133301e+00
1.000084042549133301e+00
1.000084042549133301e+00
1.000083923339843750e+00
1.000083923339843750e+00
1.000083923339843750e+00
1.000083804130554199e+00
1.000083804130554199e+00
1.000083804130554199e+00
1.000083804130554199e+00
1.000083804130554199e+00
1.000083804130554199e+00
1.000083804130554199e+00
1.000083804130554199e+00
1.000083804130554199e+00
1.000083684921264648e+00
1.000083684921264648e+00
1.000083684921264648e+00
1.000083684921264648e+00
1.000083684921264648e+00
1.000083684921264648e+00
1.000083684921264648e+00
1.000083684921264648e+00
1.000083565711975098e+00
1.000083565711975098e+00
1.000083565711975098e+00
1.000083565711975098e+00
1.000083446502685547e+00
1.000083446502685547e+00
1.000083446502685547e+00
1.000083327293395996e+00
1.000083327293395996e+00
1.000083208084106445e+00
1.000083208084106445e+00
1.000083208084106445e+00
1.000083208084106445e+00
1.000083088874816895e+00
1.000083088874816895e+00
1.000083088874816895e+00
1.000082969665527344e+00
1.000082969665527344e+00
