0.000000000000000000e+00
1.406250000000000035e-02
2.812500000000000069e-02
4.218750000000000278e-02
5.624989999999999851e-02
7.031239999999999712e-02
8.437490000000000268e-02
9.843739999999999435e-02
1.125000000000000028e-01
1.265620000000000078e-01
1.406250000000000000e-01
1.546869999999999912e-01
1.687500000000000111e-01
1.828120000000000023e-01
1.968749999999999944e-01
2.109370000000000134e-01
2.250000000000000056e-01
2.390619999999999967e-01
2.531249999999999889e-01
2.671870000000000078e-01
2.812500000000000000e-01
2.953120000000000189e-01
3.093750000000000111e-01
3.234369999999999745e-01
3.375000000000000222e-01
3.515619999999999856e-01
3.656249999999999778e-01
3.796869999999999967e-01
3.937499999999999889e-01
4.078120000000000078e-01
4.218750000000000000e-01
4.359370000000000189e-01
4.500000000000000111e-01
4.640619999999999745e-01
4.781250000000000222e-01
4.921869999999999856e-01
5.062499999999999778e-01
5.203119999999999967e-01
5.343740000000000157e-01
5.484369999999999523e-01
5.624989999999999712e-01
5.765620000000000189e-01
5.906240000000000379e-01
6.046869999999999745e-01
6.187489999999999934e-01
6.328120000000000411e-01
6.468739999999999490e-01
6.609369999999999967e-01
6.749990000000000157e-01
6.890619999999999523e-01
7.031239999999999712e-01
7.171870000000000189e-01
7.312490000000000379e-01
7.453119999999999745e-01
7.593739999999999934e-01
7.734370000000000411e-01
7.874989999999999490e-01
8.015619999999999967e-01
8.156240000000000157e-01
8.296869999999999523e-01
8.437489999999999712e-01
8.578120000000000189e-01
8.718740000000000379e-01
8.859369999999999745e-01
8.999989999999999934e-01
9.140620000000000411e-01
9.281239999999999490e-01
9.421869999999999967e-01
9.562490000000000157e-01
9.703119999999999523e-01
9.843739999999999712e-01
9.984370000000000189e-01
1.012499999999999956e+00
1.026559999999999917e+00
1.040620000000000100e+00
1.054689999999999905e+00
1.068750000000000089e+00
1.082810000000000050e+00
1.096870000000000012e+00
1.110940000000000039e+00
1.125000000000000000e+00
1.139059999999999961e+00
1.153119999999999923e+00
1.167189999999999950e+00
1.181249999999999911e+00
1.195310000000000095e+00
1.209370000000000056e+00
1.223440000000000083e+00
1.237500000000000044e+00
1.251560000000000006e+00
1.265619999999999967e+00
1.279689999999999994e+00
1.293749999999999956e+00
1.307809999999999917e+00
1.321870000000000100e+00
1.335939999999999905e+00
1.350000000000000089e+00
1.364060000000000050e+00
1.378120000000000012e+00
1.392190000000000039e+00
1.406250000000000000e+00
1.420309999999999961e+00
1.434369999999999923e+00
1.448439999999999950e+00
1.462499999999999911e+00
1.476560000000000095e+00
1.490620000000000056e+00
1.504690000000000083e+00
1.518750000000000044e+00
1.532810000000000006e+00
1.546869999999999967e+00
1.560939999999999994e+00
1.574999999999999956e+00
1.589059999999999917e+00
1.603120000000000100e+00
1.617189999999999905e+00
1.631250000000000089e+00
1.645310000000000050e+00
1.659370000000000012e+00
1.673440000000000039e+00
1.687500000000000000e+00
1.701559999999999961e+00
1.715619999999999923e+00
1.729689999999999950e+00
1.743749999999999911e+00
1.757810000000000095e+00
1.771870000000000056e+00
1.785940000000000083e+00
1.800000000000000044e+00
1.814060000000000006e+00
1.828119999999999967e+00
1.842189999999999994e+00
1.856249999999999956e+00
1.870309999999999917e+00
1.884370000000000100e+00
1.898439999999999905e+00
1.912500000000000089e+00
1.926560000000000050e+00
1.940620000000000012e+00
1.954690000000000039e+00
1.968750000000000000e+00
1.982809999999999961e+00
1.996869999999999923e+00
2.010940000000000172e+00
2.024999999999999911e+00
2.039060000000000095e+00
2.053119999999999834e+00
2.067190000000000083e+00
2.081249999999999822e+00
2.095310000000000006e+00
2.109370000000000189e+00
2.123439999999999994e+00
2.137500000000000178e+00
2.151559999999999917e+00
2.165620000000000100e+00
2.179689999999999905e+00
2.193750000000000089e+00
2.207809999999999828e+00
2.221870000000000012e+00
2.235939999999999817e+00
2.250000000000000000e+00
2.264060000000000183e+00
2.278119999999999923e+00
2.292190000000000172e+00
2.306249999999999911e+00
2.320310000000000095e+00
2.334369999999999834e+00
2.348440000000000083e+00
2.362499999999999822e+00
2.376560000000000006e+00
2.390620000000000189e+00
2.404689999999999994e+00
2.418750000000000178e+00
2.432809999999999917e+00
2.446870000000000100e+00
2.460939999999999905e+00
2.475000000000000089e+00
2.489059999999999828e+00
2.503120000000000012e+00
2.517189999999999817e+00
2.531250000000000000e+00
2.545310000000000183e+00
2.559369999999999923e+00
2.573440000000000172e+00
2.587499999999999911e+00
2.601560000000000095e+00
2.615619999999999834e+00
2.629690000000000083e+00
2.643749999999999822e+00
2.657810000000000006e+00
2.671870000000000189e+00
2.685939999999999994e+00
2.700000000000000178e+00
2.714059999999999917e+00
2.728120000000000100e+00
2.742179999999999840e+00
2.756250000000000089e+00
2.770309999999999828e+00
2.784370000000000012e+00
2.798430000000000195e+00
2.812500000000000000e+00
2.826560000000000183e+00
2.840619999999999923e+00
2.854680000000000106e+00
2.868749999999999911e+00
2.882810000000000095e+00
2.896869999999999834e+00
2.910930000000000017e+00
2.924999999999999822e+00
2.939060000000000006e+00
2.953120000000000189e+00
2.967179999999999929e+00
2.981250000000000178e+00
2.995309999999999917e+00
3.009370000000000100e+00
3.023429999999999840e+00
3.037500000000000089e+00
3.051559999999999828e+00
3.065620000000000012e+00
3.079680000000000195e+00
3.093750000000000000e+00
3.107810000000000183e+00
3.121869999999999923e+00
3.135930000000000106e+00
3.149999999999999911e+00
3.164060000000000095e+00
3.178119999999999834e+00
3.192180000000000017e+00
3.206249999999999822e+00
3.220310000000000006e+00
3.234370000000000189e+00
3.248429999999999929e+00
3.262500000000000178e+00
3.276559999999999917e+00
3.290620000000000100e+00
3.304679999999999840e+00
3.318750000000000089e+00
3.332809999999999828e+00
3.346870000000000012e+00
3.360930000000000195e+00
3.375000000000000000e+00
3.389060000000000183e+00
3.403119999999999923e+00
3.417180000000000106e+00
3.431249999999999911e+00
3.445310000000000095e+00
3.459369999999999834e+00
3.473430000000000017e+00
3.487499999999999822e+00
3.501560000000000006e+00
3.515620000000000189e+00
3.529679999999999929e+00
3.543750000000000178e+00
3.557809999999999917e+00
3.571870000000000100e+00
3.585929999999999840e+00
3.600000000000000089e+00
3.614059999999999828e+00
3.628120000000000012e+00
3.642180000000000195e+00
3.656250000000000000e+00
3.670310000000000183e+00
3.684369999999999923e+00
3.698430000000000106e+00
3.712499999999999911e+00
3.726560000000000095e+00
3.740619999999999834e+00
3.754680000000000017e+00
3.768749999999999822e+00
3.782810000000000006e+00
3.796870000000000189e+00
3.810929999999999929e+00
3.825000000000000178e+00
3.839059999999999917e+00
3.853120000000000100e+00
3.867179999999999840e+00
3.881250000000000089e+00
3.895309999999999828e+00
3.909370000000000012e+00
3.923430000000000195e+00
3.937500000000000000e+00
3.951560000000000183e+00
3.965619999999999923e+00
3.979680000000000106e+00
3.993749999999999911e+00
4.007810000000000095e+00
4.021869999999999834e+00
4.035929999999999573e+00
4.049999999999999822e+00
4.064059999999999562e+00
4.078120000000000189e+00
4.092179999999999929e+00
4.106250000000000178e+00
4.120309999999999917e+00
4.134369999999999656e+00
4.148430000000000284e+00
4.162499999999999645e+00
4.176560000000000272e+00
4.190620000000000012e+00
4.204679999999999751e+00
4.218750000000000000e+00
4.232809999999999739e+00
4.246870000000000367e+00
4.260930000000000106e+00
4.275000000000000355e+00
4.289060000000000095e+00
4.303119999999999834e+00
4.317179999999999573e+00
4.331249999999999822e+00
4.345309999999999562e+00
4.359370000000000189e+00
4.373429999999999929e+00
4.387500000000000178e+00
4.401559999999999917e+00
4.415619999999999656e+00
4.429680000000000284e+00
4.443749999999999645e+00
4.457810000000000272e+00
4.471870000000000012e+00
4.485929999999999751e+00
4.500000000000000000e+00
4.514059999999999739e+00
4.528120000000000367e+00
4.542180000000000106e+00
4.556250000000000355e+00
4.570310000000000095e+00
4.584369999999999834e+00
4.598429999999999573e+00
4.612499999999999822e+00
4.626559999999999562e+00
4.640620000000000189e+00
4.654679999999999929e+00
4.668750000000000178e+00
4.682809999999999917e+00
4.696869999999999656e+00
4.710930000000000284e+00
4.724999999999999645e+00
4.739060000000000272e+00
4.753120000000000012e+00
4.767179999999999751e+00
4.781250000000000000e+00
4.795309999999999739e+00
4.809370000000000367e+00
4.823430000000000106e+00
4.837500000000000355e+00
4.851560000000000095e+00
4.865619999999999834e+00
4.879679999999999573e+00
4.893749999999999822e+00
4.907809999999999562e+00
4.921870000000000189e+00
4.935929999999999929e+00
4.950000000000000178e+00
4.964059999999999917e+00
4.978119999999999656e+00
4.992180000000000284e+00
5.000000000000000000e+00
5.000000000000000000e+00
