9.987964801894122502e-07
9.976270898000316140e-07
9.938303863305690304e-07
9.897555198031557284e-07
9.879789435848314240e-07
9.860909112875667659e-07
9.845334831700243651e-07
9.825142647039548788e-07
9.809715080924388162e-07
9.792888496048454587e-07
9.776355993907490385e-07
9.758833682716725456e-07
9.742975774481637902e-07
9.730430217138502876e-07
9.719061406943855393e-07
9.709651196201160973e-07
9.699614245838910072e-07
9.689145910942585043e-07
9.677678384305473586e-07
9.664514296045950421e-07
9.650584792759471633e-07
9.637842591202926110e-07
9.626638658294877286e-07
9.621527344693607961e-07
9.615437304987641781e-07
9.608648025526417675e-07
9.602487289640190803e-07
9.595547820873047134e-07
9.589663356895068518e-07
9.582675326288240894e-07
9.575590641838035016e-07
9.567104476224552659e-07
9.557957626369966239e-07
9.550522467099965294e-07
9.543503476434855375e-07
9.537295632321806849e-07
9.532058304785553092e-07
9.527526028197154138e-07
9.523438220628861717e-07
9.517427625254082222e-07
9.509375000616688170e-07
9.499080179679871018e-07
9.488186622251925622e-07
9.478908694500804612e-07
9.468921161462027341e-07
9.461584409852282279e-07
9.454212248399895485e-07
9.446965246923466515e-07
9.438808522248392569e-07
9.431542252486446142e-07
9.423863814786845876e-07
9.416378616890227921e-07
9.407784745081963765e-07
9.399330124913735474e-07
9.391827299142405344e-07
9.384379063731168009e-07
9.377247638184404781e-07
9.370204005199749750e-07
9.364635926903838546e-07
9.360228206924850086e-07
9.356738519721247914e-07
9.352738086287096023e-07
9.348611637240560237e-07
9.345001777436282408e-07
9.340773482118541356e-07
9.335851916697395377e-07
9.331204214732309274e-07
9.326917289647216546e-07
9.322416764840395519e-07
9.317658139270634692e-07
9.312639134856089077e-07
9.307783587440811747e-07
9.303058131281804660e-07
9.299587189514837089e-07
9.295838536334647504e-07
9.290335563152115424e-07
9.285349548965049004e-07
9.279122798127316175e-07
9.271858113958318148e-07
9.264079578500133344e-07
9.255937348637784819e-07
9.248163178754404465e-07
9.240275673542760946e-07
9.233010709589027917e-07
9.226896229383737155e-07
9.221687975293721219e-07
9.217088431326049117e-07
9.211659268771283729e-07
9.205952148107349661e-07
9.199421778265981450e-07
9.192700378376556315e-07
9.185256225060268604e-07
9.178377864224984269e-07
9.171872697714439014e-07
9.168864032242616887e-07
9.166587399936392980e-07
9.164596657174096337e-07
9.162062942630501843e-07
9.159404632645564674e-07
9.157136322984641078e-07
9.153829660513515785e-07
9.149853312426776593e-07
9.145066538347396236e-07
9.140158339235794205e-07
9.136630928350997186e-07
9.133256520408052731e-07
9.130085262024196929e-07
9.127237741177811109e-07
9.124598676206857855e-07
9.122132609832932919e-07
9.118666946908125403e-07
9.113940222709955806e-07
9.107624134062600325e-07
9.100964067726727347e-07
9.094337012877002362e-07
9.086906669404145180e-07
9.080551472073844411e-07
9.074549225252463517e-07
9.069103049829192172e-07
9.063543331308849681e-07
9.058592551517540892e-07
9.053209744142644344e-07
9.047572577328221603e-07
9.041280456538776044e-07
9.035779439307358412e-07
9.030148265335259040e-07
9.024873813380553018e-07
9.019721672076330229e-07
9.014684779985951655e-07
9.010516105024019776e-07
9.007310311708660543e-07
9.004938204421190365e-07
9.002748809920816431e-07
9.001971460868893785e-07
9.000617625599784181e-07
8.998122040060850414e-07
8.994931895707211554e-07
8.991913039974031152e-07
8.988909191903096382e-07
8.985707704566853501e-07
8.982411733747731108e-07
8.979138344504467308e-07
8.976000393428475173e-07
8.973358306087794416e-07
8.971329883891006515e-07
8.968597362630082768e-07
8.964891149613100977e-07
8.961257247869566241e-07
8.956660673823615775e-07
8.951043452405009236e-07
8.944538743105287798e-07
8.937582789198322305e-07
8.930865150560956795e-07
8.924811862919972140e-07
8.919113154785872236e-07
8.913967263235998683e-07
8.910374757383384130e-07
8.906670316830342899e-07
8.902320992272807928e-07
8.897407794805108245e-07
8.892129448958972639e-07
8.886465648792100181e-07
8.880491059248301148e-07
8.874955227054713299e-07
8.870298845234181057e-07
8.868177212969542276e-07
8.866616812150891242e-07
8.865530077191075828e-07
8.864297342614485430e-07
8.862887997841175782e-07
8.861507005263593781e-07
8.859569701333500320e-07
8.856840104570523757e-07
8.853290796845801226e-07
8.850274773044224081e-07
8.847603131487861150e-07
8.845099546267794621e-07
8.843033310092932852e-07
8.841240170666212772e-07
8.839409521759327915e-07
8.837641764989007928e-07
8.835002763502496445e-07
8.831314463649845896e-07
8.826247920979366663e-07
8.821327906546481881e-07
8.815780360084711825e-07
8.809821544174943570e-07
8.804002422221872240e-07
8.798443345872818444e-07
8.793378226796274452e-07
8.788563711273808256e-07
8.784245934251784436e-07
8.779788617077231079e-07
8.775147212423085978e-07
8.770428146038865423e-07
8.765800811850635247e-07
8.761327887037977697e-07
8.756728549513584306e-07
8.752227060927711715e-07
8.747916624779085957e-07
8.744480307696850741e-07
8.741893578322586462e-07
8.740076831678165383e-07
8.739328784352394646e-07
8.739357627327921660e-07
8.738915097963729854e-07
8.737428903801825217e-07
8.735369434148845202e-07
8.733109110928309452e-07
8.730954488338646102e-07
8.728394981895367027e-07
8.725729790308039852e-07
8.723175363917872289e-07
8.720774430418903320e-07
8.719456388097376913e-07
8.718062859398539870e-07
8.715946499550650259e-07
8.713140374964880622e-07
8.710232848184744653e-07
8.706434571376410139e-07
8.701560169912270237e-07
8.695720387683982250e-07
8.689570855633305187e-07
8.683397360068783846e-07
8.678541629617713310e-07
8.673269071641543780e-07
8.668630350085480110e-07
8.665503302385673787e-07
8.662257257217169626e-07
8.658484360822445486e-07
8.654251056446821950e-07
8.649626038130971580e-07
8.644562399381693664e-07
8.639360102471547620e-07
8.634827208027642198e-07
8.630795689646546335e-07
8.629017842926408212e-07
8.627929542030961410e-07
8.627296734475322682e-07
8.626774577618844106e-07
8.626108675829814785e-07
8.625144844566362283e-07
8.624028770442472545e-07
8.622112193177106410e-07
8.619898150781842863e-07
8.617522699242838568e-07
8.615249503346271528e-07
8.613202276659809408e-07
8.611744478072455460e-07
8.610411733319323659e-07
8.609019922147501815e-07
8.607700035655188030e-07
8.605648455347486521e-07
8.602604007612999486e-07
8.598254443370421198e-07
8.594279221148064681e-07
8.589506547587389628e-07
8.584126836297422751e-07
8.578603762753528560e-07
8.573279540165395931e-07
8.568422152966439907e-07
8.563871988433808665e-07
8.559842467413769851e-07
8.555888194947889007e-07
8.551775170185102685e-07
8.547956020375112632e-07
8.543889477936316042e-07
8.540152333450671269e-07
8.535925411868050846e-07
8.531723953184810678e-07
8.527741510546223509e-07
8.524667125929249096e-07
8.522380463029994804e-07
8.520885239858052579e-07
8.521424835867561470e-07
8.521564038871446195e-07
8.521624358129911901e-07
8.520830783903168973e-07
8.519537100882311475e-07
8.517730844271505894e-07
8.516056134662506175e-07
8.513914157815565595e-07
8.511627000341736569e-07
8.509437487359823341e-07
8.507589894051167621e-07
8.506833114959970677e-07
8.505819526700576129e-07
8.504144833969200222e-07
8.501903634119648615e-07
8.499505512086408357e-07
8.496165942992441804e-07
8.491681413250319589e-07
8.486248944250349951e-07
8.480476219761392175e-07
8.474547316236888259e-07
8.470431605386901587e-07
8.465306064304545455e-07
8.461009680285081150e-07
8.458015381422152277e-07
8.454956922073088096e-07
8.451475228528127610e-07
8.447669779284999467e-07
8.443431556789655818e-07
8.438721654005224049e-07
8.433916206102413239e-07
8.430137466673851066e-07
8.426270123655324453e-07
8.424609995546331095e-07
8.423740240870554827e-07
8.423377181403131167e-07
8.423307359943280249e-07
8.423104801790246195e-07
8.422440174113847019e-07
8.421829570469274990e-07
8.420999226921091239e-07
8.419372464902076618e-07
8.417267847475122814e-07
8.415244489922662446e-07
8.413533952092894867e-07
8.412318927707236998e-07
8.411156291406517566e-07
8.410085457062843950e-07
8.409003109433757770e-07
8.407304378596232800e-07
8.404643673649147728e-07
8.401079843060784947e-07
8.397729734029276369e-07
8.393403631155791713e-07
8.388176714408395267e-07
8.382773971961290432e-07
8.377578589654378475e-07
8.372785582179213022e-07
8.368324852182304928e-07
8.364378871481209185e-07
8.360597973581831167e-07
8.356966733493386225e-07
8.353552236498886424e-07
8.350253051539062529e-07
8.346685865755507365e-07
8.342640917950240368e-07
8.338579865301784922e-07
8.334778102139168138e-07
8.331783435274050891e-07
8.329557983728014010e-07
8.328761707605650256e-07
8.329606456849052024e-07
8.329857630972783781e-07
8.330214222239942637e-07
8.329936025723426902e-07
8.329122613972768830e-07
8.327670387764719931e-07
8.326315739521603772e-07
8.324430232955277462e-07
8.322326336674405257e-07
8.320270762972766957e-07
8.319089169534530828e-07
8.318439369000897677e-07
8.318439369000897677e-07
