6.665325054200366139e-05
6.656842015217989683e-05
6.649146234849467874e-05
6.643246160820126534e-05
6.641034269705414772e-05
6.635503814322873950e-05
6.632803706452250481e-05
6.630316784139722586e-05
6.625118840020149946e-05
6.623129593208432198e-05
6.619616033276543021e-05
6.617777398787438869e-05
6.614148878725245595e-05
6.612277502426877618e-05
6.610312266275286674e-05
6.606226088479161263e-05
6.604658119613304734e-05
6.601802306249737740e-05
6.600403139600530267e-05
6.597503670491278172e-05
6.596020102733746171e-05
6.594509613933041692e-05
6.591403507627546787e-05
6.590293196495622396e-05
6.587893585674464703e-05
6.586554081877693534e-05
6.585004302905872464e-05
6.581944762729108334e-05
6.580579793080687523e-05
6.578135798918083310e-05
6.577352905878797174e-05
6.575445149792358279e-05
6.574539293069392443e-05
6.573583959834650159e-05
6.571727863047271967e-05
6.570739060407504439e-05
6.568532990058884025e-05
6.567606033058837056e-05
6.565911462530493736e-05
6.565065996255725622e-05
6.564275099663063884e-05
6.562589987879619002e-05
6.561640475410968065e-05
6.559575558640062809e-05
6.558613677043467760e-05
6.556805601576343179e-05
6.555907748406752944e-05
6.554855644935742021e-05
6.552749255206435919e-05
6.551829574164003134e-05
6.550415855599567294e-05
6.550108082592487335e-05
6.549738463945686817e-05
6.548258534166961908e-05
6.547391967615112662e-05
6.545163341797888279e-05
6.543949712067842484e-05
6.541489710798487067e-05
6.540364847751334310e-05
6.539277092088013887e-05
6.537541776197031140e-05
6.536604632856324315e-05
6.534587009809911251e-05
6.533536361530423164e-05
6.531315011670812964e-05
6.530225800815969706e-05
6.529218080686405301e-05
6.527530786115676165e-05
6.526642391690984368e-05
6.524831405840814114e-05
6.523957563331350684e-05
6.523058254970237613e-05
6.521182513097301126e-05
6.520468014059588313e-05
6.518899317597970366e-05
6.517986912513151765e-05
6.515895074699074030e-05
6.514839333249256015e-05
6.513867992907762527e-05
6.512128311442211270e-05
6.511677202070131898e-05
6.510630919365212321e-05
6.510063394671306014e-05
6.508883234346285462e-05
6.508248043246567249e-05
6.507555372081696987e-05
6.506087811430916190e-05
6.505603232653811574e-05
6.504478369606658816e-05
6.503922486444935203e-05
6.502811447717249393e-05
6.502208998426795006e-05
6.501581083284690976e-05
6.500163726741448045e-05
6.499589653685688972e-05
6.498400034615769982e-05
6.497836875496432185e-05
6.497229333035647869e-05
6.495956040453165770e-05
6.495272100437432528e-05
6.493835098808631301e-05
6.493358523584902287e-05
6.492197280749678612e-05
6.491572275990620255e-05
6.490848318208009005e-05
6.489227962447330356e-05
6.488332292065024376e-05
6.486501661129295826e-05
6.485683115897700191e-05
6.484329787781462073e-05
6.483706238213926554e-05
6.482990283984690905e-05
6.481442687800154090e-05
6.480625597760081291e-05
6.478858995251357555e-05
6.478065915871411562e-05
6.477272836491465569e-05
6.476027192547917366e-05
6.475356349255889654e-05
6.473993562394753098e-05
6.473308894783258438e-05
6.471909000538289547e-05
6.471258529927581549e-05
6.470692460425198078e-05
6.469492655014619231e-05
6.468759966082870960e-05
6.467154889833182096e-05
6.466337072197347879e-05
6.464801845140755177e-05
6.464219040935859084e-05
6.463921454269438982e-05
6.463196041295304894e-05
6.462782766902819276e-05
6.462012970587238669e-05
6.461537122959271073e-05
6.460456643253564835e-05
6.460017175413668156e-05
6.459638825617730618e-05
6.458791904151439667e-05
6.458380084950476885e-05
6.457588460762053728e-05
6.457146082539111376e-05
6.456634582718834281e-05
6.455517723225057125e-05
6.455026596086099744e-05
6.453946116380393505e-05
6.453355308622121811e-05
6.452154775615781546e-05
6.451598164858296514e-05
6.451105582527816296e-05
6.450439832406118512e-05
6.450321961892768741e-05
6.449732609326019883e-05
6.449310603784397244e-05
6.448286148952320218e-05
6.447546184062957764e-05
6.446705083362758160e-05
6.445071630878373981e-05
6.444243626901879907e-05
6.442850281018763781e-05
6.442196900025010109e-05
6.440797005780041218e-05
6.440079596359282732e-05
6.439302524086087942e-05
6.437789852498099208e-05
6.437046249629929662e-05
6.435786781366914511e-05
6.435171235352754593e-05
6.434510578401386738e-05
6.433229282265529037e-05
6.432600639527663589e-05
6.431272777263075113e-05
6.430767825804650784e-05
6.429744826164096594e-05
6.429134373320266604e-05
6.428442429751157761e-05
6.426927575375884771e-05
6.426129402825608850e-05
6.424690218409523368e-05
6.424210732802748680e-05
6.423566082958132029e-05
6.423200102290138602e-05
6.422887236112728715e-05
6.422222941182553768e-05
6.421818397939205170e-05
6.420871068257838488e-05
6.420525460271164775e-05
6.420184217859059572e-05
6.419407873181626201e-05
6.419069541152566671e-05
6.418347038561478257e-05
6.417931581381708384e-05
6.417024269467219710e-05
6.416697578970342875e-05
6.416327232727780938e-05
6.415502139134332538e-05
6.415077223209664226e-05
6.414166273316368461e-05
6.413663504645228386e-05
6.412627408280968666e-05
6.412311631720513105e-05
6.411962385755032301e-05
6.411157664842903614e-05
6.410707283066585660e-05
6.409610068658366799e-05
6.408933404600247741e-05
6.407486944226548076e-05
6.406846659956499934e-05
6.406141619663685560e-05
6.405116437235847116e-05
6.404583109542727470e-05
6.403418228728696704e-05
6.402778672054409981e-05
6.402107101166620851e-05
6.400811980711296201e-05
6.400184065569192171e-05
6.399156700354069471e-05
6.398595724022015929e-05
6.397494871634989977e-05
6.396957905963063240e-05
6.396398384822532535e-05
6.395376112777739763e-05
6.394968659151345491e-05
6.394081719918176532e-05
6.393560761353000998e-05
6.392339128069579601e-05
6.391649367287755013e-05
6.390958878910169005e-05
6.389735062839463353e-05
6.389414920704439282e-05
6.388853944372385740e-05
6.388580368366092443e-05
6.388343172147870064e-05
6.387849862221628428e-05
6.387517350958660245e-05
6.386902532540261745e-05
6.386620225384831429e-05
6.385988672263920307e-05
6.385690358001738787e-05
6.385432061506435275e-05
6.384833977790549397e-05
6.384473817888647318e-05
6.383747677318751812e-05
6.383379513863474131e-05
6.382574065355584025e-05
6.382122228387743235e-05
6.381666753441095352e-05
6.380720878951251507e-05
6.380279228324070573e-05
6.379700062097981572e-05
6.379598198691383004e-05
6.379267870215699077e-05
6.379009573720395565e-05
6.378752004820853472e-05
6.377967656590044498e-05
6.377370300469920039e-05
6.376115197781473398e-05
6.375413067871704698e-05
6.374756776494905353e-05
6.373519136104732752e-05
6.372885400196537375e-05
6.371636118274182081e-05
6.370986375259235501e-05
6.369771290337666869e-05
6.369139737216755748e-05
6.368599861161783338e-05
6.367519381456077099e-05
6.366943853208795190e-05
6.365821900544688106e-05
6.365255831042304635e-05
6.364168075378984213e-05
6.363767897710204124e-05
6.363365537254139781e-05
6.362484418787062168e-05
6.361932173604145646e-05
6.360682164086028934e-05
6.359996041283011436e-05
6.359314284054562449e-05
6.358169775921851397e-05
6.357796519296243787e-05
6.357183883665129542e-05
6.356931407935917377e-05
6.356470112223178148e-05
6.356194353429600596e-05
6.355873483698815107e-05
6.355388177325949073e-05
6.355086952680721879e-05
6.354471406666561961e-05
6.354205106617882848e-05
6.353626667987555265e-05
6.353310163831338286e-05
6.352968193823471665e-05
6.352472701109945774e-05
6.352186028379946947e-05
6.351539923343807459e-05
6.351223419187590480e-05
6.350465264404192567e-05
6.350030889734625816e-05
6.349581235554069281e-05
6.348940223688259721e-05
6.348647730192169547e-05
6.348045280901715159e-05
6.347733142320066690e-05
6.347373710013926029e-05
6.346408918034285307e-05
6.345802830765023828e-05
6.344697612803429365e-05
6.344094435917213559e-05
6.343074346659705043e-05
6.342551932903006673e-05
6.342022970784455538e-05
6.340955587802454829e-05
6.340375693980604410e-05
6.339327956084161997e-05
6.338851380860432982e-05
6.337902595987543464e-05
6.337389640975743532e-05
6.336877413559705019e-05
6.335869693430140615e-05
6.335367652354761958e-05
6.334547651931643486e-05
6.334190402412787080e-05
6.333853525575250387e-05
6.333058263408020139e-05
6.332599150482565165e-05
6.331469921860843897e-05
6.330844189506024122e-05
6.329782627290114760e-05
6.329332245513796806e-05
6.329007010208442807e-05
6.328481686068698764e-05
6.328271410893648863e-05
6.327905430225655437e-05
6.327695882646366954e-05
6.327422306640073657e-05
6.327193113975226879e-05
6.326950096990913153e-05
6.326466245809569955e-05
6.326247239485383034e-05
6.325743743218481541e-05
6.325448339339345694e-05
6.324997229967266321e-05
6.324711284833028913e-05
6.324385321931913495e-05
6.323727575363591313e-05
6.323339039226993918e-05
6.322488479781895876e-05
6.322070839814841747e-05
6.321688852040097117e-05
6.321397086139768362e-05
6.321273394860327244e-05
6.320992542896419764e-05
6.320807005977258086e-05
6.320337706711143255e-05
6.319925159914419055e-05
6.319423118839040399e-05
6.318470695987343788e-05
6.317915540421381593e-05
6.316694634733721614e-05
6.316081999102607369e-05
6.314855272648856044e-05
6.314245547400787473e-05
6.313753692666068673e-05
6.312660843832418323e-05
6.312211917247623205e-05
6.311198376351967454e-05
6.310655589913949370e-05
6.309586751740425825e-05
6.309056334430351853e-05
6.308573938440531492e-05
6.307756120804697275e-05
6.307435251073911786e-05
6.306668365141376853e-05
6.306221621343865991e-05
6.305711576715111732e-05
6.304527050815522671e-05
6.304034468485042453e-05
6.302864494500681758e-05
6.302457768470048904e-05
6.301751272985711694e-05
6.301452231127768755e-05
6.301224493654444814e-05
6.300791574176400900e-05
6.300679524429142475e-05
6.300349923549219966e-05
6.300120730884373188e-05
6.299639790086075664e-05
6.299409869825467467e-05
6.299150118138641119e-05
6.298600783338770270e-05
6.298374501056969166e-05
6.298009975580498576e-05
6.297779327724128962e-05
6.297511572483927011e-05
6.297022628132253885e-05
6.296714855125173926e-05
6.295975617831572890e-05
6.295556522672995925e-05
6.295039202086627483e-05
6.294765626080334187e-05
6.294509512372314930e-05
6.294032209552824497e-05
6.293753540376201272e-05
6.293004844337701797e-05
6.292532634688541293e-05
6.291651516221463680e-05
6.291181489359587431e-05
6.290685269050300121e-05
6.289631710387766361e-05
6.289104203460738063e-05
6.288047734415158629e-05
6.287568248808383942e-05
6.286639109021052718e-05
6.286271673161536455e-05
6.285854760790243745e-05
6.284917617449536920e-05
6.284442497417330742e-05
6.283450056798756123e-05
6.282981485128402710e-05
6.282558024395257235e-05
6.281941750785335898e-05
6.281660171225667000e-05
6.280986417550593615e-05
6.280589150264859200e-05
6.279606895986944437e-05
6.279123044805601239e-05
6.278637010836973786e-05
6.277696229517459869e-05
6.277315696934238076e-05
6.276657950365915895e-05
6.276421481743454933e-05
6.276036583585664630e-05
6.275968917179852724e-05
6.275933992583304644e-05
6.275689520407468081e-05
6.275519990595057607e-05
6.275149644352495670e-05
6.274956831475719810e-05
6.274742918321862817e-05
6.274292536545544863e-05
6.274149200180545449e-05
6.273731560213491321e-05
6.273472536122426391e-05
6.272957398323342204e-05
6.272625614656135440e-05
6.272254540817812085e-05
6.271443999139592052e-05
6.271142046898603439e-05
6.270770973060280085e-05
6.270626181503757834e-05
6.270401354413479567e-05
6.270268204389140010e-05
6.270154699450358748e-05
6.269740697462111712e-05
6.269455479923635721e-05
6.268742436077445745e-05
6.268282595556229353e-05
6.267178832786157727e-05
6.266568379942327738e-05
6.265956471906974912e-05
6.264837429625913501e-05
6.264319381443783641e-05
6.263315299293026328e-05
6.262875103857368231e-05
6.262407987378537655e-05
6.261408270802348852e-05
6.260889495024457574e-05
6.259915971895679832e-05
6.259450310608372092e-05
6.258696521399542689e-05
6.258387293200939894e-05
6.258045323193073273e-05
6.257288623601198196e-05
6.256846245378255844e-05
6.255826883716508746e-05
6.255390326259657741e-05
6.254352047108113766e-05
6.253900210140272975e-05
6.253468018257990479e-05
6.252719322219491005e-05
6.252426101127639413e-05
6.252002640394493937e-05
6.251957529457286000e-05
6.251870945561677217e-05
6.251584272831678391e-05
6.251401646295562387e-05
6.251038576010614634e-05
6.250815931707620621e-05
6.250313890632241964e-05
6.250173464650288224e-05
6.250017031561583281e-05
6.249652506085112691e-05
6.249448051676154137e-05
6.249055149964988232e-05
6.248795398278161883e-05
6.248131830943748355e-05
6.247828423511236906e-05
6.247580313356593251e-05
6.247062992770224810e-05
6.246837438084185123e-05
6.246566772460937500e-05
6.246566772460937500e-05
