6.000999808311462402e-01
6.000998616218566895e-01
6.000997424125671387e-01
6.000996232032775879e-01
6.000995039939880371e-01
6.000993251800537109e-01
6.000992059707641602e-01
6.000990271568298340e-01
6.000988483428955078e-01
6.000986695289611816e-01
6.000984311103820801e-01
6.000981926918029785e-01
6.000978946685791016e-01
6.000975966453552246e-01
6.000972390174865723e-01
6.000969409942626953e-01
6.000965237617492676e-01
6.000961661338806152e-01
6.000957489013671875e-01
6.000953316688537598e-01
6.000948548316955566e-01
6.000943779945373535e-01
6.000939607620239258e-01
6.000934839248657227e-01
6.000929474830627441e-01
6.000924706459045410e-01
6.000919938087463379e-01
6.000915169715881348e-01
6.000910401344299316e-01
6.000905632972717285e-01
6.000901460647583008e-01
6.000896692276000977e-01
6.000892519950866699e-01
6.000888347625732422e-01
6.000884771347045898e-01
6.000881195068359375e-01
6.000878214836120605e-01
6.000874638557434082e-01
6.000871658325195312e-01
6.000869274139404297e-01
6.000866889953613281e-01
6.000865101814270020e-01
6.000862717628479004e-01
6.000860929489135742e-01
6.000859737396240234e-01
6.000857949256896973e-01
6.000856757164001465e-01
6.000856161117553711e-01
6.000854969024658203e-01
6.000853776931762695e-01
6.000853180885314941e-01
6.000851988792419434e-01
6.000851392745971680e-01
6.000850200653076172e-01
6.000849008560180664e-01
6.000847816467285156e-01
6.000846624374389648e-01
6.000845432281494141e-01
6.000843644142150879e-01
6.000841856002807617e-01
6.000840067863464355e-01
6.000837683677673340e-01
6.000835299491882324e-01
6.000832915306091309e-01
6.000830531120300293e-01
6.000827550888061523e-01
6.000823974609375000e-01
6.000820994377136230e-01
6.000817418098449707e-01
6.000813841819763184e-01
6.000809669494628906e-01
6.000806093215942383e-01
6.000801920890808105e-01
6.000797748565673828e-01
6.000793576240539551e-01
6.000789403915405273e-01
6.000785231590270996e-01
6.000781059265136719e-01
6.000777482986450195e-01
6.000773310661315918e-01
6.000769138336181641e-01
6.000765562057495117e-01
6.000761985778808594e-01
6.000759005546569824e-01
6.000755429267883301e-01
6.000752449035644531e-01
6.000749468803405762e-01
6.000747084617614746e-01
6.000744700431823730e-01
6.000742316246032715e-01
6.000739932060241699e-01
6.000738143920898438e-01
6.000736951828002930e-01
6.000735163688659668e-01
6.000733971595764160e-01
6.000732779502868652e-01
6.000731587409973145e-01
6.000730991363525391e-01
6.000729799270629883e-01
6.000729203224182129e-01
6.000728011131286621e-01
6.000727415084838867e-01
6.000726819038391113e-01
6.000725626945495605e-01
6.000725030899047852e-01
6.000723838806152344e-01
6.000723242759704590e-01
6.000722050666809082e-01
6.000720262527465820e-01
6.000719070434570312e-01
6.000717282295227051e-01
6.000715494155883789e-01
6.000713706016540527e-01
6.000711321830749512e-01
6.000708937644958496e-01
6.000706553459167480e-01
6.000703573226928711e-01
6.000701189041137695e-01
6.000697612762451172e-01
6.000694632530212402e-01
6.000691652297973633e-01
6.000688076019287109e-01
6.000684499740600586e-01
6.000681519508361816e-01
6.000677943229675293e-01
6.000674366950988770e-01
6.000670790672302246e-01
6.000667214393615723e-01
6.000663638114929199e-01
6.000660061836242676e-01
6.000657081604003906e-01
6.000653505325317383e-01
6.000650525093078613e-01
6.000648140907287598e-01
6.000645160675048828e-01
6.000642776489257812e-01
6.000639796257019043e-01
6.000638008117675781e-01
6.000635623931884766e-01
6.000633835792541504e-01
6.000632047653198242e-01
6.000630259513854980e-01
6.000629067420959473e-01
6.000627875328063965e-01
6.000626683235168457e-01
6.000625491142272949e-01
6.000624895095825195e-01
6.000623703002929688e-01
6.000623106956481934e-01
6.000622510910034180e-01
6.000621914863586426e-01
6.000621318817138672e-01
6.000620722770690918e-01
6.000619530677795410e-01
6.000618934631347656e-01
6.000618338584899902e-01
6.000617146492004395e-01
6.000615954399108887e-01
6.000615358352661133e-01
6.000613570213317871e-01
6.000612378120422363e-01
6.000610589981079102e-01
6.000609397888183594e-01
6.000607609748840332e-01
6.000605225563049316e-01
6.000603437423706055e-01
6.000601053237915039e-01
6.000598669052124023e-01
6.000595688819885254e-01
6.000593304634094238e-01
6.000590324401855469e-01
6.000587940216064453e-01
6.000584959983825684e-01
6.000581979751586914e-01
6.000578403472900391e-01
6.000575423240661621e-01
6.000572443008422852e-01
6.000569462776184082e-01
6.000566482543945312e-01
6.000564098358154297e-01
6.000561118125915527e-01
6.000558137893676758e-01
6.000555753707885742e-01
6.000553369522094727e-01
6.000550985336303711e-01
6.000548601150512695e-01
6.000546216964721680e-01
6.000544428825378418e-01
6.000542640686035156e-01
6.000540852546691895e-01
6.000539660453796387e-01
6.000538468360900879e-01
6.000537276268005371e-01
6.000536084175109863e-01
6.000534892082214355e-01
6.000534296035766602e-01
6.000533103942871094e-01
6.000532507896423340e-01
6.000531911849975586e-01
6.000531315803527832e-01
6.000530719757080078e-01
6.000530123710632324e-01
6.000529527664184570e-01
6.000528931617736816e-01
6.000528335571289062e-01
6.000527739524841309e-01
6.000527143478393555e-01
6.000525951385498047e-01
6.000525355339050293e-01
6.000524163246154785e-01
6.000522971153259277e-01
6.000521779060363770e-01
6.000519990921020508e-01
6.000518798828125000e-01
6.000517010688781738e-01
6.000515222549438477e-01
6.000512838363647461e-01
6.000511050224304199e-01
6.000508666038513184e-01
6.000506877899169922e-01
6.000504493713378906e-01
6.000501513481140137e-01
6.000499129295349121e-01
6.000496745109558105e-01
6.000494360923767090e-01
6.000491380691528320e-01
6.000488996505737305e-01
6.000486612319946289e-01
6.000484228134155273e-01
6.000481247901916504e-01
6.000478863716125488e-01
6.000476479530334473e-01
6.000474691390991211e-01
6.000472307205200195e-01
6.000470519065856934e-01
6.000468134880065918e-01
6.000466346740722656e-01
6.000465154647827148e-01
6.000463366508483887e-01
6.000462174415588379e-01
6.000460982322692871e-01
6.000459790229797363e-01
6.000458598136901855e-01
6.000457406044006348e-01
6.000456809997558594e-01
6.000456213951110840e-01
6.000455617904663086e-01
6.000455021858215332e-01
6.000454425811767578e-01
6.000453829765319824e-01
6.000453233718872070e-01
6.000452637672424316e-01
6.000452041625976562e-01
6.000452041625976562e-01
6.000451445579528809e-01
6.000450849533081055e-01
6.000450253486633301e-01
6.000449061393737793e-01
6.000448465347290039e-01
6.000447273254394531e-01
6.000446677207946777e-01
6.000445485115051270e-01
6.000444293022155762e-01
6.000442504882812500e-01
6.000441312789916992e-01
6.000439524650573730e-01
6.000438332557678223e-01
6.000436544418334961e-01
6.000434756278991699e-01
6.000432372093200684e-01
6.000430583953857422e-01
6.000428199768066406e-01
6.000426411628723145e-01
6.000424027442932129e-01
6.000422239303588867e-01
6.000419855117797852e-01
6.000417470932006836e-01
6.000415086746215820e-01
6.000413298606872559e-01
6.000410914421081543e-01
6.000409126281738281e-01
6.000406742095947266e-01
6.000404953956604004e-01
6.000403165817260742e-01
6.000401377677917480e-01
6.000400185585021973e-01
6.000398397445678711e-01
6.000397205352783203e-01
6.000395417213439941e-01
6.000394225120544434e-01
6.000393629074096680e-01
6.000392436981201172e-01
6.000391244888305664e-01
6.000390648841857910e-01
6.000390052795410156e-01
6.000389456748962402e-01
6.000388860702514648e-01
6.000388264656066895e-01
6.000387668609619141e-01
6.000387668609619141e-01
6.000387072563171387e-01
6.000386476516723633e-01
6.000385880470275879e-01
6.000385880470275879e-01
6.000385284423828125e-01
6.000384688377380371e-01
6.000384092330932617e-01
6.000383496284484863e-01
6.000382900238037109e-01
6.000382304191589355e-01
6.000381112098693848e-01
6.000380516052246094e-01
6.000379323959350586e-01
6.000378131866455078e-01
6.000376939773559570e-01
6.000375747680664062e-01
6.000373959541320801e-01
6.000372767448425293e-01
6.000370979309082031e-01
6.000369191169738770e-01
6.000367403030395508e-01
6.000365614891052246e-01
6.000363826751708984e-01
6.000362038612365723e-01
6.000360250473022461e-01
6.000358462333679199e-01
6.000356674194335938e-01
6.000354886054992676e-01
6.000353097915649414e-01
6.000351309776306152e-01
6.000349521636962891e-01
6.000347733497619629e-01
6.000345945358276367e-01
6.000344157218933105e-01
6.000342965126037598e-01
6.000341773033142090e-01
6.000339984893798828e-01
6.000338792800903320e-01
6.000337600708007812e-01
6.000337004661560059e-01
6.000335812568664551e-01
6.000335216522216797e-01
6.000334024429321289e-01
6.000333428382873535e-01
6.000332832336425781e-01
6.000332236289978027e-01
6.000331640243530273e-01
6.000331640243530273e-01
6.000331044197082520e-01
6.000331044197082520e-01
6.000330448150634766e-01
6.000329852104187012e-01
6.000329852104187012e-01
6.000329256057739258e-01
6.000328660011291504e-01
6.000328660011291504e-01
6.000328063964843750e-01
6.000327467918395996e-01
6.000326871871948242e-01
6.000326275825500488e-01
6.000325679779052734e-01
6.000324487686157227e-01
6.000323891639709473e-01
6.000322699546813965e-01
6.000321507453918457e-01
6.000320315361022949e-01
6.000319123268127441e-01
6.000317931175231934e-01
6.000316739082336426e-01
6.000315546989440918e-01
6.000313758850097656e-01
6.000312566757202148e-01
6.000310778617858887e-01
6.000308990478515625e-01
6.000307798385620117e-01
6.000306010246276855e-01
6.000304222106933594e-01
6.000303030014038086e-01
6.000301241874694824e-01
6.000299453735351562e-01
6.000298261642456055e-01
6.000297069549560547e-01
6.000295281410217285e-01
6.000294089317321777e-01
6.000292897224426270e-01
6.000291705131530762e-01
6.000290513038635254e-01
6.000289320945739746e-01
6.000288128852844238e-01
6.000287532806396484e-01
6.000286936759948730e-01
6.000286340713500977e-01
6.000285148620605469e-01
6.000284552574157715e-01
6.000284552574157715e-01
6.000283956527709961e-01
6.000283360481262207e-01
6.000282764434814453e-01
6.000282764434814453e-01
6.000282168388366699e-01
6.000282168388366699e-01
6.000281572341918945e-01
6.000281572341918945e-01
6.000280976295471191e-01
6.000280976295471191e-01
6.000280380249023438e-01
6.000279784202575684e-01
6.000279784202575684e-01
6.000279188156127930e-01
6.000278592109680176e-01
6.000277996063232422e-01
6.000277400016784668e-01
6.000276207923889160e-01
6.000275611877441406e-01
6.000275015830993652e-01
6.000273823738098145e-01
6.000272631645202637e-01
6.000271439552307129e-01
6.000270247459411621e-01
6.000269055366516113e-01
6.000267863273620605e-01
6.000266671180725098e-01
6.000265479087829590e-01
6.000264286994934082e-01
6.000262498855590820e-01
6.000261306762695312e-01
6.000260114669799805e-01
6.000258922576904297e-01
6.000257134437561035e-01
6.000255942344665527e-01
6.000254750251770020e-01
6.000253558158874512e-01
6.000252366065979004e-01
6.000251173973083496e-01
6.000249981880187988e-01
6.000248789787292480e-01
6.000248193740844727e-01
6.000247001647949219e-01
6.000246405601501465e-01
6.000245809555053711e-01
6.000244617462158203e-01
6.000244021415710449e-01
6.000243425369262695e-01
6.000243425369262695e-01
6.000242829322814941e-01
6.000242233276367188e-01
6.000242233276367188e-01
6.000241637229919434e-01
6.000241637229919434e-01
6.000241041183471680e-01
6.000241041183471680e-01
6.000240445137023926e-01
6.000240445137023926e-01
6.000239849090576172e-01
6.000239849090576172e-01
6.000239253044128418e-01
6.000239253044128418e-01
6.000238656997680664e-01
6.000238060951232910e-01
6.000238060951232910e-01
6.000237464904785156e-01
6.000236868858337402e-01
6.000236272811889648e-01
6.000235080718994141e-01
6.000234484672546387e-01
6.000233888626098633e-01
6.000232696533203125e-01
6.000232100486755371e-01
6.000230908393859863e-01
6.000229716300964355e-01
6.000229120254516602e-01
6.000227928161621094e-01
6.000226736068725586e-01
6.000225543975830078e-01
6.000224351882934570e-01
6.000223159790039062e-01
6.000221967697143555e-01
6.000220775604248047e-01
6.000219583511352539e-01
6.000218391418457031e-01
6.000217199325561523e-01
6.000216603279113770e-01
6.000215411186218262e-01
6.000214219093322754e-01
6.000213623046875000e-01
6.000212430953979492e-01
6.000211834907531738e-01
6.000211238861083984e-01
6.000210046768188477e-01
6.000209450721740723e-01
6.000208854675292969e-01
6.000208258628845215e-01
6.000208258628845215e-01
6.000207662582397461e-01
6.000207066535949707e-01
6.000207066535949707e-01
6.000206470489501953e-01
6.000206470489501953e-01
6.000205874443054199e-01
6.000205874443054199e-01
6.000205874443054199e-01
6.000205874443054199e-01
