0.000000000000000000e+00
1.029970000000000017e-02
2.021790000000000045e-02
3.013609999999999900e-02
4.005430000000000101e-02
5.035400000000000292e-02
6.027219999999999800e-02
7.019040000000000001e-02
8.010860000000000203e-02
9.002690000000000692e-02
1.003269999999999995e-01
1.102449999999999958e-01
1.201630000000000059e-01
1.300810000000000022e-01
1.403810000000000058e-01
1.502989999999999882e-01
1.602169999999999983e-01
1.701360000000000094e-01
1.800539999999999918e-01
1.903529999999999944e-01
2.002720000000000056e-01
2.101899999999999880e-01
2.201079999999999981e-01
2.300260000000000082e-01
2.403260000000000118e-01
2.502440000000000220e-01
2.601620000000000044e-01
2.700810000000000155e-01
2.803800000000000181e-01
2.902980000000000005e-01
3.002170000000000116e-01
3.101349999999999940e-01
3.200529999999999764e-01
3.303530000000000078e-01
3.402709999999999901e-01
3.501889999999999725e-01
3.601070000000000104e-01
3.700260000000000216e-01
3.803250000000000242e-01
3.902439999999999798e-01
4.001620000000000177e-01
4.100800000000000001e-01
4.203799999999999759e-01
4.302980000000000138e-01
4.402159999999999962e-01
4.501339999999999786e-01
4.600520000000000165e-01
4.703519999999999923e-01
4.802699999999999747e-01
4.901889999999999858e-01
5.001069999999999682e-01
5.100249999999999506e-01
5.203250000000000375e-01
5.302430000000000199e-01
5.401610000000000023e-01
5.500789999999999846e-01
5.603789999999999605e-01
5.702970000000000539e-01
5.802150000000000363e-01
5.901340000000000474e-01
6.000520000000000298e-01
6.103520000000000056e-01
6.202699999999999880e-01
6.301879999999999704e-01
6.401059999999999528e-01
6.500240000000000462e-01
6.603240000000000220e-01
6.702420000000000044e-01
6.801610000000000156e-01
6.900789999999999980e-01
7.003779999999999450e-01
7.102969999999999562e-01
7.202150000000000496e-01
7.301330000000000320e-01
7.400510000000000144e-01
7.503509999999999902e-01
7.602689999999999726e-01
7.701869999999999550e-01
7.801059999999999661e-01
7.900239999999999485e-01
8.003240000000000354e-01
8.102420000000000178e-01
8.201600000000000001e-01
8.300779999999999825e-01
8.403779999999999584e-01
8.502960000000000518e-01
8.602140000000000342e-01
8.701320000000000165e-01
8.800510000000000277e-01
8.903499999999999748e-01
9.002689999999999859e-01
9.101869999999999683e-01
9.201049999999999507e-01
9.300230000000000441e-01
9.403230000000000199e-01
9.502410000000000023e-01
9.601589999999999847e-01
9.700779999999999959e-01
9.803770000000000540e-01
9.902950000000000363e-01
1.000210000000000043e+00
1.010129999999999972e+00
1.020049999999999901e+00
1.030350000000000099e+00
1.040270000000000028e+00
1.050189999999999957e+00
1.060100000000000042e+00
1.070019999999999971e+00
1.080319999999999947e+00
1.090240000000000098e+00
1.100160000000000027e+00
1.110079999999999956e+00
1.120379999999999932e+00
1.130290000000000017e+00
1.140209999999999946e+00
1.150130000000000097e+00
1.160050000000000026e+00
1.170350000000000001e+00
1.180269999999999930e+00
1.190190000000000081e+00
1.200099999999999945e+00
1.210020000000000095e+00
1.220320000000000071e+00
1.230240000000000000e+00
1.240159999999999929e+00
1.250080000000000080e+00
1.260380000000000056e+00
1.270289999999999919e+00
1.280210000000000070e+00
1.290129999999999999e+00
1.300049999999999928e+00
1.310349999999999904e+00
1.320270000000000055e+00
1.330179999999999918e+00
1.340100000000000069e+00
1.350019999999999998e+00
1.360319999999999974e+00
1.370239999999999903e+00
1.380160000000000053e+00
1.390079999999999982e+00
1.400379999999999958e+00
1.410290000000000044e+00
1.420209999999999972e+00
1.430129999999999901e+00
1.440050000000000052e+00
1.450350000000000028e+00
1.460269999999999957e+00
1.470180000000000042e+00
1.480099999999999971e+00
1.490019999999999900e+00
1.500320000000000098e+00
1.510240000000000027e+00
1.520159999999999956e+00
1.530080000000000107e+00
1.540370000000000017e+00
1.550289999999999946e+00
1.560210000000000097e+00
1.570130000000000026e+00
1.580049999999999955e+00
1.590349999999999930e+00
1.600270000000000081e+00
1.610179999999999945e+00
1.620100000000000096e+00
1.630020000000000024e+00
1.640320000000000000e+00
1.650239999999999929e+00
1.660160000000000080e+00
1.670069999999999943e+00
1.680369999999999919e+00
1.690290000000000070e+00
1.700209999999999999e+00
1.710129999999999928e+00
1.720050000000000079e+00
1.730350000000000055e+00
1.740259999999999918e+00
1.750180000000000069e+00
1.760099999999999998e+00
1.770019999999999927e+00
1.780319999999999903e+00
1.790240000000000054e+00
1.800159999999999982e+00
1.810070000000000068e+00
1.820370000000000044e+00
1.830289999999999973e+00
1.840209999999999901e+00
1.850130000000000052e+00
1.860049999999999981e+00
1.870349999999999957e+00
1.880260000000000042e+00
1.890179999999999971e+00
1.900099999999999900e+00
1.910020000000000051e+00
1.920320000000000027e+00
1.930239999999999956e+00
1.940160000000000107e+00
1.950069999999999970e+00
1.960369999999999946e+00
1.970290000000000097e+00
1.980210000000000026e+00
1.990129999999999955e+00
2.000049999999999883e+00
2.010349999999999859e+00
2.020259999999999945e+00
2.030180000000000096e+00
2.040099999999999802e+00
2.050019999999999953e+00
2.060319999999999929e+00
2.070240000000000080e+00
2.080150000000000166e+00
2.090069999999999872e+00
2.100369999999999848e+00
2.110289999999999999e+00
2.120210000000000150e+00
2.130129999999999857e+00
2.140050000000000008e+00
2.150339999999999918e+00
2.160260000000000069e+00
2.170180000000000220e+00
2.180099999999999927e+00
2.190020000000000078e+00
2.200320000000000054e+00
2.210240000000000204e+00
2.220149999999999846e+00
2.230069999999999997e+00
2.240369999999999973e+00
2.250290000000000123e+00
2.260209999999999830e+00
2.270129999999999981e+00
2.280040000000000067e+00
2.290340000000000042e+00
2.300260000000000193e+00
2.310179999999999900e+00
2.320100000000000051e+00
2.330020000000000202e+00
2.340320000000000178e+00
2.350239999999999885e+00
2.360149999999999970e+00
2.370070000000000121e+00
2.380370000000000097e+00
2.390289999999999804e+00
2.400209999999999955e+00
2.410130000000000106e+00
2.420040000000000191e+00
2.430340000000000167e+00
2.440259999999999874e+00
2.450180000000000025e+00
2.460100000000000176e+00
2.470019999999999882e+00
2.480319999999999858e+00
2.490229999999999944e+00
2.500150000000000095e+00
2.510069999999999801e+00
2.520370000000000221e+00
2.530289999999999928e+00
2.540210000000000079e+00
2.550129999999999786e+00
2.560039999999999871e+00
2.570339999999999847e+00
2.580259999999999998e+00
2.590180000000000149e+00
2.600099999999999856e+00
2.610020000000000007e+00
2.620319999999999983e+00
2.630230000000000068e+00
2.640150000000000219e+00
2.650069999999999926e+00
2.660369999999999902e+00
2.670290000000000052e+00
2.680210000000000203e+00
2.690119999999999845e+00
2.700039999999999996e+00
2.710339999999999971e+00
2.720260000000000122e+00
2.730179999999999829e+00
2.740099999999999980e+00
2.750020000000000131e+00
2.760310000000000041e+00
2.770230000000000192e+00
2.780149999999999899e+00
2.790070000000000050e+00
2.800370000000000026e+00
2.810290000000000177e+00
2.820209999999999884e+00
2.830119999999999969e+00
2.840040000000000120e+00
2.850340000000000096e+00
2.860259999999999803e+00
2.870179999999999954e+00
2.880100000000000104e+00
2.890010000000000190e+00
2.900310000000000166e+00
2.910229999999999873e+00
2.920150000000000023e+00
2.930070000000000174e+00
2.940370000000000150e+00
2.950289999999999857e+00
2.960210000000000008e+00
2.970120000000000093e+00
2.980039999999999800e+00
2.990340000000000220e+00
3.000259999999999927e+00
3.010180000000000078e+00
3.020099999999999785e+00
3.030009999999999870e+00
3.040309999999999846e+00
3.050229999999999997e+00
3.060150000000000148e+00
3.070069999999999855e+00
3.080369999999999830e+00
3.090289999999999981e+00
3.100200000000000067e+00
3.110120000000000218e+00
3.120039999999999925e+00
3.130339999999999900e+00
3.140260000000000051e+00
3.150180000000000202e+00
3.160099999999999909e+00
3.170009999999999994e+00
3.180309999999999970e+00
3.190230000000000121e+00
3.200149999999999828e+00
3.210069999999999979e+00
3.220369999999999955e+00
3.230290000000000106e+00
3.240200000000000191e+00
3.250119999999999898e+00
3.260040000000000049e+00
3.270340000000000025e+00
3.280260000000000176e+00
3.290179999999999882e+00
3.300089999999999968e+00
3.310010000000000119e+00
3.320310000000000095e+00
3.330229999999999801e+00
3.340149999999999952e+00
3.350070000000000103e+00
3.360370000000000079e+00
3.370289999999999786e+00
3.380199999999999871e+00
3.390120000000000022e+00
3.400040000000000173e+00
3.410340000000000149e+00
3.420259999999999856e+00
3.430180000000000007e+00
3.440090000000000092e+00
3.450009999999999799e+00
3.460310000000000219e+00
3.470229999999999926e+00
3.480150000000000077e+00
3.490069999999999784e+00
3.500370000000000203e+00
3.510279999999999845e+00
3.520199999999999996e+00
3.530120000000000147e+00
3.540039999999999853e+00
3.550339999999999829e+00
3.560259999999999980e+00
3.570180000000000131e+00
3.580090000000000217e+00
3.590009999999999923e+00
3.600309999999999899e+00
3.610230000000000050e+00
3.620150000000000201e+00
3.630069999999999908e+00
3.640369999999999884e+00
3.650279999999999969e+00
3.660200000000000120e+00
3.670119999999999827e+00
3.680039999999999978e+00
3.690339999999999954e+00
3.700260000000000105e+00
3.710170000000000190e+00
3.720089999999999897e+00
3.730010000000000048e+00
3.740310000000000024e+00
3.750230000000000175e+00
3.760149999999999881e+00
3.770070000000000032e+00
3.780370000000000008e+00
3.790280000000000094e+00
3.800199999999999800e+00
3.810119999999999951e+00
3.820040000000000102e+00
3.830340000000000078e+00
3.840259999999999785e+00
3.850169999999999870e+00
3.860090000000000021e+00
3.870010000000000172e+00
3.880310000000000148e+00
3.890229999999999855e+00
3.900150000000000006e+00
3.910060000000000091e+00
3.920360000000000067e+00
3.930280000000000218e+00
3.940199999999999925e+00
3.950120000000000076e+00
3.960039999999999782e+00
3.970340000000000202e+00
3.980259999999999909e+00
3.990169999999999995e+00
4.000090000000000146e+00
4.010010000000000296e+00
4.020310000000000272e+00
4.030230000000000423e+00
4.040149999999999686e+00
4.050060000000000215e+00
4.060360000000000191e+00
4.070280000000000342e+00
4.080199999999999605e+00
4.090119999999999756e+00
4.100039999999999907e+00
4.110339999999999883e+00
4.120250000000000412e+00
4.130169999999999675e+00
4.140089999999999826e+00
4.150009999999999977e+00
4.160309999999999953e+00
4.170230000000000103e+00
4.180150000000000254e+00
4.190059999999999896e+00
4.200359999999999872e+00
4.210280000000000022e+00
4.220200000000000173e+00
4.230120000000000324e+00
4.240039999999999587e+00
4.250339999999999563e+00
4.260250000000000092e+00
4.270170000000000243e+00
4.280090000000000394e+00
4.290009999999999657e+00
4.300309999999999633e+00
4.310229999999999784e+00
4.320140000000000313e+00
4.330059999999999576e+00
4.340360000000000440e+00
4.350279999999999703e+00
4.360199999999999854e+00
4.370120000000000005e+00
4.380040000000000155e+00
4.390340000000000131e+00
4.400249999999999773e+00
4.410169999999999924e+00
4.420090000000000074e+00
4.430010000000000225e+00
4.440310000000000201e+00
4.450230000000000352e+00
4.460139999999999993e+00
4.470060000000000144e+00
4.480360000000000120e+00
4.490280000000000271e+00
4.500200000000000422e+00
4.510119999999999685e+00
4.520030000000000214e+00
4.530330000000000190e+00
4.540250000000000341e+00
4.550169999999999604e+00
4.560089999999999755e+00
4.570009999999999906e+00
4.580309999999999881e+00
4.590230000000000032e+00
4.600139999999999674e+00
4.610059999999999825e+00
4.620359999999999800e+00
4.630279999999999951e+00
4.640200000000000102e+00
4.650120000000000253e+00
4.660029999999999895e+00
4.670329999999999870e+00
4.680250000000000021e+00
4.690170000000000172e+00
4.700090000000000323e+00
4.710009999999999586e+00
4.720309999999999562e+00
4.730220000000000091e+00
4.740140000000000242e+00
4.750060000000000393e+00
4.760360000000000369e+00
4.770279999999999632e+00
4.780199999999999783e+00
4.790119999999999933e+00
4.800029999999999575e+00
4.810330000000000439e+00
4.820249999999999702e+00
4.830169999999999852e+00
4.840090000000000003e+00
4.850010000000000154e+00
4.860310000000000130e+00
4.870219999999999771e+00
4.880139999999999922e+00
4.890060000000000073e+00
4.900360000000000049e+00
4.910280000000000200e+00
4.920200000000000351e+00
4.930109999999999992e+00
4.940030000000000143e+00
4.950330000000000119e+00
4.960250000000000270e+00
4.970170000000000421e+00
4.980089999999999684e+00
4.990009999999999835e+00
5.000000000000000000e+00
