8.944492583395913243e-05
8.895220526028424501e-05
8.848050492815673351e-05
8.802754746284335852e-05
8.757781324675306678e-05
8.713459828868508339e-05
8.672149851918220520e-05
8.632134267827495933e-05
8.595038525527343154e-05
8.559685375075787306e-05
8.525315206497907639e-05
8.494649227941408753e-05
8.466852887067943811e-05
8.440709643764421344e-05
8.416500349994748831e-05
8.395774057134985924e-05
8.376506593776866794e-05
8.359922503586858511e-05
8.345010428456589580e-05
8.330725540872663260e-05
8.319417975144460797e-05
8.308624819619581103e-05
8.298956527141854167e-05
8.290107507491484284e-05
8.280626207124441862e-05
8.272816194221377373e-05
8.263605559477582574e-05
8.255225111497566104e-05
8.244900527643039823e-05
8.234558481490239501e-05
8.222650649258866906e-05
8.209897350752726197e-05
8.195067493943497539e-05
8.178592543117702007e-05
8.160332072293385863e-05
8.140847057802602649e-05
8.118517871480435133e-05
8.095378871075809002e-05
8.068040915532037616e-05
8.040962711675092578e-05
8.011052705114707351e-05
7.979929796420037746e-05
7.945631659822538495e-05
7.910880231065675616e-05
7.875280425650998950e-05
7.837661541998386383e-05
7.800062303431332111e-05
7.759234722470864654e-05
7.720088615315034986e-05
7.679902046220377088e-05
7.640258263563737273e-05
7.600268872920423746e-05
7.559360528830438852e-05
7.520832150476053357e-05
7.482526416424661875e-05
7.446227391483262181e-05
7.409312820527702570e-05
7.375243876595050097e-05
7.343263860093429685e-05
7.312794332392513752e-05
7.284081948455423117e-05
7.256875687744468451e-05
7.232659845612943172e-05
7.209845352917909622e-05
7.189952157204970717e-05
7.171476318035274744e-05
7.153873593779280782e-05
7.139582157833501697e-05
7.126262789824977517e-05
7.114372419891878963e-05
7.103686220943927765e-05
7.093844760674983263e-05
7.085444667609408498e-05
7.077265036059543490e-05
7.069495040923357010e-05
7.061776705086231232e-05
7.053595618344843388e-05
7.046015525702387094e-05
7.036895112833008170e-05
7.028071559034287930e-05
7.016941526671871543e-05
7.005939551163464785e-05
6.992744602030143142e-05
6.979182944633066654e-05
6.962518091313540936e-05
6.945798668311908841e-05
6.926582136657088995e-05
6.906466296641156077e-05
6.884139293106272817e-05
6.859598215669393539e-05
6.834012310719117522e-05
6.807136378483846784e-05
6.778952956665307283e-05
6.749112799298018217e-05
6.717524956911802292e-05
6.685411790385842323e-05
6.653156742686405778e-05
6.619561463594436646e-05
6.584839866263791919e-05
6.550418765982612967e-05
6.516709254356101155e-05
6.482510798377916217e-05
6.449142529163509607e-05
6.414880772354081273e-05
6.382382707670331001e-05
6.351443153107538819e-05
6.321058754110708833e-05
6.292382022365927696e-05
6.264040712267160416e-05
6.238243076950311661e-05
6.213982123881578445e-05
6.191933061927556992e-05
6.170585402287542820e-05
6.151370325824245811e-05
6.134736031526699662e-05
6.119249155744910240e-05
6.105257489252835512e-05
6.092735202400945127e-05
6.081695028115063906e-05
6.071948155295103788e-05
6.063498949515633285e-05
6.055292396922595799e-05
6.048404975445009768e-05
6.041775122866965830e-05
6.035582191543653607e-05
6.029555152053944767e-05
6.022824163665063679e-05
6.016719999024644494e-05
6.009350181557238102e-05
6.002174632158130407e-05
5.993383820168673992e-05
5.984041490592062473e-05
5.973106453893706203e-05
5.961897113593295217e-05
5.948626858298666775e-05
5.934608634561300278e-05
5.917995440540835261e-05
5.901065742364153266e-05
5.882316690986044705e-05
5.862305624759756029e-05
5.840000085299834609e-05
5.817226337967440486e-05
5.793365198769606650e-05
5.768099435954354703e-05
5.742219218518584967e-05
5.714000872103497386e-05
5.686489021172747016e-05
5.657954534399323165e-05
5.629385486827231944e-05
5.600131771643646061e-05
5.570148277911357582e-05
5.540828351513482630e-05
5.512383359018713236e-05
5.483959466801024973e-05
5.455228892969898880e-05
5.428579243016429245e-05
5.402379611041396856e-05
5.377837806008756161e-05
5.354194217943586409e-05
5.331024294719099998e-05
5.310175401973538101e-05
5.291006164043210447e-05
5.272947964840568602e-05
5.256570148048922420e-05
5.241200415184721351e-05
5.227516521699726582e-05
5.215408600633963943e-05
5.204632543609477580e-05
5.194330151425674558e-05
5.185828194953501225e-05
5.178106221137568355e-05
5.170912481844425201e-05
5.164782123756594956e-05
5.158349813427776098e-05
5.152892481419257820e-05
5.147223782842047513e-05
5.141643487149849534e-05
5.135784886078909039e-05
5.129157943883910775e-05
5.122553920955397189e-05
5.114890518598258495e-05
5.106780008645728230e-05
5.096998575027100742e-05
5.087002500658854842e-05
5.075549415778368711e-05
5.063186836196109653e-05
5.049547326052561402e-05
5.034106288803741336e-05
5.018024603486992419e-05
5.000619421480223536e-05
4.982327300240285695e-05
4.962567618349567056e-05
4.941400766256265342e-05
4.919797356706112623e-05
4.897502731182612479e-05
4.874410660704597831e-05
4.849792094319127500e-05
4.825471842195838690e-05
4.800972965313121676e-05
4.776069181389175355e-05
4.751358574139885604e-05
4.725363396573811769e-05
4.701196303358301520e-05
4.676944445236586034e-05
4.653538780985400081e-05
4.630709372577257454e-05
4.607615119311958551e-05
4.586845170706510544e-05
4.566802817862480879e-05
4.547827120404690504e-05
4.529616853687912226e-05
4.513469320954754949e-05
4.498261478147469461e-05
4.484548844629898667e-05
4.472129512578248978e-05
4.460256968741305172e-05
4.450217602425254881e-05
4.441300552571192384e-05
4.432981222635135055e-05
4.426177110872231424e-05
4.419592733029276133e-05
4.413779606693424284e-05
4.408867971505969763e-05
4.403748971526511014e-05
4.399392491905018687e-05
4.394870120449922979e-05
4.390450703795067966e-05
4.385764259495772421e-05
4.380743121146224439e-05
4.375131902634166181e-05
4.368908048490993679e-05
4.362282925285398960e-05
4.354646080173552036e-05
4.346287096268497407e-05
4.336500205681659281e-05
4.326197085902094841e-05
4.314818579587154090e-05
4.302292290958575904e-05
4.288379204808734357e-05
4.273700324120000005e-05
4.258300759829580784e-05
4.241594069753773510e-05
4.224342046654783189e-05
4.205383447697386146e-05
4.186434671282768250e-05
4.166852522757835686e-05
4.146602441323921084e-05
4.126071507926099002e-05
4.104289109818637371e-05
4.083100793650373816e-05
4.061939034727402031e-05
4.040671774419024587e-05
4.019051993964239955e-05
3.998206739197485149e-05
3.978211680077947676e-05
3.958534580306150019e-05
3.939555972465313971e-05
3.920824383385479450e-05
3.903471952071413398e-05
3.887139246216975152e-05
3.871956869261339307e-05
3.857774572679772973e-05
3.843961530947126448e-05
3.832128641079179943e-05
3.821160862571559846e-05
3.811021815636195242e-05
3.801937782554887235e-05
3.793927317019551992e-05
3.786633533309213817e-05
3.780442420975305140e-05
3.774538345169275999e-05
3.769280374399386346e-05
3.764664143091067672e-05
3.760106483241543174e-05
3.756157093448564410e-05
3.751763142645359039e-05
3.747774098883382976e-05
3.743353590834885836e-05
3.738918167073279619e-05
3.733872654265724123e-05
3.728283627424389124e-05
3.722252222360111773e-05
3.715597995324060321e-05
3.708111034939065576e-05
3.700019442476332188e-05
3.690528683364391327e-05
3.680714507936500013e-05
3.669727084343321621e-05
3.658262721728533506e-05
3.645471224444918334e-05
3.631788786151446402e-05
3.617446418502368033e-05
3.602537981350906193e-05
3.586951788747683167e-05
3.569973341654986143e-05
3.553249189280904830e-05
3.535840733093209565e-05
3.518335142871364951e-05
3.500295497360639274e-05
3.481627209112048149e-05
3.463519897195510566e-05
3.445438051130622625e-05
3.427654519327916205e-05
3.409918281249701977e-05
3.392260987311601639e-05
3.375524102011695504e-05
3.359459515195339918e-05
3.344148353789933026e-05
3.328899401822127402e-05
3.315114736324176192e-05
3.302325058029964566e-05
3.290393942734226584e-05
3.279204611317254603e-05
3.268916043452918530e-05
3.259767981944605708e-05
3.251345333410426974e-05
3.244131221435964108e-05
3.237437340430915356e-05
3.231275331927463412e-05
3.226256012567318976e-05
3.221485530957579613e-05
3.217476478312164545e-05
3.213616946595720947e-05
3.209998976672068238e-05
3.206912515452131629e-05
3.203434243914671242e-05
3.200470382580533624e-05
3.196824764017947018e-05
3.193312659277580678e-05
3.189273411408066750e-05
3.184992601745761931e-05
3.180022031301632524e-05
3.174450830556452274e-05
3.168300463585183024e-05
3.161624044878408313e-05
3.153983561787754297e-05
3.145584196317940950e-05
3.136395753244869411e-05
3.126801311736926436e-05
3.116056177532300353e-05
3.104977440671063960e-05
3.092430779361166060e-05
3.079840462305583060e-05
3.066638964810408652e-05
3.052716056117787957e-05
3.038619252038188279e-05
3.023226054210681468e-05
3.008359271916560829e-05
2.992951340274885297e-05
2.977691474370658398e-05
2.961566315207164735e-05
2.946154199889861047e-05
2.930882692453451455e-05
2.915738332376349717e-05
2.901100924646016210e-05
2.886103720811661333e-05
2.872344157367479056e-05
2.859086271200794727e-05
2.846317329385783523e-05
2.834486804204061627e-05
2.822888200171291828e-05
2.812437378452159464e-05
2.802784001687541604e-05
2.794048305077012628e-05
2.785608558042440563e-05
2.778289490379393101e-05
2.771811341517604887e-05
2.765767931123264134e-05
2.760604002105537802e-05
2.755744571913965046e-05
2.751338251982815564e-05
2.747749749687500298e-05
2.744180346780922264e-05
2.741034222708549351e-05
2.737882459769025445e-05
2.734761255851481110e-05
2.731885433604475111e-05
2.728578874666709453e-05
2.725301783357281238e-05
2.721517739701084793e-05
2.717736970225814730e-05
2.713179310376290232e-05
2.708517786231823266e-05
2.702769597817678005e-05
2.696961200854275376e-05
2.690205110411625355e-05
2.683200000319629908e-05
2.675258656381629407e-05
2.666560976649634540e-05
2.657322511367965490e-05
2.647659857757389545e-05
2.637316174514126033e-05
2.625991874083410949e-05
2.614671757328324020e-05
2.602686618047300726e-05
2.590608346508815885e-05
2.577910345280542970e-05
2.564698115747887641e-05
2.551481702539604157e-05
2.538488479331135750e-05
2.525154559407383204e-05
2.512127139198128134e-05
2.498568392184097320e-05
2.485718141542747617e-05
2.473260792612563819e-05
2.460925861669238657e-05
2.448889244988095015e-05
2.437663169985171407e-05
2.426889477646909654e-05
2.416915413050446659e-05
2.407528700132388622e-05
2.398402830294799060e-05
2.390333247603848577e-05
2.383050195930991322e-05
2.376236989221069962e-05
2.370248694205656648e-05
2.364663851039949805e-05
2.359723112022038549e-05
2.355523974983952940e-05
2.351732473471201956e-05
2.348070484003983438e-05
2.345247958146501333e-05
2.342440711800009012e-05
2.339984166610520333e-05
2.337604746571741998e-05
2.335108001716434956e-05
2.332899566681589931e-05
2.330299139430280775e-05
2.327859510842245072e-05
2.324845627299509943e-05
2.321741158084478229e-05
2.318072438356466591e-05
2.314297489647287875e-05
2.309746196260675788e-05
2.304836016264744103e-05
2.299251718795858324e-05
2.293452052981592715e-05
2.286840026499703526e-05
2.279840555274859071e-05
2.271840276080183685e-05
2.263716851302888244e-05
2.255003710160963237e-05
2.245782707177568227e-05
2.236248656117822975e-05
2.225740536232478917e-05
2.215481799794360995e-05
2.204716292908415198e-05
2.193875116063281894e-05
2.182207026635296643e-05
2.171120831917505711e-05
2.159700670745223761e-05
2.148593921447172761e-05
2.137337651220150292e-05
2.125975152011960745e-05
2.115235474775545299e-05
2.104675331793259829e-05
2.094657611451111734e-05
2.084863081108778715e-05
2.075260090350639075e-05
2.066575871140230447e-05
2.058378959191031754e-05
2.050634793704375625e-05
2.043396489170845598e-05
2.036939076788257807e-05
2.030875111813656986e-05
2.025646790571045130e-05
2.020771353272721171e-05
2.016160033235792071e-05
2.012414915952831507e-05
2.008893534366507083e-05
2.005793248827103525e-05
2.003033114306163043e-05
2.000244967348407954e-05
1.998017069126944989e-05
1.995687489397823811e-05
1.993548721657134593e-05
1.991257340705487877e-05
1.988908297789748758e-05
1.986544702958781272e-05
1.983847505471203476e-05
1.981040441023651510e-05
1.977634565264452249e-05
1.974211045308038592e-05
1.970219818758778274e-05
1.965959199878852814e-05
1.961167254194151610e-05
1.955771222128532827e-05
1.950047953869216144e-05
1.943879397003911436e-05
1.937284832820296288e-05
1.929890458995942026e-05
1.922401133924722672e-05
1.914423592097591609e-05
1.906213765323627740e-05
1.897590118460357189e-05
1.888367296487558633e-05
1.879171213658992201e-05
1.869849074864760041e-05
1.860312841017730534e-05
1.850763328548055142e-05
1.841002813307568431e-05
1.841002813307568431e-05
