6.000999808311462402e-01
6.001206040382385254e-01
6.001409292221069336e-01
6.001608967781066895e-01
6.001802086830139160e-01
6.001988649368286133e-01
6.002166867256164551e-01
6.002336144447326660e-01
6.002443432807922363e-01
6.002596020698547363e-01
6.002737283706665039e-01
6.002867221832275391e-01
6.002984642982482910e-01
6.003088951110839844e-01
6.003180742263793945e-01
6.003234386444091797e-01
6.003302931785583496e-01
6.003357172012329102e-01
6.003397107124328613e-01
6.003422737121582031e-01
6.003433465957641602e-01
6.003428697586059570e-01
6.003417968750000000e-01
6.003389358520507812e-01
6.003345847129821777e-01
6.003288030624389648e-01
6.003215909004211426e-01
6.003130078315734863e-01
6.003031134605407715e-01
6.002919077873229980e-01
6.002837419509887695e-01
6.002705097198486328e-01
6.002560853958129883e-01
6.002405881881713867e-01
6.002241373062133789e-01
6.002066731452941895e-01
6.001883745193481445e-01
6.001757979393005371e-01
6.001563072204589844e-01
6.001362800598144531e-01
6.001158356666564941e-01
6.000951528549194336e-01
6.000745892524719238e-01
6.000549197196960449e-01
6.000429987907409668e-01
6.000305414199829102e-01
6.000320315361022949e-01
6.000460982322692871e-01
6.000649929046630859e-01
6.000852584838867188e-01
6.001059412956237793e-01
6.001265048980712891e-01
6.001400351524353027e-01
6.001600027084350586e-01
6.001793742179870605e-01
6.001980900764465332e-01
6.002159118652343750e-01
6.002328991889953613e-01
6.002488732337951660e-01
6.002590060234069824e-01
6.002731323242187500e-01
6.002861857414245605e-01
6.002979874610900879e-01
6.003085374832153320e-01
6.003177165985107422e-01
6.003255844116210938e-01
6.003300547599792480e-01
6.003355383872985840e-01
6.003395318984985352e-01
6.003421545028686523e-01
6.003432869911193848e-01
6.003429293632507324e-01
6.003410816192626953e-01
6.003390550613403320e-01
6.003347635269165039e-01
6.003290414810180664e-01
6.003218293190002441e-01
6.003133654594421387e-01
6.003034710884094238e-01
6.002923250198364258e-01
6.002799272537231445e-01
6.002709865570068359e-01
6.002566814422607422e-01
6.002411842346191406e-01
6.002247929573059082e-01
6.002073884010314941e-01
6.001891493797302246e-01
6.001701354980468750e-01
6.001571416854858398e-01
6.001371145248413086e-01
6.001167297363281250e-01
6.000960469245910645e-01
6.000754833221435547e-01
6.000557541847229004e-01
6.000385284423828125e-01
6.000308394432067871e-01
6.000315546989440918e-01
6.000453233718872070e-01
6.000640392303466797e-01
6.000843048095703125e-01
6.001049876213073730e-01
6.001256108283996582e-01
6.001458764076232910e-01
6.001591682434082031e-01
6.001785397529602051e-01
6.001973152160644531e-01
6.002151966094970703e-01
6.002322435379028320e-01
6.002482771873474121e-01
6.002632379531860352e-01
6.002725958824157715e-01
6.002857089042663574e-01
6.002975702285766602e-01
6.003081202507019043e-01
6.003174185752868652e-01
6.003252863883972168e-01
6.003317832946777344e-01
6.003352999687194824e-01
6.003394126892089844e-01
6.003420948982238770e-01
6.003432273864746094e-01
6.003429293632507324e-01
6.003411412239074707e-01
6.003379225730895996e-01
6.003349423408508301e-01
6.003292202949523926e-01
6.003221273422241211e-01
6.003136634826660156e-01
6.003038883209228516e-01
6.002927422523498535e-01
6.002804040908813477e-01
6.002668738365173340e-01
6.002572178840637207e-01
6.002418398857116699e-01
6.002254486083984375e-01
6.002080440521240234e-01
6.001898646354675293e-01
6.001709699630737305e-01
6.001513600349426270e-01
6.001380085945129395e-01
6.001176238059997559e-01
6.000969409942626953e-01
6.000764369964599609e-01
6.000565886497497559e-01
6.000391840934753418e-01
6.000293493270874023e-01
6.000311970710754395e-01
6.000445485115051270e-01
6.000631451606750488e-01
6.000834107398986816e-01
6.001040935516357422e-01
6.001246571540832520e-01
6.001449823379516602e-01
6.001648306846618652e-01
6.001777648925781250e-01
6.001964807510375977e-01
6.002144217491149902e-01
6.002315282821655273e-01
6.002476215362548828e-01
6.002627015113830566e-01
6.002765893936157227e-01
6.002852320671081543e-01
6.002971529960632324e-01
6.003077626228332520e-01
6.003170609474182129e-01
6.003249883651733398e-01
6.003315448760986328e-01
6.003366708755493164e-01
6.003392338752746582e-01
6.003419756889343262e-01
6.003431677818298340e-01
6.003429293632507324e-01
6.003412008285522461e-01
6.003380417823791504e-01
6.003333330154418945e-01
6.003294587135314941e-01
6.003224253654479980e-01
6.003140211105346680e-01
6.003042459487915039e-01
6.002932190895080566e-01
6.002808809280395508e-01
6.002674102783203125e-01
6.002528071403503418e-01
6.002424359321594238e-01
6.002261042594909668e-01
6.002087593078613281e-01
6.001906394958496094e-01
6.001717448234558105e-01
6.001521944999694824e-01
6.001321077346801758e-01
6.001185178756713867e-01
6.000978946685791016e-01
6.000773310661315918e-01
6.000574231147766113e-01
6.000398993492126465e-01
6.000295281410217285e-01
6.000340580940246582e-01
6.000437140464782715e-01
6.000621914863586426e-01
6.000824570655822754e-01
6.001031398773193359e-01
6.001237630844116211e-01
6.001440882682800293e-01
6.001639962196350098e-01
6.001832485198974609e-01
6.001957058906555176e-01
6.002137064933776855e-01
6.002308726310729980e-01
6.002469658851623535e-01
6.002621054649353027e-01
6.002760529518127441e-01
6.002888679504394531e-01
6.002966761589050293e-01
6.003073453903198242e-01
6.003167033195495605e-01
6.003247499465942383e-01
6.003313064575195312e-01
6.003364920616149902e-01
6.003401875495910645e-01
6.003418564796447754e-01
6.003431677818298340e-01
6.003429293632507324e-01
6.003412604331970215e-01
6.003381013870239258e-01
6.003335118293762207e-01
6.003274917602539062e-01
6.003200411796569824e-01
6.003143191337585449e-01
6.003046035766601562e-01
6.002936363220214844e-01
6.002813577651977539e-01
6.002679467201232910e-01
6.002533435821533203e-01
6.002377271652221680e-01
6.002267599105834961e-01
6.002094745635986328e-01
6.001914143562316895e-01
6.001725196838378906e-01
6.001530289649963379e-01
6.001330018043518066e-01
6.001125574111938477e-01
6.000987887382507324e-01
6.000782251358032227e-01
6.000583171844482422e-01
6.000405550003051758e-01
6.000297069549560547e-01
6.000335216522216797e-01
6.000487208366394043e-01
6.000612974166870117e-01
6.000815033912658691e-01
6.001022458076477051e-01
6.001228690147399902e-01
6.001432538032531738e-01
6.001631021499633789e-01
6.001824736595153809e-01
6.002010703086853027e-01
6.002129912376403809e-01
6.002301573753356934e-01
6.002463102340698242e-01
6.002615094184875488e-01
6.002755165100097656e-01
6.002883315086364746e-01
6.002999544143676758e-01
6.003069281578063965e-01
6.003163456916809082e-01
6.003244519233703613e-01
6.003310680389404297e-01
6.003363132476806641e-01
6.003400683403015137e-01
6.003423929214477539e-01
6.003431081771850586e-01
6.003429293632507324e-01
6.003413200378417969e-01
6.003382205963134766e-01
6.003336906433105469e-01
6.003277301788330078e-01
6.003203392028808594e-01
6.003115773200988770e-01
6.003050208091735840e-01
6.002940535545349121e-01
6.002818346023559570e-01
6.002684831619262695e-01
6.002539396286010742e-01
6.002383232116699219e-01
6.002217531204223633e-01
6.002101898193359375e-01
6.001921296119689941e-01
6.001732945442199707e-01
6.001538634300231934e-01
6.001338362693786621e-01
6.001134514808654785e-01
6.000928282737731934e-01
6.000791192054748535e-01
6.000591516494750977e-01
6.000412702560424805e-01
6.000298857688903809e-01
6.000329852104187012e-01
6.000478863716125488e-01
6.000670194625854492e-01
6.000806093215942383e-01
6.001012921333312988e-01
6.001219749450683594e-01
6.001423597335815430e-01
6.001622676849365234e-01
6.001816391944885254e-01
6.002002954483032227e-01
6.002180576324462891e-01
6.002294421195983887e-01
6.002456545829772949e-01
6.002609133720397949e-01
6.002749204635620117e-01
6.002878546714782715e-01
6.002995371818542480e-01
6.003098487854003906e-01
6.003159880638122559e-01
6.003241539001464844e-01
6.003308296203613281e-01
6.003360748291015625e-01
6.003398895263671875e-01
6.003422737121582031e-01
6.003431677818298340e-01
6.003429293632507324e-01
6.003413796424865723e-01
6.003383398056030273e-01
6.003338694572448730e-01
6.003279685974121094e-01
6.003205776214599609e-01
6.003118753433227539e-01
6.003018617630004883e-01
6.002944707870483398e-01
6.002823114395141602e-01
6.002689599990844727e-01
6.002544760704040527e-01
6.002389788627624512e-01
6.002224087715148926e-01
6.002049446105957031e-01
6.001928448677062988e-01
6.001741290092468262e-01
6.001546382904052734e-01
6.001347303390502930e-01
6.001143455505371094e-01
6.000937223434448242e-01
6.000732779502868652e-01
6.000600457191467285e-01
6.000420451164245605e-01
6.000301837921142578e-01
6.000325083732604980e-01
6.000470519065856934e-01
6.000660657882690430e-01
6.000865697860717773e-01
6.001003980636596680e-01
6.001210808753967285e-01
6.001414656639099121e-01
6.001614332199096680e-01
6.001808047294616699e-01
6.001995205879211426e-01
6.002173423767089844e-01
6.002342700958251953e-01
6.002449989318847656e-01
6.002603173255920410e-01
6.002743840217590332e-01
6.002873778343200684e-01
6.002990603446960449e-01
6.003094315528869629e-01
6.003185510635375977e-01
6.003238558769226074e-01
6.003305912017822266e-01
6.003358960151672363e-01
6.003397703170776367e-01
6.003422141075134277e-01
6.003431677818298340e-01
6.003425717353820801e-01
6.003414392471313477e-01
6.003384590148925781e-01
6.003340482711791992e-01
6.003281474113464355e-01
6.003208756446838379e-01
6.003122329711914062e-01
6.003022789955139160e-01
6.002910137176513672e-01
6.002827882766723633e-01
6.002694964408874512e-01
6.002550721168518066e-01
6.002395749092102051e-01
6.002230644226074219e-01
6.002056598663330078e-01
6.001874208450317383e-01
6.001749038696289062e-01
6.001554727554321289e-01
6.001355648040771484e-01
6.001152396202087402e-01
6.000946164131164551e-01
6.000741720199584961e-01
6.000545620918273926e-01
6.000427603721618652e-01
6.000304818153381348e-01
6.000320911407470703e-01
6.000462174415588379e-01
6.000651717185974121e-01
6.000856161117553711e-01
6.001063585281372070e-01
6.001269817352294922e-01
6.001405715942382812e-01
6.001605987548828125e-01
6.001800298690795898e-01
6.001986861228942871e-01
6.002166271209716797e-01
6.002336144447326660e-01
6.002495884895324707e-01
6.002597212791442871e-01
6.002738475799560547e-01
6.002868413925170898e-01
6.002986431121826172e-01
6.003090739250183105e-01
6.003181934356689453e-01
6.003259420394897461e-01
6.003303527832031250e-01
6.003357172012329102e-01
6.003396511077880859e-01
6.003420948982238770e-01
6.003431081771850586e-01
6.003426313400268555e-01
6.003406643867492676e-01
6.003385782241821289e-01
6.003342270851135254e-01
6.003283858299255371e-01
6.003211736679077148e-01
6.003125905990600586e-01
6.003026366233825684e-01
6.002914309501647949e-01
6.002789735794067383e-01
6.002700328826904297e-01
6.002556085586547852e-01
6.002401709556579590e-01
6.002237200736999512e-01
6.002063751220703125e-01
6.001881957054138184e-01
6.001693010330200195e-01
6.001563072204589844e-01
6.001363992691040039e-01
6.001161336898803711e-01
6.000955700874328613e-01
6.000750660896301270e-01
6.000553965568542480e-01
6.000382900238037109e-01
6.000307798385620117e-01
6.000316143035888672e-01
6.000454425811767578e-01
6.000642180442810059e-01
6.000846624374389648e-01
6.001054644584655762e-01
6.001260876655578613e-01
6.001464128494262695e-01
6.001597046852111816e-01
6.001791954040527344e-01
6.001979112625122070e-01
6.002158522605895996e-01
6.002328991889953613e-01
6.002489328384399414e-01
6.002639532089233398e-01
6.002733111381530762e-01
6.002863645553588867e-01
6.002981662750244141e-01
6.003086566925048828e-01
6.003178954124450684e-01
6.003257036209106445e-01
6.003320813179016113e-01
6.003354787826538086e-01
6.003394722938537598e-01
6.003420352935791016e-01
6.003430485725402832e-01
6.003426313400268555e-01
6.003407239913940430e-01
6.003373861312866211e-01
6.003343462944030762e-01
6.003286242485046387e-01
6.003214120864868164e-01
6.003128886222839355e-01
6.003030538558959961e-01
6.002918481826782227e-01
6.002794504165649414e-01
6.002658605575561523e-01
6.002562046051025391e-01
6.002408266067504883e-01
6.002244353294372559e-01
6.002070903778076172e-01
6.001889705657958984e-01
6.001700758934020996e-01
6.001505851745605469e-01
6.001372933387756348e-01
6.001169681549072266e-01
6.000964641571044922e-01
6.000759601593017578e-01
6.000562310218811035e-01
6.000390052795410156e-01
6.000293493270874023e-01
6.000312566757202148e-01
6.000446081161499023e-01
6.000633239746093750e-01
6.000837087631225586e-01
6.001045107841491699e-01
6.001251935958862305e-01
6.001455783843994141e-01
6.001654267311096191e-01
6.001783609390258789e-01
6.001971364021301270e-01
6.002151370048522949e-01
6.002322435379028320e-01
6.002483367919921875e-01
6.002633571624755859e-01
6.002772450447082520e-01
6.002858877182006836e-01
6.002977490425109863e-01
6.003082990646362305e-01
6.003175377845764160e-01
6.003254055976867676e-01
6.003318428993225098e-01
6.003367900848388672e-01
6.003393530845642090e-01
6.003419160842895508e-01
6.003430485725402832e-01
6.003426313400268555e-01
6.003407835960388184e-01
6.003375649452209473e-01
6.003327965736389160e-01
6.003288030624389648e-01
6.003217101097106934e-01
6.003132462501525879e-01
6.003034114837646484e-01
6.002922654151916504e-01
6.002799272537231445e-01
6.002663969993591309e-01
6.002517342567443848e-01
6.002414226531982422e-01
6.002250909805297852e-01
6.002078056335449219e-01
6.001896858215332031e-01
6.001709103584289551e-01
6.001514196395874023e-01
6.001314520835876465e-01
6.001178622245788574e-01
6.000973582267761230e-01
6.000769138336181641e-01
6.000571250915527344e-01
6.000396609306335449e-01
6.000294685363769531e-01
6.000341176986694336e-01
6.000438332557678223e-01
6.000624299049377441e-01
6.000828146934509277e-01
6.001036167144775391e-01
6.001242995262145996e-01
6.001446843147277832e-01
6.001645922660827637e-01
6.001839041709899902e-01
6.001963615417480469e-01
6.002143621444702148e-01
6.002315282821655273e-01
6.002476811408996582e-01
6.002627611160278320e-01
6.002767086029052734e-01
6.002894639968872070e-01
6.002972722053527832e-01
6.003078818321228027e-01
6.003171801567077637e-01
6.003251075744628906e-01
6.003316044807434082e-01
6.003366112709045410e-01
6.003402471542358398e-01
6.003418564796447754e-01
6.003429889678955078e-01
6.003426313400268555e-01
6.003408432006835938e-01
6.003376841545104980e-01
6.003329753875732422e-01
6.003268361091613770e-01
6.003219485282897949e-01
6.003135442733764648e-01
6.003037691116333008e-01
6.002926826477050781e-01
6.002804040908813477e-01
6.002669334411621094e-01
6.002523303031921387e-01
6.002367138862609863e-01
6.002257466316223145e-01
6.002085208892822266e-01
6.001904606819152832e-01
6.001716852188110352e-01
6.001522541046142578e-01
6.001322865486145020e-01
6.001119613647460938e-01
6.000982522964477539e-01
6.000778079032897949e-01
6.000579595565795898e-01
6.000403761863708496e-01
6.000296473503112793e-01
6.000335812568664551e-01
6.000488400459289551e-01
6.000614762306213379e-01
6.000818610191345215e-01
6.001026630401611328e-01
6.001234054565429688e-01
6.001437902450561523e-01
6.001637578010559082e-01
6.001830697059631348e-01
6.002017259597778320e-01
6.002136468887329102e-01
6.002308130264282227e-01
6.002470254898071289e-01
6.002621650695800781e-01
6.002761721611022949e-01
6.002889871597290039e-01
6.003005504608154297e-01
6.003074645996093750e-01
6.003168225288391113e-01
6.003248095512390137e-01
6.003313660621643066e-01
6.003364324569702148e-01
6.003401279449462891e-01
6.003422737121582031e-01
6.003429293632507324e-01
6.003426313400268555e-01
6.003409624099731445e-01
6.003378033638000488e-01
6.003331542015075684e-01
6.003270745277404785e-01
6.003195643424987793e-01
6.003107428550720215e-01
6.003041267395019531e-01
6.002931594848632812e-01
6.002808809280395508e-01
6.002674698829650879e-01
6.002529263496398926e-01
6.002373099327087402e-01
6.002207398414611816e-01
6.002091765403747559e-01
6.001912355422973633e-01
6.001724600791931152e-01
6.001530885696411133e-01
6.001331806182861328e-01
6.001128554344177246e-01
6.000923514366149902e-01
6.000787019729614258e-01
6.000588536262512207e-01
6.000410914421081543e-01
6.000298857688903809e-01
6.000331044197082520e-01
6.000480055809020996e-01
6.000672578811645508e-01
6.000809073448181152e-01
6.001017093658447266e-01
6.001225113868713379e-01
6.001428961753845215e-01
6.001629233360290527e-01
6.001822948455810547e-01
6.002009510993957520e-01
6.002187728881835938e-01
6.002301573753356934e-01
6.002463698387145996e-01
6.002615690231323242e-01
6.002756357192993164e-01
6.002885103225708008e-01
6.003000736236572266e-01
6.003103852272033691e-01
6.003164649009704590e-01
6.003245115280151367e-01
6.003311276435852051e-01
6.003362536430358887e-01
6.003399491310119629e-01
6.003422141075134277e-01
6.003429889678955078e-01
6.003426909446716309e-01
6.003410220146179199e-01
6.003378629684448242e-01
6.003333330154418945e-01
6.003273129463195801e-01
6.003198623657226562e-01
6.003111004829406738e-01
6.003010272979736328e-01
6.002935767173767090e-01
6.002813577651977539e-01
6.002680063247680664e-01
6.002534627914428711e-01
6.002379655838012695e-01
6.002213954925537109e-01
6.002039909362792969e-01
6.001919507980346680e-01
6.001732349395751953e-01
6.001539230346679688e-01
6.001340150833129883e-01
6.001137495040893555e-01
6.000932455062866211e-01
6.000728607177734375e-01
6.000597476959228516e-01
6.000418066978454590e-01
6.000301241874694824e-01
6.000325679779052734e-01
6.000471711158752441e-01
6.000663042068481445e-01
6.000869274139404297e-01
6.001008152961730957e-01
6.001215577125549316e-01
6.001420617103576660e-01
6.001620292663574219e-01
6.001814603805541992e-01
6.002001762390136719e-01
6.002179980278015137e-01
6.002349853515625000e-01
6.002457141876220703e-01
6.002609729766845703e-01
6.002750396728515625e-01
6.002879738807678223e-01
6.002996563911437988e-01
6.003099679946899414e-01
6.003189682960510254e-01
6.003242135047912598e-01
6.003308892250061035e-01
6.003360748291015625e-01
6.003398299217224121e-01
6.003421545028686523e-01
6.003429889678955078e-01
6.003422737121582031e-01
6.003410816192626953e-01
6.003379821777343750e-01
6.003334522247314453e-01
6.003274917602539062e-01
6.003201603889465332e-01
6.003114581108093262e-01
6.003013849258422852e-01
6.002900600433349609e-01
6.002818346023559570e-01
6.002685427665710449e-01
6.002540588378906250e-01
6.002385616302490234e-01
6.002221107482910156e-01
6.002047061920166016e-01
6.001865267753601074e-01
6.001740097999572754e-01
6.001546978950500488e-01
6.001348495483398438e-01
6.001146435737609863e-01
6.000941395759582520e-01
6.000737547874450684e-01
6.000542640686035156e-01
6.000425219535827637e-01
6.000304222106933594e-01
6.000321507453918457e-01
6.000463366508483887e-01
6.000654101371765137e-01
6.000859737396240234e-01
6.001068353652954102e-01
6.001206636428833008e-01
6.001411676406860352e-01
6.001611948013305664e-01
6.001806259155273438e-01
6.001994013786315918e-01
6.002172827720642090e-01
6.002342700958251953e-01
6.002503037452697754e-01
6.002603769302368164e-01
6.002745032310485840e-01
6.002874970436096191e-01
6.002992391586303711e-01
6.003096103668212891e-01
6.003186702728271484e-01
6.003262996673583984e-01
6.003306508064270020e-01
6.003358960151672363e-01
6.003397107124328613e-01
6.003420352935791016e-01
6.003429293632507324e-01
6.003423333168029785e-01
6.003403067588806152e-01
6.003381013870239258e-01
6.003336310386657715e-01
6.003277301788330078e-01
6.003203988075256348e-01
6.003117561340332031e-01
6.003018021583557129e-01
6.002904772758483887e-01
6.002780199050903320e-01
6.002690196037292480e-01
6.002545952796936035e-01
6.002391576766967773e-01
6.002227663993835449e-01
6.002054214477539062e-01
6.001873016357421875e-01
6.001684665679931641e-01
6.001555323600769043e-01
6.001357436180114746e-01
6.001155376434326172e-01
6.000950336456298828e-01
6.000746488571166992e-01
6.000550985336303711e-01
6.000381708145141602e-01
6.000307202339172363e-01
6.000316739082336426e-01
6.000455021858215332e-01
6.000644564628601074e-01
6.000850200653076172e-01
6.001059412956237793e-01
6.001266241073608398e-01
6.001470088958740234e-01
6.001603603363037109e-01
6.001798510551452637e-01
6.001986265182495117e-01
6.002165675163269043e-01
6.002336144447326660e-01
6.002496480941772461e-01
6.002646684646606445e-01
6.002739667892456055e-01
6.002870202064514160e-01
6.002987623214721680e-01
6.003091931343078613e-01
6.003183126449584961e-01
6.003260016441345215e-01
6.003323197364807129e-01
6.003356575965881348e-01
6.003395318984985352e-01
6.003419756889343262e-01
6.003429293632507324e-01
6.003423333168029785e-01
6.003403663635253906e-01
6.003369092941284180e-01
6.003338098526000977e-01
6.003279685974121094e-01
6.003206968307495117e-01
6.003121137619018555e-01
6.003021597862243652e-01
6.002909541130065918e-01
6.002784967422485352e-01
6.002649068832397461e-01
6.002551913261413574e-01
6.002398133277893066e-01
6.002234220504760742e-01
6.002061367034912109e-01
6.001880764961242676e-01
6.001692414283752441e-01
6.001498103141784668e-01
6.001365780830383301e-01
6.001163721084594727e-01
6.000959277153015137e-01
6.000756025314331055e-01
6.000559329986572266e-01
6.000388264656066895e-01
6.000292897224426270e-01
6.000313162803649902e-01
6.000447273254394531e-01
6.000635623931884766e-01
6.000841259956359863e-01
6.001049876213073730e-01
6.001257300376892090e-01
6.001461744308471680e-01
6.001660823822021484e-01
6.001790165901184082e-01
6.001978516578674316e-01
6.002157926559448242e-01
6.002328991889953613e-01
6.002489924430847168e-01
6.002640724182128906e-01
6.002779006958007812e-01
6.002864837646484375e-01
6.002983450889587402e-01
6.003088355064392090e-01
6.003179550170898438e-01
6.003257632255554199e-01
6.003320813179016113e-01
6.003369688987731934e-01
6.003394126892089844e-01
6.003418564796447754e-01
6.003428697586059570e-01
6.003423333168029785e-01
6.003404259681701660e-01
6.003370285034179688e-01
6.003322005271911621e-01
6.003282070159912109e-01
6.003209948539733887e-01
6.003124117851257324e-01
6.003025174140930176e-01
6.002913713455200195e-01
6.002789735794067383e-01
6.002654433250427246e-01
6.002507209777832031e-01
6.002404093742370605e-01
6.002240777015686035e-01
6.002068519592285156e-01
6.001887917518615723e-01
6.001700758934020996e-01
6.001506447792053223e-01
6.001307964324951172e-01
6.001172661781311035e-01
6.000968813896179199e-01
6.000764966011047363e-01
6.000568270683288574e-01
6.000394821166992188e-01
6.000294685363769531e-01
6.000342369079589844e-01
6.000439524650573730e-01
6.000626683235168457e-01
6.000831723213195801e-01
6.001040339469909668e-01
6.001248359680175781e-01
6.001452803611755371e-01
6.001652479171752930e-01
6.001845598220825195e-01
6.001970767974853516e-01
6.002150774002075195e-01
6.002322435379028320e-01
6.002483963966369629e-01
6.002634763717651367e-01
6.002773642539978027e-01
6.002901196479797363e-01
6.002978682518005371e-01
6.003084182739257812e-01
6.003176569938659668e-01
6.003254652023315430e-01
6.003318428993225098e-01
6.003367900848388672e-01
6.003402471542358398e-01
6.003417968750000000e-01
6.003428101539611816e-01
6.003423929214477539e-01
6.003404855728149414e-01
6.003372073173522949e-01
6.003323793411254883e-01
6.003261804580688477e-01
6.003212332725524902e-01
6.003127694129943848e-01
6.003029346466064453e-01
6.002917885780334473e-01
6.002794504165649414e-01
6.002659797668457031e-01
6.002513170242309570e-01
6.002357006072998047e-01
6.002247333526611328e-01
6.002075672149658203e-01
6.001895666122436523e-01
6.001708507537841797e-01
6.001514792442321777e-01
6.001316308975219727e-01
6.001113653182983398e-01
6.000977754592895508e-01
6.000773906707763672e-01
6.000576615333557129e-01
6.000401973724365234e-01
6.000295877456665039e-01
6.000336408615112305e-01
6.000489592552185059e-01
6.000617146492004395e-01
6.000822186470031738e-01
6.001031398773193359e-01
6.001239418983459473e-01
6.001443862915039062e-01
6.001643538475036621e-01
6.001837253570556641e-01
6.002023816108703613e-01
6.002143621444702148e-01
6.002315282821655273e-01
6.002477407455444336e-01
6.002628803253173828e-01
6.002768278121948242e-01
6.002895832061767578e-01
6.003010869026184082e-01
6.003080010414123535e-01
6.003172993659973145e-01
6.003251671791076660e-01
6.003316044807434082e-01
6.003366112709045410e-01
6.003401279449462891e-01
6.003422141075134277e-01
6.003428101539611816e-01
6.003423929214477539e-01
6.003405451774597168e-01
6.003373265266418457e-01
6.003325581550598145e-01
6.003264188766479492e-01
6.003188490867614746e-01
6.003130674362182617e-01
6.003032922744750977e-01
6.002922058105468750e-01
6.002799272537231445e-01
6.002664566040039062e-01
6.002519130706787109e-01
6.002363562583923340e-01
6.002197861671447754e-01
6.002082824707031250e-01
6.001903414726257324e-01
6.001716256141662598e-01
6.001523137092590332e-01
6.001324653625488281e-01
6.001122593879699707e-01
6.000918745994567871e-01
6.000782847404479980e-01
6.000585556030273438e-01
6.000408530235290527e-01
6.000298261642456055e-01
6.000331640243530273e-01
6.000481247901916504e-01
6.000675559043884277e-01
6.000812649726867676e-01
6.001021862030029297e-01
6.001229882240295410e-01
6.001434922218322754e-01
6.001635193824768066e-01
6.001829504966735840e-01
6.002016067504882812e-01
6.002194881439208984e-01
6.002308130264282227e-01
6.002470850944519043e-01
6.002622842788696289e-01
6.002762913703918457e-01
6.002891063690185547e-01
6.003006696701049805e-01
6.003108620643615723e-01
6.003169417381286621e-01
6.003248691558837891e-01
6.003313660621643066e-01
6.003363728523254395e-01
6.003400087356567383e-01
6.003421545028686523e-01
6.003428101539611816e-01
6.003423929214477539e-01
6.003406643867492676e-01
6.003374457359313965e-01
6.003327369689941406e-01
6.003266572952270508e-01
6.003191471099853516e-01
6.003102660179138184e-01
6.003001332283020020e-01
6.002926230430603027e-01
6.002804040908813477e-01
6.002669930458068848e-01
6.002525091171264648e-01
6.002369523048400879e-01
6.002204418182373047e-01
6.002030968666076660e-01
6.001910567283630371e-01
6.001724004745483398e-01
6.001531481742858887e-01
6.001333594322204590e-01
6.001131534576416016e-01
6.000927686691284180e-01
6.000725030899047852e-01
6.000593900680541992e-01
6.000416278839111328e-01
6.000300645828247070e-01
6.000326275825500488e-01
6.000472903251647949e-01
6.000666022300720215e-01
6.000872850418090820e-01
6.001012921333312988e-01
6.001220941543579102e-01
6.001426577568054199e-01
6.001626849174499512e-01
6.001821160316467285e-01
6.002008318901062012e-01
6.002187132835388184e-01
6.002357006072998047e-01
6.002464294433593750e-01
6.002616882324218750e-01
6.002756953239440918e-01
6.002886295318603516e-01
6.003002524375915527e-01
6.003105044364929199e-01
6.003193855285644531e-01
6.003245711326599121e-01
6.003311276435852051e-01
6.003361940383911133e-01
6.003398895263671875e-01
6.003420948982238770e-01
6.003428101539611816e-01
6.003419756889343262e-01
6.003407239913940430e-01
6.003375649452209473e-01
6.003329157829284668e-01
6.003268361091613770e-01
6.003193855285644531e-01
6.003106236457824707e-01
6.003004908561706543e-01
6.002891063690185547e-01
6.002808809280395508e-01
6.002675294876098633e-01
6.002530455589294434e-01
6.002376079559326172e-01
6.002210974693298340e-01
6.002038121223449707e-01
6.001856923103332520e-01
6.001732349395751953e-01
6.001539826393127441e-01
6.001341938972473145e-01
6.001140475273132324e-01
6.000936627388000488e-01
6.000733971595764160e-01
6.000539660453796387e-01
6.000423431396484375e-01
6.000303626060485840e-01
6.000322103500366211e-01
6.000464558601379395e-01
6.000656485557556152e-01
6.000863909721374512e-01
6.001073122024536133e-01
6.001212000846862793e-01
6.001417636871337891e-01
6.001618504524230957e-01
6.001813411712646484e-01
6.002000570297241211e-01
6.002179980278015137e-01
6.002349853515625000e-01
6.002510190010070801e-01
6.002610921859741211e-01
6.002751588821411133e-01
6.002881526947021484e-01
6.002997756004333496e-01
6.003100872039794922e-01
6.003190875053405762e-01
6.003266572952270508e-01
6.003308892250061035e-01
6.003360152244567871e-01
6.003397703170776367e-01
6.003419756889343262e-01
6.003427505493164062e-01
6.003420352935791016e-01
6.003398895263671875e-01
6.003376841545104980e-01
6.003330945968627930e-01
6.003270745277404785e-01
6.003196835517883301e-01
6.003109812736511230e-01
6.003009080886840820e-01
6.002895832061767578e-01
6.002770662307739258e-01
6.002680659294128418e-01
6.002536416053771973e-01
6.002382040023803711e-01
6.002218127250671387e-01
6.002045273780822754e-01
6.001864075660705566e-01
6.001676917076110840e-01
6.001548171043395996e-01
6.001350879669189453e-01
6.001149415969848633e-01
6.000945568084716797e-01
6.000742912292480469e-01
6.000548005104064941e-01
6.000379920005798340e-01
6.000306606292724609e-01
6.000317335128784180e-01
6.000456213951110840e-01
6.000647544860839844e-01
6.000854372978210449e-01
6.001063585281372070e-01
6.001272201538085938e-01
6.001408696174621582e-01
6.001609563827514648e-01
6.001805067062377930e-01
6.001992821693420410e-01
6.002172827720642090e-01
6.002343297004699707e-01
6.002503633499145508e-01
6.002653241157531738e-01
6.002746224403381348e-01
6.002876162528991699e-01
6.002993583679199219e-01
6.003096699714660645e-01
6.003187298774719238e-01
6.003263592720031738e-01
6.003325581550598145e-01
6.003358364105224609e-01
6.003395915031433105e-01
6.003419160842895508e-01
6.003427505493164062e-01
6.003420352935791016e-01
6.003399491310119629e-01
6.003364324569702148e-01
6.003332734107971191e-01
6.003273129463195801e-01
6.003199815750122070e-01
6.003112792968750000e-01
6.003012657165527344e-01
6.002900004386901855e-01
6.002775430679321289e-01
6.002638936042785645e-01
6.002541780471801758e-01
6.002388000488281250e-01
6.002224683761596680e-01
6.002052426338195801e-01
6.001871824264526367e-01
6.001684665679931641e-01
6.001490950584411621e-01
6.001359224319458008e-01
6.001158356666564941e-01
6.000954508781433105e-01
6.000751852989196777e-01
6.000556349754333496e-01
6.000386476516723633e-01
6.000292897224426270e-01
6.000313162803649902e-01
6.000448465347290039e-01
6.000638008117675781e-01
6.000844836235046387e-01
6.001054644584655762e-01
6.001262664794921875e-01
6.001467704772949219e-01
6.001667380332946777e-01
6.001796722412109375e-01
6.001985073089599609e-01
6.002165079116821289e-01
6.002336144447326660e-01
6.002497076988220215e-01
6.002647280693054199e-01
6.002785563468933105e-01
6.002871394157409668e-01
6.002988815307617188e-01
6.003093123435974121e-01
6.003184318542480469e-01
6.003260612487792969e-01
6.003323197364807129e-01
6.003370881080627441e-01
6.003394722938537598e-01
6.003418564796447754e-01
6.003426909446716309e-01
6.003420948982238770e-01
6.003400683403015137e-01
6.003365516662597656e-01
6.003316044807434082e-01
6.003275513648986816e-01
6.003202199935913086e-01
6.003116369247436523e-01
6.003016829490661621e-01
6.002904176712036133e-01
6.002780199050903320e-01
6.002644300460815430e-01
6.002497673034667969e-01
6.002394556999206543e-01
6.002231240272521973e-01
6.002059578895568848e-01
6.001879572868347168e-01
6.001692414283752441e-01
6.001499295234680176e-01
6.001301407814025879e-01
6.001166701316833496e-01
6.000963449478149414e-01
6.000760793685913086e-01
6.000565290451049805e-01
6.000393033027648926e-01
6.000294089317321777e-01
6.000342965126037598e-01
6.000440716743469238e-01
6.000629067420959473e-01
6.000835299491882324e-01
6.001045107841491699e-01
6.001253724098205566e-01
6.001458764076232910e-01
6.001659035682678223e-01
6.001852154731750488e-01
6.001977324485778809e-01
6.002157926559448242e-01
6.002329587936401367e-01
6.002490520477294922e-01
6.002641320228576660e-01
6.002780199050903320e-01
6.002907156944274902e-01
6.002984642982482910e-01
6.003088951110839844e-01
6.003180742263793945e-01
6.003258228302001953e-01
6.003320813179016113e-01
6.003369092941284180e-01
6.003403067588806152e-01
6.003417372703552246e-01
6.003426909446716309e-01
6.003420948982238770e-01
6.003401279449462891e-01
6.003366708755493164e-01
6.003317832946777344e-01
6.003254652023315430e-01
6.003205180168151855e-01
6.003119349479675293e-01
6.003020405769348145e-01
6.002908945083618164e-01
6.002784967422485352e-01
6.002649664878845215e-01
6.002503633499145508e-01
6.002347469329833984e-01
6.002237796783447266e-01
6.002066135406494141e-01
6.001886725425720215e-01
6.001700162887573242e-01
6.001507639884948730e-01
6.001309752464294434e-01
6.001108288764953613e-01
6.000972390174865723e-01
6.000769734382629395e-01
6.000573635101318359e-01
6.000400185585021973e-01
6.000295877456665039e-01
6.000337004661560059e-01
6.000490784645080566e-01
6.000620126724243164e-01
6.000825762748718262e-01
6.001036167144775391e-01
6.001244783401489258e-01
6.001449823379516602e-01
6.001650691032409668e-01
6.001844406127929688e-01
6.002030968666076660e-01
6.002150774002075195e-01
6.002322435379028320e-01
6.002484560012817383e-01
6.002635359764099121e-01
6.002774834632873535e-01
6.002902388572692871e-01
6.003016233444213867e-01
6.003085374832153320e-01
6.003177165985107422e-01
6.003255248069763184e-01
6.003318428993225098e-01
6.003367304801940918e-01
6.003401875495910645e-01
6.003421545028686523e-01
6.003426313400268555e-01
6.003421545028686523e-01
6.003401875495910645e-01
6.003368496894836426e-01
6.003319621086120605e-01
6.003257036209106445e-01
6.003180742263793945e-01
6.003122925758361816e-01
6.003023982048034668e-01
6.002913117408752441e-01
6.002789735794067383e-01
6.002655029296875000e-01
6.002508997917175293e-01
6.002353429794311523e-01
6.002188324928283691e-01
6.002073287963867188e-01
6.001894474029541016e-01
6.001708507537841797e-01
6.001515984535217285e-01
6.001318693161010742e-01
6.001117229461669922e-01
6.000913977622985840e-01
6.000778675079345703e-01
6.000582575798034668e-01
6.000406742095947266e-01
6.000297665596008301e-01
6.000332236289978027e-01
6.000482439994812012e-01
6.000678539276123047e-01
6.000816822052001953e-01
6.001026630401611328e-01
6.001235842704772949e-01
6.001441478729248047e-01
6.001641750335693359e-01
6.001836061477661133e-01
6.002023220062255859e-01
6.002201437950134277e-01
6.002315282821655273e-01
6.002478003501892090e-01
6.002629399299621582e-01
6.002769470214843750e-01
6.002897024154663086e-01
6.003012061119079590e-01
6.003113389015197754e-01
6.003173589706420898e-01
6.003252267837524414e-01
6.003316044807434082e-01
6.003365516662597656e-01
6.003400683403015137e-01
6.003420948982238770e-01
6.003426313400268555e-01
6.003421545028686523e-01
6.003402471542358398e-01
6.003369688987731934e-01
6.003321409225463867e-01
6.003259420394897461e-01
6.003183722496032715e-01
6.003094911575317383e-01
6.003028154373168945e-01
6.002917289733886719e-01
6.002794504165649414e-01
6.002660393714904785e-01
6.002514958381652832e-01
6.002359986305236816e-01
6.002194881439208984e-01
6.002022027969360352e-01
6.001901626586914062e-01
6.001716256141662598e-01
6.001524329185485840e-01
6.001327037811279297e-01
6.001126170158386230e-01
6.000922918319702148e-01
6.000721454620361328e-01
6.000590920448303223e-01
6.000413894653320312e-01
6.000300049781799316e-01
6.000326871871948242e-01
6.000474095344543457e-01
6.000669002532958984e-01
6.000877022743225098e-01
6.001017093658447266e-01
6.001226305961608887e-01
6.001432538032531738e-01
6.001633405685424805e-01
6.001828312873840332e-01
6.002015471458435059e-01
6.002194285392761230e-01
6.002363562583923340e-01
6.002471446990966797e-01
6.002623438835144043e-01
6.002763509750366211e-01
6.002892255783081055e-01
6.003007888793945312e-01
6.003109812736511230e-01
6.003198027610778809e-01
6.003249287605285645e-01
6.003313660621643066e-01
6.003363728523254395e-01
6.003399491310119629e-01
6.003419756889343262e-01
6.003425717353820801e-01
6.003417372703552246e-01
6.003403663635253906e-01
6.003370881080627441e-01
6.003323197364807129e-01
6.003261804580688477e-01
6.003186702728271484e-01
6.003097891807556152e-01
6.002996563911437988e-01
6.002882122993469238e-01
6.002799272537231445e-01
6.002665758132934570e-01
6.002520918846130371e-01
6.002365946769714355e-01
6.002202033996582031e-01
6.002029180526733398e-01
6.001847982406616211e-01
6.001724004745483398e-01
6.001532077789306641e-01
6.001335382461547852e-01
6.001134514808654785e-01
6.000931859016418457e-01
6.000730395317077637e-01
6.000536680221557617e-01
6.000421047210693359e-01
6.000303030014038086e-01
6.000322103500366211e-01
6.000465750694274902e-01
6.000659465789794922e-01
6.000867486000061035e-01
6.001077890396118164e-01
6.001217365264892578e-01
6.001423597335815430e-01
6.001625061035156250e-01
6.001819968223571777e-01
6.002007722854614258e-01
6.002187132835388184e-01
6.002357006072998047e-01
6.002516746520996094e-01
6.002617478370666504e-01
6.002758145332336426e-01
6.002887487411499023e-01
6.003003120422363281e-01
6.003105640411376953e-01
6.003195047378540039e-01
6.003269553184509277e-01
6.003311276435852051e-01
6.003361940383911133e-01
6.003397703170776367e-01
6.003419160842895508e-01
6.003425717353820801e-01
6.003417372703552246e-01
6.003394722938537598e-01
6.003372073173522949e-01
6.003324985504150391e-01
6.003264188766479492e-01
6.003189682960510254e-01
6.003101468086242676e-01
6.003000140190124512e-01
6.002886295318603516e-01
6.002761125564575195e-01
6.002671122550964355e-01
6.002526283264160156e-01
6.002372503280639648e-01
6.002208590507507324e-01
6.002036333084106445e-01
6.001855731010437012e-01
6.001668572425842285e-01
6.001540422439575195e-01
6.001344323158264160e-01
6.001143455505371094e-01
6.000940799713134766e-01
6.000739336013793945e-01
6.000545620918273926e-01
6.000378131866455078e-01
6.000306010246276855e-01
6.000317931175231934e-01
6.000458002090454102e-01
6.000650525093078613e-01
6.000857949256896973e-01
6.001017093658447266e-01
6.001017093658447266e-01
