1.000100016593933105e+00
1.000120639801025391e+00
1.000140905380249023e+00
1.000160932540893555e+00
1.000180244445800781e+00
1.000198841094970703e+00
1.000216603279113770e+00
1.000233530998229980e+00
1.000244259834289551e+00
1.000259518623352051e+00
1.000273704528808594e+00
1.000286698341369629e+00
1.000298380851745605e+00
1.000308871269226074e+00
1.000318050384521484e+00
1.000323414802551270e+00
1.000330209732055664e+00
1.000335693359375000e+00
1.000339627265930176e+00
1.000342249870300293e+00
1.000343322753906250e+00
1.000342845916748047e+00
1.000341773033142090e+00
1.000338912010192871e+00
1.000334620475769043e+00
1.000328779220581055e+00
1.000321507453918457e+00
1.000312924385070801e+00
1.000303030014038086e+00
1.000291824340820312e+00
1.000283718109130859e+00
1.000270485877990723e+00
1.000256061553955078e+00
1.000240564346313477e+00
1.000224113464355469e+00
1.000206708908081055e+00
1.000188350677490234e+00
1.000175833702087402e+00
1.000156283378601074e+00
1.000136256217956543e+00
1.000115871429443359e+00
1.000095129013061523e+00
1.000074625015258789e+00
1.000054955482482910e+00
1.000043034553527832e+00
1.000030517578125000e+00
1.000032067298889160e+00
1.000046133995056152e+00
1.000064969062805176e+00
1.000085234642028809e+00
1.000105977058410645e+00
1.000126481056213379e+00
1.000140070915222168e+00
1.000159978866577148e+00
1.000179409980773926e+00
1.000198125839233398e+00
1.000215888023376465e+00
1.000232934951782227e+00
1.000248908996582031e+00
1.000258922576904297e+00
1.000273108482360840e+00
1.000286221504211426e+00
1.000298023223876953e+00
1.000308513641357422e+00
1.000317692756652832e+00
1.000325560569763184e+00
1.000329971313476562e+00
1.000335454940795898e+00
1.000339508056640625e+00
1.000342130661010742e+00
1.000343203544616699e+00
1.000342845916748047e+00
1.000341057777404785e+00
1.000339031219482422e+00
1.000334739685058594e+00
1.000329017639160156e+00
1.000321865081787109e+00
1.000313282012939453e+00
1.000303506851196289e+00
1.000292301177978516e+00
1.000279903411865234e+00
1.000270962715148926e+00
1.000256657600402832e+00
1.000241160392761230e+00
1.000224709510803223e+00
1.000207304954528809e+00
1.000189185142517090e+00
1.000170111656188965e+00
1.000157117843627930e+00
1.000137090682983398e+00
1.000116705894470215e+00
1.000096082687377930e+00
1.000075459480285645e+00
1.000055789947509766e+00
1.000038504600524902e+00
1.000030875205993652e+00
1.000031590461730957e+00
1.000045299530029297e+00
1.000064015388488770e+00
1.000084280967712402e+00
1.000105023384094238e+00
1.000125646591186523e+00
1.000145912170410156e+00
1.000159144401550293e+00
1.000178575515747070e+00
1.000197291374206543e+00
1.000215172767639160e+00
1.000232219696044922e+00
1.000248193740844727e+00
1.000263214111328125e+00
1.000272631645202637e+00
1.000285625457763672e+00
1.000297546386718750e+00
1.000308156013488770e+00
1.000317335128784180e+00
1.000325322151184082e+00
1.000331759452819824e+00
1.000335335731506348e+00
1.000339388847351074e+00
1.000342011451721191e+00
1.000343203544616699e+00
1.000342845916748047e+00
1.000341057777404785e+00
1.000337839126586914e+00
1.000334858894348145e+00
1.000329256057739258e+00
1.000322103500366211e+00
1.000313639640808105e+00
1.000303864479064941e+00
1.000292778015136719e+00
1.000280380249023438e+00
1.000266909599304199e+00
1.000257253646850586e+00
1.000241756439208984e+00
1.000225424766540527e+00
1.000208020210266113e+00
1.000189900398254395e+00
1.000170946121215820e+00
1.000151395797729492e+00
1.000138044357299805e+00
1.000117659568786621e+00
1.000096917152404785e+00
1.000076413154602051e+00
1.000056624412536621e+00
1.000039219856262207e+00
1.000029444694519043e+00
1.000031232833862305e+00
1.000044584274291992e+00
1.000063180923461914e+00
1.000083446502685547e+00
1.000104069709777832e+00
1.000124692916870117e+00
1.000144958496093750e+00
1.000164866447448730e+00
1.000177741050720215e+00
1.000196456909179688e+00
1.000214457511901855e+00
1.000231504440307617e+00
1.000247597694396973e+00
1.000262618064880371e+00
1.000276565551757812e+00
1.000285148620605469e+00
1.000297069549560547e+00
1.000307679176330566e+00
1.000316977500915527e+00
1.000324964523315430e+00
1.000331521034240723e+00
1.000336647033691406e+00
1.000339269638061523e+00
1.000341892242431641e+00
1.000343203544616699e+00
1.000342845916748047e+00
1.000341176986694336e+00
1.000337958335876465e+00
1.000333309173583984e+00
1.000329375267028809e+00
1.000322341918945312e+00
1.000313997268676758e+00
1.000304222106933594e+00
1.000293135643005371e+00
1.000280857086181641e+00
1.000267386436462402e+00
1.000252723693847656e+00
1.000242352485656738e+00
1.000226020812988281e+00
1.000208735466003418e+00
1.000190615653991699e+00
1.000171780586242676e+00
1.000152230262756348e+00
1.000132083892822266e+00
1.000118494033813477e+00
1.000097870826721191e+00
1.000077366828918457e+00
1.000057458877563477e+00
1.000039935111999512e+00
1.000029563903808594e+00
1.000034093856811523e+00
1.000043749809265137e+00
1.000062227249145508e+00
1.000082492828369141e+00
1.000103116035461426e+00
1.000123739242553711e+00
1.000144124031066895e+00
1.000164031982421875e+00
1.000183224678039551e+00
1.000195741653442383e+00
1.000213742256164551e+00
1.000230789184570312e+00
1.000247001647949219e+00
1.000262022018432617e+00
1.000275969505310059e+00
1.000288844108581543e+00
1.000296592712402344e+00
1.000307321548461914e+00
1.000316619873046875e+00
1.000324726104736328e+00
1.000331282615661621e+00
1.000336408615112305e+00
1.000340104103088379e+00
1.000341892242431641e+00
1.000343084335327148e+00
1.000342845916748047e+00
1.000341176986694336e+00
1.000338077545166016e+00
1.000333547592163086e+00
1.000327467918395996e+00
1.000319957733154297e+00
1.000314235687255859e+00
1.000304579734802246e+00
1.000293612480163574e+00
1.000281333923339844e+00
1.000267863273620605e+00
1.000253319740295410e+00
1.000237703323364258e+00
1.000226736068725586e+00
1.000209450721740723e+00
1.000191330909729004e+00
1.000172495841979980e+00
1.000153064727783203e+00
1.000132918357849121e+00
1.000112533569335938e+00
1.000098824501037598e+00
1.000078201293945312e+00
1.000058293342590332e+00
1.000040650367736816e+00
1.000029683113098145e+00
1.000033497810363770e+00
1.000048756599426270e+00
1.000061273574829102e+00
1.000081539154052734e+00
1.000102281570434570e+00
1.000122904777526855e+00
1.000143170356750488e+00
1.000163078308105469e+00
1.000182390213012695e+00
1.000200986862182617e+00
1.000212907791137695e+00
1.000230193138122559e+00
1.000246286392211914e+00
1.000261425971984863e+00
1.000275492668151855e+00
1.000288367271423340e+00
1.000299930572509766e+00
1.000306963920593262e+00
1.000316381454467773e+00
1.000324368476867676e+00
1.000331044197082520e+00
1.000336289405822754e+00
1.000339984893798828e+00
1.000342369079589844e+00
1.000343084335327148e+00
1.000342845916748047e+00
1.000341296195983887e+00
1.000338196754455566e+00
1.000333666801452637e+00
1.000327706336975098e+00
1.000320315361022949e+00
1.000311493873596191e+00
1.000304937362670898e+00
1.000293970108032227e+00
1.000281810760498047e+00
1.000268459320068359e+00
1.000253915786743164e+00
1.000238299369812012e+00
1.000221729278564453e+00
1.000210165977478027e+00
1.000192165374755859e+00
1.000173330307006836e+00
1.000153779983520508e+00
1.000133872032165527e+00
1.000113487243652344e+00
1.000092864036560059e+00
1.000079154968261719e+00
1.000059247016906738e+00
1.000041365623474121e+00
1.000029921531677246e+00
1.000033020973205566e+00
1.000047922134399414e+00
1.000066995620727539e+00
1.000080585479736328e+00
1.000101327896118164e+00
1.000121951103210449e+00
1.000142335891723633e+00
1.000162243843078613e+00
1.000181674957275391e+00
1.000200271606445312e+00
1.000218033790588379e+00
1.000229477882385254e+00
1.000245690345764160e+00
1.000260829925537109e+00
1.000274896621704102e+00
1.000287890434265137e+00
1.000299453735351562e+00
1.000309824943542480e+00
1.000316023826599121e+00
1.000324130058288574e+00
1.000330805778503418e+00
1.000336050987243652e+00
1.000339865684509277e+00
1.000342249870300293e+00
1.000343203544616699e+00
1.000342845916748047e+00
1.000341296195983887e+00
1.000338315963745117e+00
1.000333786010742188e+00
1.000327944755554199e+00
1.000320553779602051e+00
1.000311851501464844e+00
1.000301837921142578e+00
1.000294446945190430e+00
1.000282287597656250e+00
1.000268936157226562e+00
1.000254511833190918e+00
1.000238895416259766e+00
1.000222444534301758e+00
1.000204920768737793e+00
1.000192880630493164e+00
1.000174045562744141e+00
1.000154614448547363e+00
1.000134706497192383e+00
1.000114321708679199e+00
1.000093698501586914e+00
1.000073313713073730e+00
1.000060081481933594e+00
1.000042080879211426e+00
1.000030159950256348e+00
1.000032544136047363e+00
1.000047087669372559e+00
1.000066041946411133e+00
1.000086545944213867e+00
1.000100374221801758e+00
1.000121116638183594e+00
1.000141501426696777e+00
1.000161409378051758e+00
1.000180840492248535e+00
1.000199437141418457e+00
1.000217318534851074e+00
1.000234246253967285e+00
1.000244975090026855e+00
1.000260233879089355e+00
1.000274419784545898e+00
1.000287294387817383e+00
1.000299096107482910e+00
1.000309467315673828e+00
1.000318527221679688e+00
1.000323772430419922e+00
1.000330567359924316e+00
1.000335812568664551e+00
1.000339746475219727e+00
1.000342130661010742e+00
1.000343084335327148e+00
1.000342607498168945e+00
1.000341415405273438e+00
1.000338435173034668e+00
1.000334024429321289e+00
1.000328183174133301e+00
1.000320792198181152e+00
1.000312209129333496e+00
1.000302195549011230e+00
1.000290989875793457e+00
1.000282764434814453e+00
1.000269532203674316e+00
1.000255107879638672e+00
1.000239610671997070e+00
1.000223040580749512e+00
1.000205636024475098e+00
1.000187397003173828e+00
1.000174880027770996e+00
1.000155448913574219e+00
1.000135540962219238e+00
1.000115275382995605e+00
1.000094652175903320e+00
1.000074148178100586e+00
1.000054597854614258e+00
1.000042796134948730e+00
1.000030517578125000e+00
1.000032067298889160e+00
1.000046253204345703e+00
1.000065207481384277e+00
1.000085592269897461e+00
1.000106334686279297e+00
1.000126957893371582e+00
1.000140547752380371e+00
1.000160574913024902e+00
1.000180006027221680e+00
1.000198721885681152e+00
1.000216603279113770e+00
1.000233530998229980e+00
1.000249624252319336e+00
1.000259637832641602e+00
1.000273823738098145e+00
1.000286817550659180e+00
1.000298619270324707e+00
1.000308990478515625e+00
1.000318169593811035e+00
1.000325918197631836e+00
1.000330328941345215e+00
1.000335693359375000e+00
1.000339627265930176e+00
1.000342130661010742e+00
1.000343084335327148e+00
1.000342607498168945e+00
1.000340580940246582e+00
1.000338554382324219e+00
1.000334143638610840e+00
1.000328302383422852e+00
1.000321149826049805e+00
1.000312566757202148e+00
1.000302672386169434e+00
1.000291347503662109e+00
1.000278949737548828e+00
1.000270009040832520e+00
1.000255584716796875e+00
1.000240206718444824e+00
1.000223755836486816e+00
1.000206351280212402e+00
1.000188231468200684e+00
1.000169277191162109e+00
1.000156283378601074e+00
1.000136375427246094e+00
1.000116109848022461e+00
1.000095486640930176e+00
1.000075101852416992e+00
1.000055432319641113e+00
1.000038385391235352e+00
1.000030755996704102e+00
1.000031709671020508e+00
1.000045418739318848e+00
1.000064253807067871e+00
1.000084638595581055e+00
1.000105500221252441e+00
1.000126123428344727e+00
1.000146389007568359e+00
1.000159740447998047e+00
1.000179171562194824e+00
1.000197887420654297e+00
1.000215888023376465e+00
1.000232934951782227e+00
1.000248908996582031e+00
1.000263929367065430e+00
1.000273227691650391e+00
1.000286340713500977e+00
1.000298142433166504e+00
1.000308632850646973e+00
1.000317811965942383e+00
1.000325679779052734e+00
1.000331997871398926e+00
1.000335454940795898e+00
1.000339388847351074e+00
1.000342011451721191e+00
1.000343084335327148e+00
1.000342607498168945e+00
1.000340700149536133e+00
1.000337362289428711e+00
1.000334382057189941e+00
1.000328540802001953e+00
1.000321388244628906e+00
1.000312805175781250e+00
1.000303030014038086e+00
1.000291824340820312e+00
1.000279426574707031e+00
1.000265836715698242e+00
1.000256180763244629e+00
1.000240802764892578e+00
1.000224351882934570e+00
1.000207066535949707e+00
1.000188946723937988e+00
1.000170111656188965e+00
1.000150561332702637e+00
1.000137329101562500e+00
1.000116944313049316e+00
1.000096440315246582e+00
1.000075936317443848e+00
1.000056266784667969e+00
1.000038981437683105e+00
1.000029325485229492e+00
1.000031232833862305e+00
1.000044584274291992e+00
1.000063300132751465e+00
1.000083684921264648e+00
1.000104546546936035e+00
1.000125169754028320e+00
1.000145554542541504e+00
1.000165462493896484e+00
1.000178337097167969e+00
1.000197172164916992e+00
1.000215053558349609e+00
1.000232219696044922e+00
1.000248312950134277e+00
1.000263333320617676e+00
1.000277161598205566e+00
1.000285863876342773e+00
1.000297665596008301e+00
1.000308275222778320e+00
1.000317454338073730e+00
1.000325322151184082e+00
1.000331759452819824e+00
1.000336766242980957e+00
1.000339269638061523e+00
1.000341892242431641e+00
1.000342965126037598e+00
1.000342607498168945e+00
1.000340819358825684e+00
1.000337481498718262e+00
1.000332713127136230e+00
1.000328779220581055e+00
1.000321626663208008e+00
1.000313162803649902e+00
1.000303387641906738e+00
1.000292301177978516e+00
1.000279903411865234e+00
1.000266432762145996e+00
1.000251770019531250e+00
1.000241398811340332e+00
1.000225067138671875e+00
1.000207781791687012e+00
1.000189661979675293e+00
1.000170826911926270e+00
1.000151395797729492e+00
1.000131487846374512e+00
1.000117897987365723e+00
1.000097393989562988e+00
1.000076889991760254e+00
1.000057101249694824e+00
1.000039696693420410e+00
1.000029563903808594e+00
1.000034213066101074e+00
1.000043869018554688e+00
1.000062465667724609e+00
1.000082850456237793e+00
1.000103592872619629e+00
1.000124335289001465e+00
1.000144720077514648e+00
1.000164628028869629e+00
1.000183939933776855e+00
1.000196337699890137e+00
1.000214338302612305e+00
1.000231504440307617e+00
1.000247597694396973e+00
1.000262737274169922e+00
1.000276684761047363e+00
1.000289440155029297e+00
1.000297307968139648e+00
1.000307917594909668e+00
1.000317096710205078e+00
1.000325083732604980e+00
1.000331521034240723e+00
1.000336647033691406e+00
1.000340223312377930e+00
1.000341773033142090e+00
1.000342965126037598e+00
1.000342607498168945e+00
1.000340819358825684e+00
1.000337600708007812e+00
1.000332951545715332e+00
1.000326752662658691e+00
1.000321984291076660e+00
1.000313520431518555e+00
1.000303745269775391e+00
1.000292658805847168e+00
1.000280380249023438e+00
1.000266909599304199e+00
1.000252366065979004e+00
1.000236630439758301e+00
1.000225663185119629e+00
1.000208497047424316e+00
1.000190496444702148e+00
1.000171661376953125e+00
1.000152230262756348e+00
1.000132322311401367e+00
1.000111937522888184e+00
1.000098228454589844e+00
1.000077843666076660e+00
1.000057935714721680e+00
1.000040411949157715e+00
1.000029683113098145e+00
1.000033617019653320e+00
1.000048875808715820e+00
1.000061511993408203e+00
1.000081896781921387e+00
1.000102639198303223e+00
1.000123381614685059e+00
1.000143766403198242e+00
1.000163793563842773e+00
1.000183105468750000e+00
1.000201702117919922e+00
1.000213623046875000e+00
1.000230789184570312e+00
1.000247001647949219e+00
1.000262141227722168e+00
1.000276088714599609e+00
1.000288963317871094e+00
1.000300526618957520e+00
1.000307440757751465e+00
1.000316858291625977e+00
1.000324726104736328e+00
1.000331282615661621e+00
1.000336408615112305e+00
1.000340104103088379e+00
1.000342249870300293e+00
1.000342965126037598e+00
1.000342607498168945e+00
1.000340938568115234e+00
1.000337719917297363e+00
1.000333070755004883e+00
1.000326991081237793e+00
1.000319600105285645e+00
1.000310778617858887e+00
1.000304102897644043e+00
1.000293135643005371e+00
1.000280857086181641e+00
1.000267505645751953e+00
1.000252842903137207e+00
1.000237345695495605e+00
1.000220775604248047e+00
1.000209212303161621e+00
1.000191211700439453e+00
1.000172495841979980e+00
1.000153064727783203e+00
1.000133156776428223e+00
1.000112891197204590e+00
1.000092267990112305e+00
1.000078678131103516e+00
1.000058889389038086e+00
1.000041127204895020e+00
1.000029921531677246e+00
1.000033140182495117e+00
1.000048041343688965e+00
1.000067234039306641e+00
1.000080943107604980e+00
1.000101685523986816e+00
1.000122547149658203e+00
1.000142931938171387e+00
1.000162839889526367e+00
1.000182271003723145e+00
1.000200986862182617e+00
1.000218749046325684e+00
1.000230073928833008e+00
1.000246405601501465e+00
1.000261545181274414e+00
1.000275611877441406e+00
1.000288486480712891e+00
1.000300049781799316e+00
1.000310301780700684e+00
1.000316500663757324e+00
1.000324487686157227e+00
1.000331044197082520e+00
1.000336170196533203e+00
1.000339984893798828e+00
1.000342130661010742e+00
1.000342965126037598e+00
1.000342607498168945e+00
1.000340938568115234e+00
1.000337839126586914e+00
1.000333309173583984e+00
1.000327229499816895e+00
1.000319838523864746e+00
1.000311136245727539e+00
1.000301003456115723e+00
1.000293493270874023e+00
1.000281333923339844e+00
1.000267982482910156e+00
1.000253438949584961e+00
1.000237941741943359e+00
1.000221371650695801e+00
1.000203967094421387e+00
1.000191926956176758e+00
1.000173211097717285e+00
1.000153899192810059e+00
1.000133991241455078e+00
1.000113725662231445e+00
1.000093221664428711e+00
1.000072836875915527e+00
1.000059723854064941e+00
1.000041842460632324e+00
1.000030159950256348e+00
1.000032663345336914e+00
1.000047206878662109e+00
1.000066399574279785e+00
1.000086903572082520e+00
1.000100851058959961e+00
1.000121593475341797e+00
1.000142097473144531e+00
1.000162005424499512e+00
1.000181436538696289e+00
1.000200152397155762e+00
1.000218033790588379e+00
1.000234961509704590e+00
1.000245690345764160e+00
1.000260949134826660e+00
1.000275015830993652e+00
1.000288009643554688e+00
1.000299572944641113e+00
1.000309944152832031e+00
1.000319004058837891e+00
1.000324130058288574e+00
1.000330805778503418e+00
1.000336050987243652e+00
1.000339746475219727e+00
1.000342130661010742e+00
1.000342965126037598e+00
1.000342249870300293e+00
1.000341057777404785e+00
1.000337958335876465e+00
1.000333428382873535e+00
1.000327467918395996e+00
1.000320076942443848e+00
1.000311374664306641e+00
1.000301361083984375e+00
1.000290036201477051e+00
1.000281810760498047e+00
1.000268459320068359e+00
1.000254034996032715e+00
1.000238537788391113e+00
1.000222086906433105e+00
1.000204682350158691e+00
1.000186562538146973e+00
1.000174045562744141e+00
1.000154733657836914e+00
1.000134825706481934e+00
1.000114679336547852e+00
1.000094175338745117e+00
1.000073790550231934e+00
1.000054240226745605e+00
1.000042557716369629e+00
1.000030398368835449e+00
1.000032186508178711e+00
1.000046372413635254e+00
1.000065445899963379e+00
1.000085949897766113e+00
1.000106811523437500e+00
1.000120639801025391e+00
1.000141143798828125e+00
1.000161170959472656e+00
1.000180602073669434e+00
1.000199437141418457e+00
1.000217318534851074e+00
1.000234246253967285e+00
1.000250220298767090e+00
1.000260353088378906e+00
1.000274538993835449e+00
1.000287532806396484e+00
1.000299215316772461e+00
1.000309586524963379e+00
1.000318646430969238e+00
1.000326275825500488e+00
1.000330567359924316e+00
1.000335812568664551e+00
1.000339627265930176e+00
1.000342011451721191e+00
1.000342845916748047e+00
1.000342249870300293e+00
1.000340223312377930e+00
1.000338077545166016e+00
1.000333666801452637e+00
1.000327706336975098e+00
1.000320434570312500e+00
1.000311732292175293e+00
1.000301718711853027e+00
1.000290513038635254e+00
1.000277996063232422e+00
1.000269055366516113e+00
1.000254631042480469e+00
1.000239133834838867e+00
1.000222802162170410e+00
1.000205397605895996e+00
1.000187277793884277e+00
1.000168442726135254e+00
1.000155568122863770e+00
1.000135779380798340e+00
1.000115513801574707e+00
1.000095009803771973e+00
1.000074625015258789e+00
1.000055074691772461e+00
1.000038146972656250e+00
1.000030755996704102e+00
1.000031709671020508e+00
1.000045537948608398e+00
1.000064492225646973e+00
1.000084996223449707e+00
1.000105857849121094e+00
1.000126600265502930e+00
1.000146985054016113e+00
1.000160336494445801e+00
1.000179886817932129e+00
1.000198602676391602e+00
1.000216603279113770e+00
1.000233650207519531e+00
1.000249624252319336e+00
1.000264644622802734e+00
1.000273942947387695e+00
1.000286936759948730e+00
1.000298738479614258e+00
1.000309228897094727e+00
1.000318288803100586e+00
1.000326037406921387e+00
1.000332236289978027e+00
1.000335693359375000e+00
1.000339508056640625e+00
1.000341892242431641e+00
1.000342845916748047e+00
1.000342249870300293e+00
1.000340342521667480e+00
1.000336885452270508e+00
1.000333786010742188e+00
1.000327944755554199e+00
1.000320672988891602e+00
1.000312089920043945e+00
1.000302076339721680e+00
1.000290870666503906e+00
1.000278472900390625e+00
1.000264883041381836e+00
1.000255227088928223e+00
1.000239729881286621e+00
1.000223398208618164e+00
1.000206112861633301e+00
1.000187993049621582e+00
1.000169277191162109e+00
1.000149846076965332e+00
1.000136613845825195e+00
1.000116348266601562e+00
1.000095963478088379e+00
1.000075578689575195e+00
1.000055909156799316e+00
1.000038862228393555e+00
1.000029325485229492e+00
1.000031352043151855e+00
1.000044703483581543e+00
1.000063538551330566e+00
1.000084161758422852e+00
1.000105023384094238e+00
1.000125765800476074e+00
1.000146150588989258e+00
1.000166058540344238e+00
1.000179052352905273e+00
1.000197768211364746e+00
1.000215768814086914e+00
1.000232934951782227e+00
1.000249028205871582e+00
1.000264048576354980e+00
1.000277876853942871e+00
1.000286459922790527e+00
1.000298261642456055e+00
1.000308752059936523e+00
1.000317931175231934e+00
1.000325679779052734e+00
1.000331997871398926e+00
1.000336885452270508e+00
1.000339388847351074e+00
1.000341892242431641e+00
1.000342845916748047e+00
1.000342369079589844e+00
1.000340342521667480e+00
1.000337004661560059e+00
1.000332117080688477e+00
1.000328183174133301e+00
1.000320911407470703e+00
1.000312447547912598e+00
1.000302553176879883e+00
1.000291347503662109e+00
1.000278949737548828e+00
1.000265359878540039e+00
1.000250697135925293e+00
1.000240445137023926e+00
1.000224113464355469e+00
1.000206828117370605e+00
1.000188827514648438e+00
1.000170111656188965e+00
1.000150680541992188e+00
1.000130772590637207e+00
1.000117301940917969e+00
1.000096797943115234e+00
1.000076532363891602e+00
1.000056862831115723e+00
1.000039458274841309e+00
1.000029444694519043e+00
1.000034213066101074e+00
1.000043988227844238e+00
1.000062704086303711e+00
1.000083208084106445e+00
1.000104069709777832e+00
1.000124812126159668e+00
1.000145316123962402e+00
1.000165224075317383e+00
1.000184535980224609e+00
1.000197052955627441e+00
1.000215053558349609e+00
1.000232219696044922e+00
1.000248312950134277e+00
1.000263452529907227e+00
1.000277280807495117e+00
1.000290036201477051e+00
1.000297904014587402e+00
1.000308394432067871e+00
1.000317573547363281e+00
1.000325441360473633e+00
1.000331759452819824e+00
1.000336766242980957e+00
1.000340223312377930e+00
1.000341773033142090e+00
1.000342845916748047e+00
1.000342369079589844e+00
1.000340461730957031e+00
1.000337123870849609e+00
1.000332355499267578e+00
1.000326156616210938e+00
1.000321149826049805e+00
1.000312685966491699e+00
1.000302910804748535e+00
1.000291705131530762e+00
1.000279426574707031e+00
1.000265955924987793e+00
1.000251293182373047e+00
1.000235676765441895e+00
1.000224709510803223e+00
1.000207543373107910e+00
1.000189542770385742e+00
1.000170826911926270e+00
1.000151515007019043e+00
1.000131607055664062e+00
1.000111341476440430e+00
1.000097751617431641e+00
1.000077366828918457e+00
1.000057697296142578e+00
1.000040173530578613e+00
1.000029683113098145e+00
1.000033736228942871e+00
1.000048995018005371e+00
1.000061750411987305e+00
1.000082254409790039e+00
1.000103116035461426e+00
1.000123977661132812e+00
1.000144362449645996e+00
1.000164389610290527e+00
1.000183701515197754e+00
1.000202417373657227e+00
1.000214338302612305e+00
1.000231504440307617e+00
1.000247716903686523e+00
1.000262856483459473e+00
1.000276803970336914e+00
1.000289559364318848e+00
1.000301122665405273e+00
1.000308036804199219e+00
1.000317215919494629e+00
1.000325083732604980e+00
1.000331521034240723e+00
1.000336527824401855e+00
1.000340104103088379e+00
1.000342130661010742e+00
1.000342726707458496e+00
1.000342369079589844e+00
1.000340580940246582e+00
1.000337243080139160e+00
1.000332474708557129e+00
1.000326395034790039e+00
1.000318765640258789e+00
1.000313043594360352e+00
1.000303268432617188e+00
1.000292181968688965e+00
1.000279903411865234e+00
1.000266432762145996e+00
1.000251889228820801e+00
1.000236272811889648e+00
1.000219821929931641e+00
1.000208258628845215e+00
1.000190258026123047e+00
1.000171661376953125e+00
1.000152349472045898e+00
1.000132441520690918e+00
1.000112295150756836e+00
1.000091791152954102e+00
1.000078320503234863e+00
1.000058531761169434e+00
1.000040888786315918e+00
1.000029802322387695e+00
1.000033140182495117e+00
1.000048160552978516e+00
1.000067591667175293e+00
1.000081300735473633e+00
1.000102162361145020e+00
1.000123023986816406e+00
1.000143527984619141e+00
1.000163555145263672e+00
1.000182986259460449e+00
1.000201582908630371e+00
1.000219464302062988e+00
1.000230789184570312e+00
1.000247001647949219e+00
1.000262260437011719e+00
1.000276207923889160e+00
1.000289082527160645e+00
1.000300645828247070e+00
1.000310778617858887e+00
1.000316858291625977e+00
1.000324845314025879e+00
1.000331282615661621e+00
1.000336408615112305e+00
1.000339984893798828e+00
1.000342130661010742e+00
1.000342726707458496e+00
1.000342369079589844e+00
1.000340580940246582e+00
1.000337362289428711e+00
1.000332713127136230e+00
1.000326633453369141e+00
1.000319123268127441e+00
1.000310301780700684e+00
1.000300049781799316e+00
1.000292658805847168e+00
1.000280380249023438e+00
1.000267028808593750e+00
1.000252485275268555e+00
1.000236988067626953e+00
1.000220417976379395e+00
1.000203132629394531e+00
1.000191092491149902e+00
1.000172376632690430e+00
1.000153183937072754e+00
1.000133395195007324e+00
1.000113129615783691e+00
1.000092744827270508e+00
1.000072479248046875e+00
1.000059366226196289e+00
1.000041604042053223e+00
1.000030040740966797e+00
1.000032663345336914e+00
1.000047326087951660e+00
1.000066637992858887e+00
1.000087261199951172e+00
1.000101327896118164e+00
1.000122070312500000e+00
1.000142574310302734e+00
1.000162720680236816e+00
1.000182151794433594e+00
1.000200867652893066e+00
1.000218749046325684e+00
1.000235676765441895e+00
1.000246405601501465e+00
1.000261664390563965e+00
1.000275731086730957e+00
1.000288605690002441e+00
1.000300168991088867e+00
1.000310420989990234e+00
1.000319361686706543e+00
1.000324606895446777e+00
1.000331044197082520e+00
1.000336170196533203e+00
1.000339865684509277e+00
1.000342011451721191e+00
1.000342726707458496e+00
1.000342011451721191e+00
1.000340700149536133e+00
1.000337481498718262e+00
1.000332832336425781e+00
1.000326871871948242e+00
1.000319361686706543e+00
1.000310659408569336e+00
1.000300526618957520e+00
1.000289082527160645e+00
1.000280857086181641e+00
1.000267505645751953e+00
1.000253081321716309e+00
1.000237584114074707e+00
1.000221133232116699e+00
1.000203847885131836e+00
1.000185608863830566e+00
1.000173211097717285e+00
1.000154018402099609e+00
1.000134229660034180e+00
1.000114083290100098e+00
1.000093698501586914e+00
1.000073432922363281e+00
1.000054001808166504e+00
1.000042319297790527e+00
1.000030398368835449e+00
1.000032186508178711e+00
1.000046491622924805e+00
1.000065684318542480e+00
1.000086426734924316e+00
1.000107288360595703e+00
1.000121235847473145e+00
1.000141739845275879e+00
1.000161886215209961e+00
1.000181317329406738e+00
1.000200033187866211e+00
1.000218033790588379e+00
1.000234961509704590e+00
1.000250935554504395e+00
1.000261068344116211e+00
1.000275135040283203e+00
1.000288128852844238e+00
1.000299811363220215e+00
1.000310063362121582e+00
1.000319004058837891e+00
1.000326633453369141e+00
1.000330805778503418e+00
1.000336050987243652e+00
1.000339746475219727e+00
1.000342011451721191e+00
1.000342726707458496e+00
1.000342011451721191e+00
1.000339865684509277e+00
1.000337600708007812e+00
1.000333070755004883e+00
1.000327110290527344e+00
1.000319600105285645e+00
1.000310897827148438e+00
1.000300884246826172e+00
1.000289559364318848e+00
1.000277042388916016e+00
1.000267982482910156e+00
1.000253558158874512e+00
1.000238180160522461e+00
1.000221729278564453e+00
1.000204563140869141e+00
1.000186443328857422e+00
1.000167608261108398e+00
1.000154733657836914e+00
1.000135064125061035e+00
1.000114917755126953e+00
1.000094532966613770e+00
1.000074267387390137e+00
1.000054836273193359e+00
1.000038027763366699e+00
1.000030636787414551e+00
1.000031828880310059e+00
1.000045657157897949e+00
1.000064730644226074e+00
1.000085473060607910e+00
1.000106334686279297e+00
1.000127196311950684e+00
1.000140905380249023e+00
1.000160932540893555e+00
1.000180482864379883e+00
1.000199317932128906e+00
1.000217199325561523e+00
1.000234246253967285e+00
1.000250339508056641e+00
1.000265240669250488e+00
1.000274658203125000e+00
1.000287652015686035e+00
1.000299334526062012e+00
1.000309705734252930e+00
1.000318765640258789e+00
1.000326395034790039e+00
1.000332474708557129e+00
1.000335812568664551e+00
1.000339627265930176e+00
1.000341892242431641e+00
1.000342726707458496e+00
1.000342011451721191e+00
1.000339984893798828e+00
1.000336408615112305e+00
1.000333189964294434e+00
1.000327229499816895e+00
1.000319957733154297e+00
1.000311255455017090e+00
1.000301241874694824e+00
1.000289916992187500e+00
1.000277519226074219e+00
1.000263929367065430e+00
1.000254154205322266e+00
1.000238776206970215e+00
1.000222444534301758e+00
1.000205159187316895e+00
1.000187158584594727e+00
1.000168442726135254e+00
1.000149130821228027e+00
1.000135898590087891e+00
1.000115871429443359e+00
1.000095486640930176e+00
1.000075221061706543e+00
1.000055670738220215e+00
1.000038623809814453e+00
1.000029325485229492e+00
1.000031352043151855e+00
1.000044822692871094e+00
1.000063776969909668e+00
1.000084519386291504e+00
1.000105500221252441e+00
1.000126242637634277e+00
1.000146746635437012e+00
1.000166773796081543e+00
1.000179648399353027e+00
1.000198483467102051e+00
1.000216484069824219e+00
1.000233650207519531e+00
1.000249743461608887e+00
1.000264763832092285e+00
1.000278472900390625e+00
1.000287055969238281e+00
1.000298857688903809e+00
1.000309228897094727e+00
1.000318408012390137e+00
1.000326037406921387e+00
1.000332236289978027e+00
1.000337004661560059e+00
1.000339388847351074e+00
1.000341773033142090e+00
1.000342607498168945e+00
1.000342011451721191e+00
1.000339984893798828e+00
1.000336527824401855e+00
1.000331640243530273e+00
1.000327467918395996e+00
1.000320196151733398e+00
1.000311613082885742e+00
1.000301599502563477e+00
1.000290393829345703e+00
1.000277996063232422e+00
1.000264406204223633e+00
1.000249743461608887e+00
1.000239372253417969e+00
1.000223159790039062e+00
1.000205874443054199e+00
1.000187873840332031e+00
1.000169277191162109e+00
1.000149965286254883e+00
1.000130176544189453e+00
1.000116705894470215e+00
1.000096321105957031e+00
1.000076055526733398e+00
1.000056505203247070e+00
1.000039339065551758e+00
1.000029444694519043e+00
1.000034332275390625e+00
1.000044107437133789e+00
1.000062942504882812e+00
1.000083565711975098e+00
1.000104546546936035e+00
1.000125408172607422e+00
1.000145912170410156e+00
1.000165939331054688e+00
1.000185251235961914e+00
1.000197768211364746e+00
1.000215768814086914e+00
1.000232934951782227e+00
1.000249028205871582e+00
1.000264167785644531e+00
1.000277996063232422e+00
1.000290632247924805e+00
1.000298380851745605e+00
1.000308871269226074e+00
1.000318050384521484e+00
1.000325798988342285e+00
1.000331997871398926e+00
1.000336885452270508e+00
1.000340223312377930e+00
1.000341653823852539e+00
1.000342607498168945e+00
1.000342130661010742e+00
1.000340104103088379e+00
1.000336647033691406e+00
1.000331759452819824e+00
1.000325441360473633e+00
1.000320434570312500e+00
1.000311970710754395e+00
1.000302076339721680e+00
1.000290870666503906e+00
1.000278472900390625e+00
1.000265002250671387e+00
1.000250339508056641e+00
1.000234723091125488e+00
1.000223755836486816e+00
1.000206589698791504e+00
1.000188708305358887e+00
1.000169992446899414e+00
1.000150799751281738e+00
1.000131011009216309e+00
1.000110864639282227e+00
1.000097274780273438e+00
1.000077009201049805e+00
1.000057339668273926e+00
1.000040054321289062e+00
1.000029563903808594e+00
1.000033736228942871e+00
1.000049114227294922e+00
1.000061988830566406e+00
1.000082612037658691e+00
1.000103592872619629e+00
1.000124454498291016e+00
1.000144958496093750e+00
1.000164985656738281e+00
1.000184416770935059e+00
1.000203132629394531e+00
1.000215053558349609e+00
1.000232219696044922e+00
1.000248432159423828e+00
1.000263571739196777e+00
1.000277400016784668e+00
1.000290155410766602e+00
1.000301599502563477e+00
1.000308513641357422e+00
1.000317692756652832e+00
1.000325441360473633e+00
1.000331878662109375e+00
1.000336647033691406e+00
1.000340104103088379e+00
1.000342130661010742e+00
1.000342607498168945e+00
1.000342130661010742e+00
1.000340223312377930e+00
1.000336766242980957e+00
1.000331997871398926e+00
1.000325679779052734e+00
1.000318050384521484e+00
1.000312209129333496e+00
1.000302433967590332e+00
1.000291228294372559e+00
1.000278949737548828e+00
1.000265479087829590e+00
1.000250935554504395e+00
1.000235319137573242e+00
1.000218868255615234e+00
1.000207304954528809e+00
1.000189423561096191e+00
1.000170826911926270e+00
1.000151634216308594e+00
1.000131845474243164e+00
1.000111699104309082e+00
1.000091433525085449e+00
1.000077843666076660e+00
1.000058293342590332e+00
1.000040650367736816e+00
1.000029802322387695e+00
1.000033259391784668e+00
1.000048279762268066e+00
1.000067830085754395e+00
1.000081658363342285e+00
1.000102639198303223e+00
1.000123500823974609e+00
1.000144124031066895e+00
1.000164151191711426e+00
1.000183582305908203e+00
1.000202298164367676e+00
1.000220179557800293e+00
1.000231504440307617e+00
1.000247716903686523e+00
1.000262975692749023e+00
1.000276923179626465e+00
1.000289678573608398e+00
1.000301241874694824e+00
1.000311374664306641e+00
1.000317335128784180e+00
1.000325202941894531e+00
1.000331640243530273e+00
1.000336527824401855e+00
1.000339984893798828e+00
1.000342011451721191e+00
1.000342607498168945e+00
1.000342130661010742e+00
1.000340223312377930e+00
1.000336885452270508e+00
1.000332117080688477e+00
1.000325918197631836e+00
1.000318288803100586e+00
1.000309467315673828e+00
1.000302791595458984e+00
1.000291705131530762e+00
1.000279426574707031e+00
1.000265955924987793e+00
1.000251531600952148e+00
1.000236034393310547e+00
1.000219464302062988e+00
1.000202178955078125e+00
1.000190138816833496e+00
1.000171661376953125e+00
1.000152468681335449e+00
1.000132679939270020e+00
1.000112652778625488e+00
1.000092267990112305e+00
1.000072121620178223e+00
1.000059127807617188e+00
1.000041365623474121e+00
1.000030040740966797e+00
1.000032782554626465e+00
1.000047445297241211e+00
1.000066876411437988e+00
1.000087738037109375e+00
1.000101685523986816e+00
1.000122666358947754e+00
1.000143289566040039e+00
1.000163316726684570e+00
1.000182747840881348e+00
1.000201582908630371e+00
1.000219464302062988e+00
1.000236392021179199e+00
1.000247120857238770e+00
1.000262379646301270e+00
1.000276327133178711e+00
1.000289201736450195e+00
1.000300765037536621e+00
1.000310897827148438e+00
1.000319838523864746e+00
1.000324845314025879e+00
1.000331401824951172e+00
1.000336289405822754e+00
1.000339865684509277e+00
1.000342011451721191e+00
1.000342607498168945e+00
1.000341653823852539e+00
1.000340342521667480e+00
1.000337004661560059e+00
1.000332355499267578e+00
1.000326156616210938e+00
1.000318646430969238e+00
1.000309824943542480e+00
1.000299572944641113e+00
1.000288128852844238e+00
1.000279903411865234e+00
1.000266551971435547e+00
1.000252008438110352e+00
1.000236630439758301e+00
1.000220179557800293e+00
1.000202894210815430e+00
1.000184774398803711e+00
1.000172376632690430e+00
1.000153183937072754e+00
1.000133514404296875e+00
1.000113487243652344e+00
1.000093221664428711e+00
1.000073075294494629e+00
1.000053763389587402e+00
1.000042200088500977e+00
1.000030279159545898e+00
1.000032305717468262e+00
1.000046610832214355e+00
1.000065922737121582e+00
1.000086784362792969e+00
1.000107765197753906e+00
1.000121712684631348e+00
1.000142335891723633e+00
1.000162482261657715e+00
1.000182032585144043e+00
1.000200748443603516e+00
1.000218749046325684e+00
1.000235676765441895e+00
1.000251650810241699e+00
1.000261783599853516e+00
1.000275850296020508e+00
1.000288724899291992e+00
1.000300288200378418e+00
1.000310540199279785e+00
1.000319480895996094e+00
1.000326991081237793e+00
1.000331163406372070e+00
1.000336170196533203e+00
1.000339746475219727e+00
1.000341892242431641e+00
1.000342607498168945e+00
1.000341653823852539e+00
1.000339508056640625e+00
1.000337123870849609e+00
1.000332474708557129e+00
1.000326395034790039e+00
1.000318884849548340e+00
1.000310063362121582e+00
1.000300049781799316e+00
1.000288605690002441e+00
1.000276088714599609e+00
1.000267028808593750e+00
1.000252604484558105e+00
1.000237226486206055e+00
1.000220775604248047e+00
1.000203609466552734e+00
1.000185608863830566e+00
1.000166893005371094e+00
1.000154018402099609e+00
1.000134348869323730e+00
1.000114321708679199e+00
1.000094056129455566e+00
1.000073909759521484e+00
1.000054597854614258e+00
1.000037789344787598e+00
1.000030636787414551e+00
1.000031828880310059e+00
1.000045776367187500e+00
1.000065088272094727e+00
1.000085830688476562e+00
1.000101685523986816e+00
1.000101685523986816e+00
