0.000000000000000000e+00
1.047840000000000056e-02
2.095680000000000112e-02
3.143529999999999935e-02
4.191389999999999699e-02
5.239250000000000157e-02
6.287130000000000496e-02
7.335020000000000429e-02
8.033609999999999363e-02
9.081519999999999870e-02
1.012939999999999952e-01
1.117739999999999984e-01
1.222530000000000006e-01
1.327329999999999899e-01
1.432120000000000060e-01
1.501989999999999992e-01
1.606789999999999885e-01
1.711580000000000046e-01
1.816379999999999939e-01
1.921180000000000110e-01
2.025990000000000013e-01
2.130789999999999906e-01
2.200650000000000106e-01
2.305449999999999999e-01
2.410249999999999893e-01
2.515049999999999786e-01
2.619850000000000234e-01
2.724650000000000127e-01
2.829450000000000021e-01
2.934240000000000181e-01
3.004100000000000104e-01
3.108899999999999997e-01
3.213690000000000158e-01
3.318479999999999763e-01
3.423269999999999924e-01
3.528060000000000085e-01
3.632839999999999958e-01
3.702699999999999880e-01
3.807490000000000041e-01
3.912269999999999914e-01
4.017060000000000075e-01
4.121839999999999948e-01
4.226619999999999822e-01
4.331409999999999982e-01
4.401260000000000172e-01
4.506040000000000045e-01
4.610830000000000206e-01
4.715610000000000079e-01
4.820389999999999953e-01
4.925169999999999826e-01
5.029959999999999987e-01
5.134739999999999860e-01
5.204600000000000337e-01
5.309380000000000210e-01
5.414170000000000371e-01
5.518960000000000532e-01
5.623740000000000405e-01
5.728529999999999456e-01
5.833319999999999617e-01
5.903180000000000094e-01
6.007970000000000255e-01
6.112769999999999593e-01
6.217559999999999754e-01
6.322360000000000202e-01
6.427150000000000363e-01
6.531949999999999701e-01
6.601810000000000178e-01
6.706609999999999516e-01
6.811409999999999965e-01
6.916210000000000413e-01
7.021009999999999751e-01
7.125820000000000487e-01
7.230619999999999825e-01
7.300480000000000302e-01
7.405279999999999641e-01
7.510080000000000089e-01
7.614880000000000537e-01
7.719679999999999875e-01
7.824470000000000036e-01
7.929270000000000485e-01
8.034059999999999535e-01
8.103930000000000300e-01
8.208720000000000461e-01
8.313509999999999511e-01
8.418299999999999672e-01
8.523089999999999833e-01
8.627869999999999706e-01
8.732659999999999867e-01
8.802520000000000344e-01
8.907300000000000217e-01
9.012090000000000378e-01
9.116870000000000251e-01
9.221650000000000125e-01
9.326440000000000285e-01
9.431220000000000159e-01
9.501070000000000348e-01
9.605860000000000509e-01
9.710640000000000382e-01
9.815420000000000256e-01
9.920200000000000129e-01
1.002499999999999947e+00
1.012979999999999992e+00
1.023460000000000036e+00
1.030440000000000023e+00
1.040920000000000067e+00
1.051399999999999890e+00
1.061879999999999935e+00
1.072359999999999980e+00
1.082840000000000025e+00
1.093310000000000004e+00
1.100300000000000056e+00
1.110780000000000101e+00
1.121259999999999923e+00
1.131739999999999968e+00
1.142220000000000013e+00
1.152700000000000058e+00
1.163180000000000103e+00
1.170160000000000089e+00
1.180639999999999912e+00
1.191119999999999957e+00
1.201600000000000001e+00
1.212080000000000046e+00
1.222560000000000091e+00
1.233039999999999914e+00
1.240029999999999966e+00
1.250510000000000010e+00
1.260990000000000055e+00
1.271470000000000100e+00
1.281949999999999923e+00
1.292429999999999968e+00
1.302910000000000013e+00
1.313390000000000057e+00
1.320370000000000044e+00
1.330850000000000088e+00
1.341329999999999911e+00
1.351809999999999956e+00
1.362290000000000001e+00
1.372770000000000046e+00
1.383250000000000091e+00
1.390230000000000077e+00
1.400709999999999900e+00
1.411189999999999944e+00
1.421669999999999989e+00
1.432150000000000034e+00
1.442620000000000013e+00
1.453100000000000058e+00
1.460090000000000110e+00
1.470569999999999933e+00
1.481049999999999978e+00
1.491519999999999957e+00
1.502000000000000002e+00
1.512480000000000047e+00
1.522960000000000091e+00
1.533439999999999914e+00
1.540419999999999900e+00
1.550899999999999945e+00
1.561379999999999990e+00
1.571860000000000035e+00
1.582340000000000080e+00
1.592819999999999903e+00
1.603299999999999947e+00
1.610279999999999934e+00
1.620759999999999978e+00
1.631240000000000023e+00
1.641720000000000068e+00
1.652199999999999891e+00
1.662679999999999936e+00
1.673159999999999981e+00
1.680150000000000032e+00
1.690630000000000077e+00
1.701109999999999900e+00
1.711589999999999945e+00
1.722069999999999990e+00
1.732550000000000034e+00
1.743030000000000079e+00
1.750010000000000066e+00
1.760490000000000110e+00
1.770969999999999933e+00
1.781449999999999978e+00
1.791930000000000023e+00
1.802410000000000068e+00
1.812889999999999890e+00
1.823369999999999935e+00
1.830359999999999987e+00
1.840840000000000032e+00
1.851310000000000011e+00
1.861790000000000056e+00
1.872270000000000101e+00
1.882749999999999924e+00
1.893229999999999968e+00
1.900209999999999955e+00
1.910690000000000000e+00
1.921170000000000044e+00
1.931650000000000089e+00
1.942129999999999912e+00
1.952609999999999957e+00
1.963079999999999936e+00
1.970069999999999988e+00
1.980550000000000033e+00
1.991030000000000078e+00
2.001500000000000057e+00
2.011979999999999880e+00
2.022460000000000147e+00
2.032939999999999969e+00
2.043419999999999792e+00
2.050399999999999778e+00
2.060880000000000045e+00
2.071359999999999868e+00
2.081840000000000135e+00
2.092319999999999958e+00
2.102799999999999780e+00
2.113280000000000047e+00
2.120260000000000034e+00
2.130739999999999856e+00
2.141220000000000123e+00
2.151699999999999946e+00
2.162180000000000213e+00
2.172660000000000036e+00
2.183139999999999858e+00
2.190129999999999910e+00
2.200610000000000177e+00
2.211090000000000000e+00
2.221569999999999823e+00
2.232050000000000090e+00
2.242529999999999912e+00
2.253010000000000179e+00
2.263490000000000002e+00
2.270480000000000054e+00
2.280959999999999877e+00
2.291440000000000143e+00
2.301919999999999966e+00
2.312390000000000168e+00
2.322869999999999990e+00
2.333349999999999813e+00
2.340339999999999865e+00
2.350820000000000132e+00
2.361299999999999955e+00
2.371780000000000221e+00
2.382249999999999979e+00
2.392729999999999801e+00
2.403210000000000068e+00
2.410200000000000120e+00
2.420669999999999877e+00
2.431150000000000144e+00
2.441629999999999967e+00
2.452109999999999790e+00
2.462590000000000057e+00
2.473069999999999879e+00
2.480049999999999866e+00
2.490530000000000133e+00
2.501009999999999955e+00
2.511489999999999778e+00
2.521959999999999980e+00
2.532439999999999802e+00
2.542920000000000069e+00
2.553399999999999892e+00
2.560389999999999944e+00
2.570870000000000211e+00
2.581339999999999968e+00
2.591819999999999791e+00
2.602300000000000058e+00
2.612779999999999880e+00
2.623260000000000147e+00
2.630250000000000199e+00
2.640730000000000022e+00
2.651209999999999845e+00
2.661690000000000111e+00
2.672169999999999934e+00
2.682650000000000201e+00
2.693130000000000024e+00
2.700110000000000010e+00
2.710589999999999833e+00
2.721070000000000100e+00
2.731549999999999923e+00
2.742030000000000189e+00
2.752510000000000012e+00
2.762989999999999835e+00
2.773470000000000102e+00
2.780460000000000154e+00
2.790939999999999976e+00
2.801419999999999799e+00
2.811900000000000066e+00
2.822379999999999889e+00
2.832860000000000156e+00
2.843329999999999913e+00
2.850319999999999965e+00
2.860799999999999788e+00
2.871280000000000054e+00
2.881759999999999877e+00
2.892240000000000144e+00
2.902709999999999901e+00
2.913190000000000168e+00
2.920180000000000220e+00
2.930660000000000043e+00
2.941129999999999800e+00
2.951610000000000067e+00
2.962089999999999890e+00
2.972570000000000157e+00
2.983049999999999979e+00
2.990029999999999966e+00
3.000509999999999788e+00
3.010990000000000055e+00
3.021469999999999878e+00
3.031950000000000145e+00
3.042419999999999902e+00
3.052900000000000169e+00
3.063379999999999992e+00
3.070370000000000044e+00
3.080849999999999866e+00
3.091330000000000133e+00
3.101809999999999956e+00
3.112280000000000157e+00
3.122759999999999980e+00
3.133239999999999803e+00
3.140229999999999855e+00
3.150710000000000122e+00
3.161189999999999944e+00
3.171670000000000211e+00
3.182150000000000034e+00
3.192629999999999857e+00
3.203110000000000124e+00
3.210100000000000176e+00
3.220579999999999998e+00
3.231059999999999821e+00
3.241540000000000088e+00
3.252019999999999911e+00
3.262500000000000178e+00
3.272980000000000000e+00
3.283459999999999823e+00
3.290439999999999809e+00
3.300920000000000076e+00
3.311399999999999899e+00
3.321880000000000166e+00
3.332359999999999989e+00
3.342839999999999812e+00
3.353320000000000078e+00
3.360300000000000065e+00
3.370779999999999887e+00
3.381260000000000154e+00
3.391739999999999977e+00
3.402219999999999800e+00
3.412700000000000067e+00
3.423169999999999824e+00
3.430159999999999876e+00
3.440640000000000143e+00
3.451119999999999965e+00
3.461590000000000167e+00
3.472069999999999990e+00
3.482549999999999812e+00
3.493030000000000079e+00
3.500010000000000066e+00
3.510489999999999888e+00
3.520970000000000155e+00
3.531449999999999978e+00
3.541929999999999801e+00
3.552410000000000068e+00
3.562889999999999890e+00
3.573360000000000092e+00
3.580350000000000144e+00
3.590829999999999966e+00
3.601309999999999789e+00
3.611790000000000056e+00
3.622269999999999879e+00
3.632750000000000146e+00
3.643229999999999968e+00
3.650209999999999955e+00
3.660690000000000222e+00
3.671170000000000044e+00
3.681649999999999867e+00
3.692130000000000134e+00
3.702609999999999957e+00
3.713089999999999780e+00
3.720079999999999831e+00
3.730560000000000098e+00
3.741039999999999921e+00
3.751520000000000188e+00
3.762000000000000011e+00
3.772479999999999833e+00
3.782960000000000100e+00
3.793439999999999923e+00
3.800419999999999909e+00
3.810900000000000176e+00
3.821379999999999999e+00
3.831859999999999822e+00
3.842340000000000089e+00
3.852819999999999911e+00
3.863300000000000178e+00
3.870280000000000165e+00
3.880759999999999987e+00
3.891239999999999810e+00
3.901720000000000077e+00
3.912199999999999900e+00
3.922680000000000167e+00
3.933149999999999924e+00
3.940139999999999976e+00
3.950619999999999798e+00
3.961100000000000065e+00
3.971579999999999888e+00
3.982050000000000090e+00
3.992529999999999912e+00
4.003009999999999735e+00
4.013490000000000002e+00
4.020470000000000432e+00
4.030949999999999811e+00
4.041430000000000078e+00
4.051910000000000345e+00
4.062389999999999723e+00
4.072869999999999990e+00
4.083350000000000257e+00
4.090329999999999799e+00
4.100810000000000066e+00
4.111290000000000333e+00
4.121769999999999712e+00
4.132249999999999979e+00
4.142730000000000246e+00
4.153209999999999624e+00
4.160199999999999676e+00
4.170679999999999943e+00
4.181160000000000210e+00
4.191639999999999588e+00
4.202119999999999855e+00
4.212600000000000122e+00
4.223080000000000389e+00
4.230059999999999931e+00
4.240540000000000198e+00
4.251019999999999577e+00
4.261499999999999844e+00
4.271980000000000111e+00
4.282460000000000377e+00
4.292939999999999756e+00
4.303420000000000023e+00
4.310410000000000075e+00
4.320890000000000342e+00
4.331360000000000099e+00
4.341840000000000366e+00
4.352319999999999744e+00
4.362800000000000011e+00
4.373280000000000278e+00
4.380270000000000330e+00
4.390740000000000087e+00
4.401220000000000354e+00
4.411699999999999733e+00
4.422180000000000000e+00
4.432660000000000267e+00
4.443139999999999645e+00
4.450120000000000076e+00
4.460600000000000342e+00
4.471079999999999721e+00
4.481559999999999988e+00
4.492029999999999745e+00
4.502510000000000012e+00
4.512990000000000279e+00
4.523469999999999658e+00
4.530459999999999710e+00
4.540930000000000355e+00
4.551409999999999734e+00
4.561890000000000001e+00
4.572370000000000267e+00
4.582849999999999646e+00
4.593329999999999913e+00
4.600310000000000343e+00
4.610789999999999722e+00
4.621269999999999989e+00
4.631750000000000256e+00
4.642229999999999634e+00
4.652709999999999901e+00
4.663190000000000168e+00
4.670180000000000220e+00
4.680659999999999599e+00
4.691139999999999866e+00
4.701620000000000132e+00
4.712100000000000399e+00
4.722579999999999778e+00
4.733060000000000045e+00
4.740050000000000097e+00
4.750530000000000364e+00
4.761009999999999742e+00
4.771490000000000009e+00
4.781959999999999766e+00
4.792440000000000033e+00
4.802920000000000300e+00
4.813399999999999679e+00
4.820389999999999731e+00
4.830869999999999997e+00
4.841350000000000264e+00
4.851829999999999643e+00
4.862300000000000288e+00
4.872779999999999667e+00
4.883259999999999934e+00
4.890249999999999986e+00
4.900730000000000253e+00
4.911200000000000010e+00
4.921680000000000277e+00
4.932159999999999656e+00
4.942639999999999922e+00
4.953120000000000189e+00
4.960099999999999731e+00
4.970579999999999998e+00
4.981060000000000265e+00
4.991539999999999644e+00
5.002019999999999911e+00
5.012489999999999668e+00
5.022969999999999935e+00
5.033450000000000202e+00
5.040440000000000254e+00
5.050919999999999632e+00
5.061390000000000278e+00
5.071869999999999656e+00
5.082349999999999923e+00
5.092830000000000190e+00
5.103309999999999569e+00
5.110299999999999621e+00
5.120779999999999887e+00
5.131260000000000154e+00
5.141740000000000421e+00
5.152219999999999800e+00
5.162689999999999557e+00
5.173169999999999824e+00
5.180159999999999876e+00
5.190640000000000143e+00
5.201120000000000410e+00
5.211599999999999788e+00
5.222080000000000055e+00
5.232560000000000322e+00
5.243039999999999701e+00
5.250029999999999752e+00
5.260510000000000019e+00
5.270990000000000286e+00
5.281469999999999665e+00
5.291949999999999932e+00
5.302430000000000199e+00
5.312909999999999577e+00
5.323389999999999844e+00
5.330370000000000275e+00
5.340849999999999653e+00
5.351329999999999920e+00
5.361810000000000187e+00
5.372289999999999566e+00
5.382760000000000211e+00
5.393239999999999590e+00
5.400229999999999642e+00
5.410709999999999908e+00
5.421190000000000175e+00
5.431659999999999933e+00
5.442140000000000200e+00
5.452619999999999578e+00
5.463099999999999845e+00
5.470080000000000275e+00
5.480559999999999654e+00
5.491039999999999921e+00
5.501520000000000188e+00
5.511999999999999567e+00
5.522479999999999833e+00
5.532949999999999591e+00
5.543429999999999858e+00
5.550419999999999909e+00
5.560900000000000176e+00
5.571380000000000443e+00
5.581859999999999822e+00
5.592329999999999579e+00
5.602809999999999846e+00
5.613290000000000113e+00
5.620280000000000165e+00
5.630760000000000431e+00
5.641239999999999810e+00
5.651720000000000077e+00
5.662200000000000344e+00
5.672679999999999723e+00
5.683159999999999989e+00
5.690140000000000420e+00
5.700619999999999798e+00
5.711100000000000065e+00
5.721580000000000332e+00
5.732059999999999711e+00
5.742539999999999978e+00
5.753020000000000245e+00
5.760010000000000296e+00
5.770489999999999675e+00
5.780969999999999942e+00
5.791450000000000209e+00
5.801929999999999588e+00
5.812409999999999854e+00
5.822890000000000121e+00
5.833370000000000388e+00
5.840349999999999930e+00
5.850830000000000197e+00
5.861309999999999576e+00
5.871789999999999843e+00
5.882270000000000110e+00
5.892750000000000377e+00
5.903220000000000134e+00
5.910210000000000186e+00
5.920689999999999564e+00
5.931169999999999831e+00
5.941650000000000098e+00
5.952119999999999855e+00
5.962600000000000122e+00
5.973080000000000389e+00
5.980070000000000441e+00
5.990540000000000198e+00
6.001019999999999577e+00
6.011499999999999844e+00
6.021980000000000111e+00
6.032460000000000377e+00
6.042939999999999756e+00
6.053410000000000402e+00
6.060399999999999565e+00
6.070879999999999832e+00
6.081360000000000099e+00
6.091840000000000366e+00
6.102319999999999744e+00
6.112800000000000011e+00
6.123280000000000278e+00
6.130259999999999820e+00
6.140740000000000087e+00
6.151220000000000354e+00
6.161699999999999733e+00
6.172180000000000000e+00
6.182660000000000267e+00
6.193139999999999645e+00
6.200129999999999697e+00
6.210609999999999964e+00
6.221090000000000231e+00
6.231569999999999609e+00
6.242049999999999876e+00
6.252530000000000143e+00
6.263010000000000410e+00
6.273489999999999789e+00
6.280470000000000219e+00
6.290949999999999598e+00
6.301429999999999865e+00
6.311910000000000132e+00
6.322390000000000398e+00
6.332869999999999777e+00
6.343350000000000044e+00
6.350340000000000096e+00
6.360809999999999853e+00
6.371290000000000120e+00
6.381770000000000387e+00
6.392249999999999766e+00
6.402730000000000032e+00
6.413210000000000299e+00
6.420189999999999841e+00
6.430670000000000108e+00
6.441150000000000375e+00
6.451629999999999754e+00
6.462110000000000021e+00
6.472579999999999778e+00
6.483060000000000045e+00
6.490050000000000097e+00
6.500530000000000364e+00
6.511000000000000121e+00
6.521480000000000388e+00
6.531959999999999766e+00
6.542440000000000033e+00
6.552920000000000300e+00
6.563399999999999679e+00
6.570380000000000109e+00
6.580860000000000376e+00
6.591339999999999755e+00
6.601820000000000022e+00
6.612300000000000288e+00
6.622779999999999667e+00
6.633259999999999934e+00
6.640240000000000364e+00
6.650719999999999743e+00
6.661200000000000010e+00
6.671680000000000277e+00
6.682159999999999656e+00
6.692639999999999922e+00
6.703120000000000189e+00
6.710110000000000241e+00
6.720589999999999620e+00
6.731069999999999887e+00
6.741550000000000153e+00
6.752030000000000420e+00
6.762509999999999799e+00
6.772990000000000066e+00
6.783470000000000333e+00
6.790460000000000385e+00
6.800939999999999763e+00
6.811420000000000030e+00
6.821889999999999787e+00
6.832370000000000054e+00
6.842850000000000321e+00
6.853329999999999700e+00
6.860319999999999752e+00
6.870800000000000018e+00
6.881269999999999776e+00
6.891750000000000043e+00
6.902230000000000310e+00
6.912709999999999688e+00
6.923189999999999955e+00
6.930170000000000385e+00
6.940649999999999764e+00
6.951130000000000031e+00
6.961610000000000298e+00
6.972089999999999677e+00
6.982560000000000322e+00
6.993039999999999701e+00
7.000029999999999752e+00
7.010510000000000019e+00
7.020990000000000286e+00
7.031460000000000043e+00
7.041940000000000310e+00
7.052419999999999689e+00
7.062899999999999956e+00
7.073380000000000223e+00
7.080359999999999765e+00
7.090840000000000032e+00
7.101320000000000299e+00
7.111799999999999677e+00
7.122279999999999944e+00
7.132760000000000211e+00
7.143239999999999590e+00
7.150229999999999642e+00
7.160709999999999908e+00
7.171190000000000175e+00
7.181670000000000442e+00
7.192149999999999821e+00
7.202630000000000088e+00
7.213110000000000355e+00
7.220089999999999897e+00
7.230570000000000164e+00
7.241050000000000431e+00
7.251529999999999809e+00
7.262010000000000076e+00
7.272490000000000343e+00
7.282969999999999722e+00
7.293449999999999989e+00
7.300440000000000040e+00
7.310920000000000307e+00
7.321399999999999686e+00
7.331879999999999953e+00
7.342360000000000220e+00
7.352829999999999977e+00
7.363310000000000244e+00
7.370300000000000296e+00
7.380779999999999674e+00
7.391259999999999941e+00
7.401729999999999698e+00
7.412209999999999965e+00
7.422690000000000232e+00
7.433169999999999611e+00
7.440150000000000041e+00
7.450630000000000308e+00
7.461109999999999687e+00
7.471589999999999954e+00
7.482070000000000221e+00
7.492549999999999599e+00
7.503020000000000245e+00
7.510010000000000296e+00
7.520489999999999675e+00
7.530969999999999942e+00
7.541450000000000209e+00
7.551919999999999966e+00
7.562400000000000233e+00
7.572879999999999612e+00
7.583359999999999879e+00
7.590349999999999930e+00
7.600830000000000197e+00
7.611309999999999576e+00
7.621780000000000221e+00
7.632259999999999600e+00
7.642739999999999867e+00
7.653220000000000134e+00
7.660210000000000186e+00
7.670689999999999564e+00
7.681169999999999831e+00
7.691650000000000098e+00
7.702130000000000365e+00
7.712609999999999744e+00
7.723090000000000011e+00
7.730080000000000062e+00
7.740560000000000329e+00
7.751039999999999708e+00
7.761519999999999975e+00
7.772000000000000242e+00
7.782479999999999620e+00
7.792959999999999887e+00
7.803440000000000154e+00
7.810419999999999696e+00
7.820899999999999963e+00
7.831380000000000230e+00
7.841859999999999609e+00
7.852339999999999876e+00
7.862820000000000142e+00
7.873289999999999900e+00
7.880279999999999951e+00
7.890760000000000218e+00
7.901239999999999597e+00
7.911719999999999864e+00
7.922189999999999621e+00
7.932669999999999888e+00
7.943150000000000155e+00
7.950140000000000207e+00
7.960609999999999964e+00
7.971090000000000231e+00
7.981569999999999609e+00
7.992049999999999876e+00
8.002530000000000143e+00
8.013009999999999522e+00
8.023479999999999279e+00
8.030469999999999331e+00
8.040950000000000486e+00
8.051429999999999865e+00
8.061909999999999243e+00
8.072380000000000777e+00
8.082860000000000156e+00
8.093339999999999534e+00
8.100329999999999586e+00
8.110810000000000741e+00
8.121290000000000120e+00
8.131769999999999499e+00
8.142250000000000654e+00
8.152730000000000032e+00
8.163209999999999411e+00
8.170189999999999841e+00
8.180669999999999220e+00
8.191150000000000375e+00
8.201629999999999754e+00
8.212109999999999133e+00
8.222590000000000288e+00
8.233069999999999666e+00
8.240059999999999718e+00
8.250540000000000873e+00
8.261020000000000252e+00
8.271499999999999631e+00
8.281980000000000786e+00
8.292460000000000164e+00
8.302939999999999543e+00
8.313420000000000698e+00
8.320399999999999352e+00
8.330880000000000507e+00
8.341359999999999886e+00
8.351839999999999264e+00
8.362320000000000420e+00
8.372799999999999798e+00
8.383279999999999177e+00
8.390259999999999607e+00
8.400740000000000762e+00
8.411220000000000141e+00
8.421699999999999520e+00
8.432180000000000675e+00
8.442650000000000432e+00
8.453129999999999811e+00
8.460119999999999862e+00
8.470599999999999241e+00
8.481070000000000775e+00
8.491550000000000153e+00
8.502029999999999532e+00
8.512510000000000687e+00
8.522990000000000066e+00
8.533469999999999445e+00
8.540449999999999875e+00
8.550929999999999254e+00
8.561410000000000409e+00
8.571889999999999787e+00
8.582369999999999166e+00
8.592850000000000321e+00
8.603329999999999700e+00
8.610310000000000130e+00
8.620789999999999509e+00
8.631270000000000664e+00
8.641750000000000043e+00
8.652229999999999421e+00
8.662710000000000576e+00
8.673189999999999955e+00
8.680180000000000007e+00
8.690659999999999386e+00
8.701140000000000541e+00
8.711619999999999919e+00
8.722099999999999298e+00
8.732580000000000453e+00
8.743059999999999832e+00
8.750040000000000262e+00
8.760519999999999641e+00
8.771000000000000796e+00
8.781480000000000175e+00
8.791959999999999553e+00
8.802440000000000708e+00
8.812920000000000087e+00
8.823399999999999466e+00
8.830389999999999517e+00
8.840859999999999275e+00
8.851340000000000430e+00
8.861819999999999808e+00
8.872299999999999187e+00
8.882780000000000342e+00
8.893259999999999721e+00
8.900240000000000151e+00
8.910719999999999530e+00
8.921200000000000685e+00
8.931680000000000064e+00
8.942159999999999442e+00
8.952640000000000597e+00
8.963110000000000355e+00
8.970100000000000406e+00
8.980579999999999785e+00
8.991059999999999164e+00
9.001530000000000697e+00
9.012010000000000076e+00
9.022489999999999455e+00
9.032970000000000610e+00
9.043449999999999989e+00
9.050430000000000419e+00
9.060909999999999798e+00
9.071389999999999176e+00
9.081870000000000331e+00
9.092349999999999710e+00
9.102830000000000865e+00
9.113310000000000244e+00
9.120290000000000674e+00
9.130770000000000053e+00
9.141249999999999432e+00
9.151730000000000587e+00
9.162209999999999965e+00
9.172689999999999344e+00
9.183170000000000499e+00
9.190160000000000551e+00
9.200639999999999930e+00
9.211119999999999308e+00
9.221600000000000463e+00
9.232079999999999842e+00
9.242559999999999221e+00
9.253040000000000376e+00
9.260030000000000427e+00
9.270509999999999806e+00
9.280989999999999185e+00
9.291470000000000340e+00
9.301940000000000097e+00
9.312419999999999476e+00
9.322900000000000631e+00
9.333380000000000010e+00
9.340370000000000061e+00
9.350849999999999440e+00
9.361330000000000595e+00
9.371800000000000352e+00
9.382279999999999731e+00
9.392760000000000886e+00
9.403240000000000265e+00
9.410230000000000317e+00
9.420700000000000074e+00
9.431179999999999453e+00
9.441660000000000608e+00
9.452139999999999986e+00
9.462619999999999365e+00
9.473089999999999122e+00
9.480079999999999174e+00
9.490560000000000329e+00
9.501039999999999708e+00
9.511520000000000863e+00
9.521990000000000620e+00
9.532469999999999999e+00
9.542949999999999378e+00
9.553430000000000533e+00
9.560420000000000584e+00
9.570890000000000342e+00
9.581369999999999720e+00
9.591850000000000875e+00
9.602330000000000254e+00
9.612809999999999633e+00
9.623290000000000788e+00
9.630280000000000840e+00
9.640760000000000218e+00
9.651239999999999597e+00
9.661720000000000752e+00
9.672200000000000131e+00
9.682679999999999509e+00
9.693160000000000664e+00
9.700139999999999318e+00
9.710620000000000474e+00
9.721099999999999852e+00
9.731579999999999231e+00
9.742060000000000386e+00
9.752539999999999765e+00
9.763019999999999143e+00
9.770009999999999195e+00
9.780490000000000350e+00
9.790969999999999729e+00
9.801450000000000884e+00
9.811930000000000263e+00
9.822409999999999641e+00
9.832890000000000796e+00
9.843360000000000554e+00
9.850350000000000605e+00
9.860829999999999984e+00
9.871309999999999363e+00
9.881790000000000518e+00
9.892260000000000275e+00
9.902739999999999654e+00
9.913220000000000809e+00
9.920210000000000861e+00
9.930690000000000239e+00
9.941159999999999997e+00
9.951639999999999375e+00
9.962120000000000530e+00
9.972599999999999909e+00
9.983079999999999288e+00
9.990059999999999718e+00
1.000050000000000061e+01
1.001099999999999923e+01
1.002149999999999963e+01
1.003200000000000003e+01
1.004250000000000043e+01
1.005289999999999928e+01
1.006339999999999968e+01
1.007039999999999935e+01
1.008089999999999975e+01
1.009140000000000015e+01
1.010180000000000078e+01
1.011229999999999940e+01
1.012279999999999980e+01
1.013330000000000020e+01
1.014029999999999987e+01
1.015070000000000050e+01
1.016119999999999912e+01
1.017169999999999952e+01
1.018219999999999992e+01
1.019270000000000032e+01
1.020309999999999917e+01
1.021010000000000062e+01
1.022059999999999924e+01
1.023109999999999964e+01
1.024160000000000004e+01
1.025200000000000067e+01
1.026249999999999929e+01
1.027299999999999969e+01
1.028350000000000009e+01
1.029049999999999976e+01
1.030100000000000016e+01
1.031140000000000079e+01
1.032189999999999941e+01
1.033239999999999981e+01
1.034290000000000020e+01
1.035330000000000084e+01
1.036030000000000051e+01
1.037079999999999913e+01
1.038129999999999953e+01
1.039179999999999993e+01
1.040220000000000056e+01
1.041269999999999918e+01
1.042319999999999958e+01
1.043019999999999925e+01
1.044069999999999965e+01
1.045110000000000028e+01
1.046160000000000068e+01
1.047209999999999930e+01
1.048259999999999970e+01
1.049310000000000009e+01
1.050000000000000000e+01
1.051050000000000040e+01
1.052100000000000080e+01
1.053149999999999942e+01
1.054199999999999982e+01
1.055240000000000045e+01
1.056290000000000084e+01
1.057339999999999947e+01
1.058039999999999914e+01
1.059089999999999954e+01
1.060130000000000017e+01
1.061180000000000057e+01
1.062229999999999919e+01
1.063279999999999959e+01
1.064329999999999998e+01
1.065019999999999989e+01
1.066070000000000029e+01
1.067120000000000068e+01
1.068169999999999931e+01
1.069219999999999970e+01
1.070260000000000034e+01
1.071310000000000073e+01
1.072010000000000041e+01
1.073060000000000080e+01
1.074109999999999943e+01
1.075150000000000006e+01
1.076200000000000045e+01
1.077250000000000085e+01
1.078299999999999947e+01
1.079349999999999987e+01
1.080049999999999955e+01
1.081090000000000018e+01
1.082140000000000057e+01
1.083189999999999920e+01
1.084239999999999959e+01
1.085280000000000022e+01
1.086330000000000062e+01
1.087030000000000030e+01
1.088080000000000069e+01
1.089129999999999932e+01
1.090169999999999995e+01
1.091220000000000034e+01
1.092270000000000074e+01
1.093319999999999936e+01
1.094020000000000081e+01
1.095059999999999967e+01
1.096110000000000007e+01
1.097160000000000046e+01
1.098210000000000086e+01
1.099259999999999948e+01
1.100300000000000011e+01
1.100999999999999979e+01
1.102050000000000018e+01
1.103100000000000058e+01
1.104149999999999920e+01
1.105189999999999984e+01
1.106240000000000023e+01
1.107290000000000063e+01
1.108339999999999925e+01
1.109040000000000070e+01
1.110079999999999956e+01
1.111129999999999995e+01
1.112180000000000035e+01
1.113230000000000075e+01
1.114279999999999937e+01
1.115320000000000000e+01
1.116019999999999968e+01
1.117070000000000007e+01
1.118120000000000047e+01
1.119170000000000087e+01
1.120209999999999972e+01
1.121260000000000012e+01
1.122310000000000052e+01
1.123010000000000019e+01
1.124060000000000059e+01
1.125109999999999921e+01
1.126149999999999984e+01
1.127200000000000024e+01
1.128250000000000064e+01
1.129299999999999926e+01
1.130349999999999966e+01
1.131039999999999957e+01
1.132089999999999996e+01
1.133140000000000036e+01
1.134190000000000076e+01
1.135239999999999938e+01
1.136280000000000001e+01
1.137330000000000041e+01
1.138030000000000008e+01
1.139080000000000048e+01
1.140130000000000088e+01
1.141169999999999973e+01
1.142220000000000013e+01
1.143270000000000053e+01
1.144319999999999915e+01
1.145020000000000060e+01
1.146059999999999945e+01
1.147109999999999985e+01
1.148160000000000025e+01
1.149210000000000065e+01
1.150249999999999950e+01
1.151299999999999990e+01
1.151999999999999957e+01
1.153049999999999997e+01
1.154100000000000037e+01
1.155139999999999922e+01
1.156189999999999962e+01
1.157240000000000002e+01
1.158290000000000042e+01
1.159340000000000082e+01
1.160030000000000072e+01
1.161079999999999934e+01
1.162129999999999974e+01
1.163180000000000014e+01
1.164230000000000054e+01
1.165269999999999939e+01
1.166319999999999979e+01
1.167019999999999946e+01
1.168069999999999986e+01
1.169120000000000026e+01
1.170159999999999911e+01
1.171209999999999951e+01
1.172259999999999991e+01
1.173310000000000031e+01
1.174009999999999998e+01
1.175060000000000038e+01
1.176099999999999923e+01
1.177149999999999963e+01
1.178200000000000003e+01
1.179250000000000043e+01
1.180300000000000082e+01
1.181339999999999968e+01
1.182039999999999935e+01
1.183089999999999975e+01
1.184140000000000015e+01
1.185190000000000055e+01
1.186229999999999940e+01
1.187279999999999980e+01
1.188330000000000020e+01
1.189029999999999987e+01
1.190080000000000027e+01
1.191119999999999912e+01
1.192169999999999952e+01
1.193219999999999992e+01
1.194270000000000032e+01
1.195309999999999917e+01
1.196010000000000062e+01
1.197059999999999924e+01
1.198109999999999964e+01
1.199160000000000004e+01
1.200200000000000067e+01
1.201249999999999929e+01
1.202299999999999969e+01
1.203350000000000009e+01
1.204049999999999976e+01
1.205090000000000039e+01
1.206140000000000079e+01
1.207189999999999941e+01
1.208239999999999981e+01
1.209290000000000020e+01
1.210330000000000084e+01
1.211030000000000051e+01
1.212079999999999913e+01
1.213129999999999953e+01
1.214179999999999993e+01
1.215220000000000056e+01
1.216269999999999918e+01
1.217319999999999958e+01
1.218019999999999925e+01
1.219069999999999965e+01
1.220120000000000005e+01
1.221160000000000068e+01
1.222209999999999930e+01
1.223259999999999970e+01
1.224310000000000009e+01
1.225009999999999977e+01
1.226050000000000040e+01
1.227100000000000080e+01
1.228149999999999942e+01
1.229199999999999982e+01
1.230250000000000021e+01
1.231290000000000084e+01
1.232339999999999947e+01
1.233039999999999914e+01
1.234089999999999954e+01
1.235139999999999993e+01
1.236180000000000057e+01
1.237229999999999919e+01
1.238279999999999959e+01
1.239329999999999998e+01
1.240029999999999966e+01
1.241070000000000029e+01
1.242120000000000068e+01
1.243169999999999931e+01
1.244219999999999970e+01
1.245270000000000010e+01
1.246310000000000073e+01
1.247010000000000041e+01
1.248060000000000080e+01
1.249109999999999943e+01
1.250150000000000006e+01
1.251200000000000045e+01
1.252250000000000085e+01
1.253299999999999947e+01
1.254349999999999987e+01
1.255039999999999978e+01
1.256090000000000018e+01
1.257140000000000057e+01
1.258189999999999920e+01
1.259239999999999959e+01
1.260280000000000022e+01
1.261330000000000062e+01
1.262030000000000030e+01
1.263080000000000069e+01
1.264129999999999932e+01
1.265169999999999995e+01
1.266220000000000034e+01
1.267270000000000074e+01
1.268319999999999936e+01
1.269020000000000081e+01
1.270069999999999943e+01
1.271110000000000007e+01
1.272160000000000046e+01
1.273210000000000086e+01
1.274259999999999948e+01
1.275309999999999988e+01
1.275999999999999979e+01
1.277050000000000018e+01
1.278100000000000058e+01
1.279149999999999920e+01
1.280199999999999960e+01
1.281240000000000023e+01
1.282290000000000063e+01
1.283339999999999925e+01
1.284040000000000070e+01
1.285089999999999932e+01
1.286129999999999995e+01
1.287180000000000035e+01
1.288230000000000075e+01
1.289279999999999937e+01
1.290329999999999977e+01
1.291019999999999968e+01
1.292070000000000007e+01
1.293120000000000047e+01
1.294170000000000087e+01
1.295219999999999949e+01
1.296260000000000012e+01
1.297310000000000052e+01
1.298010000000000019e+01
1.299060000000000059e+01
1.300109999999999921e+01
1.301149999999999984e+01
1.302200000000000024e+01
1.303250000000000064e+01
1.304299999999999926e+01
1.305339999999999989e+01
1.306039999999999957e+01
1.307089999999999996e+01
1.308140000000000036e+01
1.309190000000000076e+01
1.310229999999999961e+01
1.311280000000000001e+01
1.312330000000000041e+01
1.313030000000000008e+01
1.314080000000000048e+01
1.315130000000000088e+01
1.316169999999999973e+01
1.317220000000000013e+01
1.318270000000000053e+01
1.319319999999999915e+01
1.320020000000000060e+01
1.321059999999999945e+01
1.322109999999999985e+01
1.323160000000000025e+01
1.324210000000000065e+01
1.325259999999999927e+01
1.326299999999999990e+01
1.326999999999999957e+01
1.328049999999999997e+01
1.329100000000000037e+01
1.330150000000000077e+01
1.331189999999999962e+01
1.332240000000000002e+01
1.333290000000000042e+01
1.334340000000000082e+01
1.335040000000000049e+01
1.336079999999999934e+01
1.337129999999999974e+01
1.338180000000000014e+01
1.339230000000000054e+01
1.340279999999999916e+01
1.341319999999999979e+01
1.342019999999999946e+01
1.343069999999999986e+01
1.344120000000000026e+01
1.345170000000000066e+01
1.346209999999999951e+01
1.347259999999999991e+01
1.348310000000000031e+01
1.349009999999999998e+01
1.350060000000000038e+01
1.351099999999999923e+01
1.352149999999999963e+01
1.353200000000000003e+01
1.354250000000000043e+01
1.355289999999999928e+01
1.356339999999999968e+01
1.357039999999999935e+01
1.358089999999999975e+01
1.359140000000000015e+01
1.360180000000000078e+01
1.361229999999999940e+01
1.362279999999999980e+01
1.363330000000000020e+01
1.364029999999999987e+01
1.365080000000000027e+01
1.366119999999999912e+01
1.367169999999999952e+01
1.368219999999999992e+01
1.369270000000000032e+01
1.370320000000000071e+01
1.371010000000000062e+01
1.372059999999999924e+01
1.373109999999999964e+01
1.374160000000000004e+01
1.375210000000000043e+01
1.376249999999999929e+01
1.377299999999999969e+01
1.377999999999999936e+01
1.379049999999999976e+01
1.380100000000000016e+01
1.381140000000000079e+01
1.382189999999999941e+01
1.383239999999999981e+01
1.384290000000000020e+01
1.385340000000000060e+01
1.386030000000000051e+01
1.387079999999999913e+01
1.388129999999999953e+01
1.389179999999999993e+01
1.390230000000000032e+01
1.391269999999999918e+01
1.392319999999999958e+01
1.393019999999999925e+01
1.394069999999999965e+01
1.395120000000000005e+01
1.396160000000000068e+01
1.397209999999999930e+01
1.398259999999999970e+01
1.399310000000000009e+01
1.400009999999999977e+01
1.401050000000000040e+01
1.402100000000000080e+01
1.403149999999999942e+01
1.404199999999999982e+01
1.405250000000000021e+01
1.406290000000000084e+01
1.407339999999999947e+01
1.408039999999999914e+01
1.409089999999999954e+01
1.410139999999999993e+01
1.411180000000000057e+01
1.412229999999999919e+01
1.413279999999999959e+01
1.414329999999999998e+01
1.415029999999999966e+01
1.416070000000000029e+01
1.417120000000000068e+01
1.418169999999999931e+01
1.419219999999999970e+01
1.420270000000000010e+01
1.421310000000000073e+01
1.422010000000000041e+01
1.423060000000000080e+01
1.424109999999999943e+01
1.425159999999999982e+01
1.426200000000000045e+01
1.427250000000000085e+01
1.428299999999999947e+01
1.429349999999999987e+01
1.430049999999999955e+01
1.431090000000000018e+01
1.432140000000000057e+01
1.433189999999999920e+01
1.434239999999999959e+01
1.435289999999999999e+01
1.436330000000000062e+01
1.437030000000000030e+01
1.438080000000000069e+01
1.439129999999999932e+01
1.440179999999999971e+01
1.441220000000000034e+01
1.442270000000000074e+01
1.443319999999999936e+01
1.444020000000000081e+01
1.445069999999999943e+01
1.446110000000000007e+01
1.447160000000000046e+01
1.448210000000000086e+01
1.449259999999999948e+01
1.450309999999999988e+01
1.450999999999999979e+01
1.452050000000000018e+01
1.453100000000000058e+01
1.454149999999999920e+01
1.455199999999999960e+01
1.456240000000000023e+01
1.457290000000000063e+01
1.458339999999999925e+01
1.459040000000000070e+01
1.460089999999999932e+01
1.461129999999999995e+01
1.462180000000000035e+01
1.463230000000000075e+01
1.464279999999999937e+01
1.465329999999999977e+01
1.466019999999999968e+01
1.467070000000000007e+01
1.468120000000000047e+01
1.469170000000000087e+01
1.470219999999999949e+01
1.471260000000000012e+01
1.472310000000000052e+01
1.473010000000000019e+01
1.474060000000000059e+01
1.475109999999999921e+01
1.476149999999999984e+01
1.477200000000000024e+01
1.478250000000000064e+01
1.479299999999999926e+01
1.480349999999999966e+01
1.481049999999999933e+01
1.482089999999999996e+01
1.483140000000000036e+01
1.484190000000000076e+01
1.485239999999999938e+01
1.486280000000000001e+01
1.487330000000000041e+01
1.488030000000000008e+01
1.489080000000000048e+01
1.490130000000000088e+01
1.491169999999999973e+01
1.492220000000000013e+01
1.493270000000000053e+01
1.494319999999999915e+01
1.495020000000000060e+01
1.496059999999999945e+01
1.497109999999999985e+01
1.498160000000000025e+01
1.499210000000000065e+01
1.500000000000000000e+01
