8.944492583395913243e-05
8.938742394093424082e-05
8.936241647461429238e-05
8.933820208767428994e-05
8.931753836805000901e-05
8.930017793318256736e-05
8.928326133172959089e-05
8.926625741878524423e-05
8.925660949898883700e-05
8.924335270421579480e-05
8.922818233259022236e-05
8.921555127017199993e-05
8.920386608224362135e-05
8.919084939407184720e-05
8.917916420614346862e-05
8.917202649172395468e-05
8.916115621104836464e-05
8.914926002034917474e-05
8.913951751310378313e-05
8.912984048947691917e-05
8.911867189453914762e-05
8.910964970709756017e-05
8.910398901207372546e-05
8.909447933547198772e-05
8.908553718356415629e-05
8.907703158911317587e-05
8.906763832783326507e-05
8.905852882890030742e-05
8.905100548872724175e-05
8.904322021408006549e-05
8.903700654627755284e-05
8.902977424440905452e-05
8.902267290977761149e-05
8.901442924980074167e-05
8.900729881133884192e-05
8.900046668713912368e-05
8.899287786334753036e-05
8.898787200450897217e-05
8.898126543499529362e-05
8.897459338186308742e-05
8.896696090232580900e-05
8.896052167983725667e-05
8.895416976884007454e-05
8.894650090951472521e-05
8.894252096069976687e-05
8.893626363715156913e-05
8.892925688996911049e-05
8.892151527106761932e-05
8.891451579984277487e-05
8.890760364010930061e-05
8.890282333595678210e-05
8.890060416888445616e-05
8.889604214346036315e-05
8.888902084436267614e-05
8.888203592505306005e-05
8.887534204404801130e-05
8.886805881047621369e-05
8.886143041308969259e-05
8.885552233550697565e-05
8.885120769264176488e-05
8.884396083885803819e-05
8.883817645255476236e-05
8.883212285581976175e-05
8.882486145012080669e-05
8.881916437530890107e-05
8.881338726496323943e-05
8.880892710294574499e-05
8.880253881216049194e-05
8.879700180841609836e-05
8.879089000402018428e-05
8.878447260940447450e-05
8.877911750460043550e-05
8.877346408553421497e-05
8.876914216671139002e-05
8.876391075318679214e-05
8.875859930412843823e-05
8.875191997503861785e-05
8.874616469256579876e-05
8.874134800862520933e-05
8.873597107594832778e-05
8.873069600667804480e-05
8.872741454979404807e-05
8.872246689861640334e-05
8.871676982380449772e-05
8.871206227922812104e-05
8.870744932210072875e-05
8.870182500686496496e-05
8.869727025739848614e-05
8.869433804647997022e-05
8.868941222317516804e-05
8.868441364029422402e-05
8.867997530614957213e-05
8.867528958944603801e-05
8.867010910762473941e-05
8.866569987731054425e-05
8.866285497788339853e-05
8.865808194968849421e-05
8.865426934789866209e-05
8.865012932801619172e-05
8.864471601555123925e-05
8.863913535606116056e-05
8.863391849445179105e-05
8.863004040904343128e-05
8.862390677677467465e-05
8.861960668582469225e-05
8.861570677254348993e-05
8.861096284817904234e-05
8.860670641297474504e-05
8.860239904606714845e-05
8.859708759700879455e-05
8.859413355821743608e-05
8.858984801918268204e-05
8.858518413035199046e-05
8.858023647917434573e-05
8.857602369971573353e-05
8.857155626174062490e-05
8.856655040290206671e-05
8.856374188326299191e-05
8.855969645082950592e-05
8.855490159476175904e-05
8.855062333168461919e-05
8.854665065882727504e-05
8.854227053234353662e-05
8.853825420374050736e-05
8.853564941091462970e-05
8.853152394294738770e-05
8.852642349665984511e-05
8.852245809976011515e-05
8.851882739691063762e-05
8.851468737702816725e-05
8.851112943375483155e-05
8.850878657540306449e-05
8.850487211020663381e-05
8.850103040458634496e-05
8.849747246131300926e-05
8.849379810271784663e-05
8.848989091347903013e-05
8.848637662595137954e-05
8.848282595863565803e-05
8.847995923133566976e-05
8.847651770338416100e-05
8.847306162351742387e-05
8.846906712278723717e-05
8.846547279972583055e-05
8.846190758049488068e-05
8.845768024912104011e-05
8.845451520755887032e-05
8.845043339533731341e-05
8.844617696013301611e-05
8.844204421620815992e-05
8.843988325679674745e-05
8.843761315802112222e-05
8.843480463838204741e-05
8.843252726364880800e-05
8.842858369462192059e-05
8.842375973472371697e-05
8.841878297971561551e-05
8.841483213473111391e-05
8.841057569952681661e-05
8.840592636261135340e-05
8.840217196848243475e-05
8.839953807182610035e-05
8.839491056278347969e-05
8.839069778332486749e-05
8.838692883728072047e-05
8.838248322717845440e-05
8.837819768814370036e-05
8.837446512188762426e-05
8.837173663778230548e-05
8.836708002490922809e-05
8.836342021822929382e-05
8.835965127218514681e-05
8.835525659378618002e-05
8.835180051391944289e-05
8.834827167447656393e-05
8.834536129143089056e-05
8.834081381792202592e-05
8.833715401124209166e-05
8.833342144498601556e-05
8.832973253447562456e-05
8.832650200929492712e-05
8.832306048134341836e-05
8.832031016936525702e-05
8.831698505673557520e-05
8.831380546325817704e-05
8.831011655274778605e-05
8.830679144011810422e-05
8.830365550238639116e-05
8.830017759464681149e-05
8.829680882627144456e-05
8.829469152260571718e-05
8.829153375700116158e-05
8.828780846670269966e-05
8.828465797705575824e-05
8.828169666230678558e-05
8.827833516988903284e-05
8.827575220493599772e-05
8.827383862808346748e-05
8.827052806736901402e-05
8.826656267046928406e-05
8.826291741570457816e-05
8.825870463624596596e-05
8.825407712720334530e-05
8.825050463201478124e-05
8.824819815345108509e-05
8.824459655443206429e-05
8.824168617138639092e-05
8.823875396046787500e-05
8.823524694889783859e-05
8.823171810945495963e-05
8.822847303235903382e-05
8.822615200188010931e-05
8.822225936455652118e-05
8.821910159895196557e-05
8.821584924589842558e-05
8.821194205665960908e-05
8.820880611892789602e-05
8.820570656098425388e-05
8.820200309855863452e-05
8.819990034680813551e-05
8.819684444461017847e-05
8.819361391942948103e-05
8.819036156637594104e-05
8.818754577077925205e-05
8.818454807624220848e-05
8.818085188977420330e-05
8.817868365440517664e-05
8.817567868391051888e-05
8.817242633085697889e-05
8.816985791781917214e-05
8.816723129712045193e-05
8.816427725832909346e-05
8.816146146273240447e-05
8.815959881758317351e-05
8.815699402475729585e-05
8.815398905426263809e-05
8.815134788164868951e-05
8.814878674456849694e-05
8.814569446258246899e-05
8.814312604954466224e-05
8.814054308459162712e-05
8.813860040390864015e-05
8.813575550448149443e-05
8.813304884824901819e-05
8.813008753350004554e-05
8.812658052193000913e-05
8.812343730824068189e-05
8.811998850433155894e-05
8.811750012682750821e-05
8.811494626570492983e-05
8.811295265331864357e-05
8.811122825136408210e-05
8.810954022919759154e-05
8.810694998828694224e-05
8.810341387288644910e-05
8.810060535324737430e-05
8.809725113678723574e-05
8.809365681372582912e-05
8.808955317363142967e-05
8.808643906377255917e-05
8.808327402221038938e-05
8.807946869637817144e-05
8.807723497739061713e-05
8.807414269540458918e-05
8.807064295979216695e-05
8.806690311757847667e-05
8.806385449133813381e-05
8.806048572296276689e-05
8.805670222500339150e-05
8.805370453046634793e-05
8.805160905467346311e-05
8.804807293927296996e-05
8.804498793324455619e-05
8.804220124147832394e-05
8.803887612884864211e-05
8.803530363366007805e-05
8.803218224784359336e-05
8.802994125289842486e-05
8.802648517303168774e-05
8.802388765616342425e-05
8.802132651908323169e-05
8.801813237369060516e-05
8.801541844150051475e-05
8.801282820058986545e-05
8.801084914011880755e-05
8.800801151664927602e-05
8.800545037956908345e-05
8.800275099929422140e-05
8.799988427199423313e-05
8.799735951470211148e-05
8.799475472187623382e-05
8.799265197012573481e-05
8.799009083304554224e-05
8.798762428341433406e-05
8.798494673101231456e-05
8.798273483989760280e-05
8.798047201707959175e-05
8.797787450021132827e-05
8.797487680567428470e-05
8.797296322882175446e-05
8.796968904789537191e-05
8.796578185865655541e-05
8.796271140454337001e-05
8.795948087936267257e-05
8.795599569566547871e-05
8.795334724709391594e-05
8.795176836429163814e-05
8.794925088295713067e-05
8.794647874310612679e-05
8.794384484644979239e-05
8.794094901531934738e-05
8.793768211035057902e-05
8.793501183390617371e-05
8.793319284450262785e-05
8.793003507889807224e-05
8.792721928330138326e-05
8.792461449047550559e-05
8.792162407189607620e-05
8.791879372438415885e-05
8.791621075943112373e-05
8.791340951574966311e-05
8.791145228315144777e-05
8.790905121713876724e-05
8.790675929049029946e-05
8.790384163148701191e-05
8.790122956270352006e-05
8.789856656221672893e-05
8.789552521193400025e-05
8.789401908870786428e-05
8.789183630142360926e-05
8.788967534201219678e-05
8.788730337982997298e-05
8.788504055701196194e-05
8.788282138993963599e-05
8.788039849605411291e-05
8.787897968431934714e-05
8.787682600086554885e-05
8.787437400314956903e-05
8.787221304373815656e-05
8.787003753241151571e-05
8.786768739810213447e-05
8.786544640315696597e-05
8.786391117610037327e-05
8.786164107732474804e-05
8.785879617789760232e-05
8.785622048890218139e-05
8.785342652117833495e-05
8.785010140854865313e-05
8.784763485891744494e-05
8.784567762631922960e-05
8.784459350863471627e-05
8.784349483903497458e-05
8.784184319665655494e-05
8.783976227277889848e-05
8.783671364653855562e-05
8.783383236732333899e-05
8.783055091043934226e-05
8.782808436080813408e-05
8.782499207882210612e-05
8.782218355918303132e-05
8.781898941379040480e-05
8.781591895967721939e-05
8.781325595919042826e-05
8.781015640124678612e-05
8.780784264672547579e-05
8.780517964623868465e-05
8.780229836702346802e-05
8.779887866694480181e-05
8.779620839050039649e-05
8.779344352660700679e-05
8.779022027738392353e-05
8.778840128798037767e-05
8.778594201430678368e-05
8.778324990998953581e-05
8.778025949141010642e-05
8.777758921496570110e-05
8.777452603681012988e-05
8.777125913184136152e-05
8.776890172157436609e-05
8.776740287430584431e-05
8.776483446126803756e-05
8.776250615483149886e-05
8.776022150414064527e-05
8.775762398727238178e-05
8.775521564530208707e-05
8.775299647822976112e-05
8.775147580308839679e-05
8.774892194196581841e-05
8.774671732680872083e-05
8.774457091931253672e-05
8.774193702265620232e-05
8.773973968345671892e-05
8.773761510383337736e-05
8.773606532486155629e-05
8.773395529715344310e-05
8.773202716838568449e-05
8.773009903961792588e-05
8.772771980147808790e-05
8.772534056333824992e-05
8.772256842348724604e-05
8.771928696660324931e-05
8.771750435698777437e-05
8.771468856139108539e-05
8.771146531216800213e-05
8.770852582529187202e-05
8.770623389864340425e-05
8.770390559220686555e-05
8.770167187321931124e-05
8.770020212978124619e-05
8.769794658292084932e-05
8.769505802774801850e-05
8.769266423769295216e-05
8.769023406784981489e-05
8.768734551267698407e-05
8.768489351496100426e-05
8.768339466769248247e-05
8.768086991040036082e-05
8.767822146182879806e-05
8.767593681113794446e-05
8.767352846916764975e-05
8.767090912442654371e-05
8.766876999288797379e-05
8.766742394072934985e-05
8.766507380641996861e-05
8.766289101913571358e-05
8.766062819631770253e-05
8.765794336795806885e-05
8.765550592215731740e-05
8.765347592998296022e-05
8.765152597334235907e-05
8.765024540480226278e-05
8.764833910390734673e-05
8.764647645875811577e-05
8.764426456764340401e-05
8.764242375036701560e-05
8.764057565713301301e-05
8.763840742176398635e-05
8.763725782046094537e-05
8.763534424360841513e-05
8.763343794271349907e-05
8.763145160628482699e-05
8.762953075347468257e-05
8.762757352087646723e-05
8.762522338656708598e-05
8.762372453929856420e-05
8.762147626839578152e-05
8.761865319684147835e-05
8.761603385210037231e-05
8.761390927247703075e-05
8.761203935137018561e-05
8.761094068177044392e-05
8.761019853409379721e-05
8.760886703385040164e-05
8.760699711274355650e-05
8.760470518609508872e-05
8.760201308177784085e-05
8.759865158936008811e-05
8.759592310525476933e-05
8.759322372497990727e-05
8.759124466450884938e-05
8.758826152188703418e-05
8.758586773183196783e-05
8.758317562751471996e-05
8.758018520893529058e-05
8.757778414292261004e-05
8.757510659052059054e-05
8.757306204643100500e-05
8.757037721807137132e-05
8.756793977227061987e-05
8.756509487284347415e-05
8.756240276852622628e-05
8.756014722166582942e-05
8.755765156820416451e-05
8.755586168263107538e-05
8.755359885981306434e-05
8.755103772273287177e-05
8.754785812925547361e-05
8.754542068345472217e-05
8.754318696446716785e-05
8.754076407058164477e-05
8.753882138989865780e-05
8.753750444157049060e-05
8.753532893024384975e-05
8.753298607189208269e-05
8.753097790759056807e-05
8.752894063945859671e-05
8.752671419642865658e-05
8.752475696383044124e-05
8.752349822316318750e-05
8.752124267630279064e-05
8.751921996008604765e-05
8.751727000344544649e-05
8.751516725169494748e-05
8.751330460654571652e-05
8.751157292863354087e-05
8.751049608690664172e-05
8.750858251005411148e-05
8.750662527745589614e-05
8.750445704208686948e-05
8.750153938308358192e-05
8.749917469685897231e-05
8.749663538765162230e-05
8.749469270696863532e-05
8.749173866817727685e-05
8.748939580982550979e-05
8.748702384764328599e-05
8.748473192099481821e-05
8.748286927584558725e-05
8.748097025090828538e-05
8.747859101276844740e-05
8.747714309720322490e-05
8.747500396566465497e-05
8.747247193241491914e-05
8.747008541831746697e-05
8.746795356273651123e-05
8.746559615246951580e-05
8.746323874220252037e-05
8.746184903429821134e-05
8.745971717871725559e-05
8.745720697334036231e-05
8.745519880903884768e-05
8.745329978410154581e-05
8.745111699681729078e-05
8.744931255932897329e-05
8.744803926674649119e-05
8.744583465158939362e-05
8.744336810195818543e-05
8.744133810978382826e-05
8.743940998101606965e-05
8.743764919927343726e-05
8.743601210881024599e-05
8.743498619878664613e-05
8.743306534597650170e-05
8.743140642764046788e-05
8.742970385355874896e-05
8.742787031223997474e-05
8.742623322177678347e-05
8.742454519961029291e-05
8.742281352169811726e-05
8.742163481656461954e-05
8.741997589822858572e-05
8.741833153180778027e-05
8.741630881559103727e-05
8.741440979065373540e-05
8.741245983401313424e-05
8.740991324884817004e-05
8.740835619391873479e-05
8.740621706238016486e-05
8.740412886254489422e-05
8.740248449612408876e-05
8.740142220631241798e-05
8.740037446841597557e-05
8.739928307477384806e-05
8.739815530134364963e-05
8.739619079278782010e-05
8.739344048080965877e-05
8.739072654861956835e-05
8.738819451536983252e-05
8.738536416785791516e-05
8.738258475204929709e-05
8.738033648114651442e-05
8.737867756281048059e-05
8.737581083551049232e-05
8.737362077226862311e-05
8.737126336200162768e-05
8.736844756640493870e-05
8.736608288018032908e-05
8.736376184970140457e-05
8.736200834391638637e-05
8.735932351555675268e-05
8.735717710806056857e-05
8.735487062949687243e-05
8.735244773561134934e-05
8.735043957130983472e-05
8.734816947253420949e-05
8.734629227546975017e-05
8.734374569030478597e-05
8.734146103961393237e-05
8.733908180147409439e-05
8.733710274100303650e-05
8.733532740734517574e-05
8.733337017474696040e-05
8.733192953513935208e-05
8.733004506211727858e-05
8.732819696888327599e-05
8.732607966521754861e-05
8.732430433155968785e-05
8.732257992960512638e-05
8.732047717785462737e-05
8.731869456823915243e-05
8.731750858714804053e-05
8.731563866604119539e-05
8.731375419301912189e-05
8.731212437851354480e-05
8.731064735911786556e-05
8.730904664844274521e-05
8.730736590223386884e-05
8.730621630093082786e-05
8.730389527045190334e-05
8.730158151593059301e-05
8.729936962481588125e-05
8.729675755603238940e-05
8.729414548724889755e-05
8.729189721634611487e-05
8.729027467779815197e-05
8.728767716092988849e-05
8.728585817152634263e-05
8.728416287340223789e-05
8.728213288122788072e-05
8.728031389182433486e-05
8.727842214284464717e-05
8.727690146770328283e-05
8.727458043722435832e-05
8.727258682483807206e-05
8.727043314138427377e-05
8.726811938686296344e-05
8.726621308596804738e-05
8.726419764570891857e-05
8.726190571906045079e-05
8.726064697839319706e-05
8.725882071303203702e-05
8.725681982468813658e-05
8.725510269869118929e-05
8.725340740056708455e-05
8.725146471988409758e-05
8.724931103643029928e-05
8.724800136405974627e-05
8.724604413146153092e-05
8.724403596716001630e-05
8.724261715542525053e-05
8.724119834369048476e-05
8.723953942535445094e-05
8.723809150978922844e-05
8.723701466806232929e-05
8.723542123334482312e-05
8.723384235054254532e-05
8.723229984752833843e-05
8.723083010409027338e-05
8.722925849724560976e-05
8.722774509806185961e-05
8.722627535462379456e-05
8.722506026970222592e-05
8.722348138689994812e-05
8.722177153686061502e-05
8.721968333702534437e-05
8.721752965357154608e-05
8.721553604118525982e-05
8.721338963368907571e-05
8.721198537386953831e-05
8.721069752937182784e-05
8.720960613572970033e-05
8.720884216018021107e-05
8.720786718185991049e-05
8.720639016246423125e-05
8.720413461560383439e-05
8.720254845684394240e-05
8.720029290998354554e-05
8.719763718545436859e-05
8.719484321773052216e-05
8.719267498236149549e-05
8.719027391634881496e-05
8.718758181203156710e-05
8.718620665604248643e-05
8.718408207641914487e-05
8.718158642295747995e-05
8.717918535694479942e-05
8.717708260519430041e-05
8.717462333152070642e-05
8.717212767805904150e-05
8.717008313396945596e-05
8.716859156265854836e-05
8.716613956494256854e-05
8.716429147170856595e-05
8.716236334294080734e-05
8.715991862118244171e-05
8.715771400602534413e-05
8.715545118320733309e-05
8.715380681678652763e-05
8.715155854588374496e-05
8.714984869584441185e-05
8.714813884580507874e-05
8.714628347661346197e-05
8.714456635061651468e-05
8.714279829291626811e-05
8.714141586096957326e-05
8.713973511476069689e-05
8.713811985217034817e-05
8.713628631085157394e-05
8.713456918485462666e-05
8.713291026651859283e-05
8.713112038094550371e-05
8.712989802006632090e-05
8.712834096513688564e-05
8.712692215340211987e-05
8.712540147826075554e-05
8.712409908184781671e-05
8.712259295862168074e-05
8.712056296644732356e-05
8.711859845789149404e-05
8.711728150956332684e-05
8.711496775504201651e-05
8.711250848136842251e-05
8.711044938536360860e-05
8.710809197509661317e-05
8.710547990631312132e-05
8.710361726116389036e-05
8.710244583198800683e-05
8.710059773875400424e-05
8.709899702807888389e-05
8.709733810974285007e-05
8.709537360118702054e-05
8.709330722922459245e-05
8.709143003216013312e-05
8.709007670404389501e-05
8.708777750143781304e-05
8.708597306394949555e-05
8.708413952263072133e-05
8.708194945938885212e-05
8.708012319402769208e-05
8.707839151611551642e-05
8.707640517968684435e-05
8.707531378604471684e-05
8.707375673111528158e-05
8.707216329639777541e-05
8.707027154741808772e-05
8.706849621376022696e-05
8.706656808499246836e-05
8.706450171303004026e-05
8.706352673470973969e-05
8.706211519893258810e-05
8.706070366315543652e-05
8.705945947440341115e-05
8.705804066266864538e-05
8.705652726348489523e-05
8.705507207196205854e-05
8.705410436959937215e-05
8.705277286935597658e-05
8.705130312591791153e-05
8.704999345354735851e-05
8.704864740138873458e-05
8.704709034645929933e-05
8.704571519047021866e-05
8.704470383236184716e-05
8.704301581019535661e-05
8.704109495738521218e-05
8.703928324393928051e-05
8.703726052772253752e-05
8.703509956831112504e-05
8.703357161721214652e-05
8.703238563612103462e-05
8.703170169610530138e-05
8.703117782715708017e-05
8.703016646904870868e-05
8.702881314093247056e-05
8.702695049578323960e-05
8.702492050360888243e-05
8.702238847035914660e-05
8.702058403287082911e-05
8.701840852154418826e-05
8.701610204298049212e-05
8.701350452611222863e-05
8.701141632627695799e-05
8.700934995431452990e-05
8.700694161234423518e-05
8.700543548911809921e-05
8.700349280843511224e-05
8.700122998561710119e-05
8.699877071194350719e-05
8.699682075530290604e-05
8.699463069206103683e-05
8.699225872987881303e-05
8.699103636899963021e-05
8.698929741512984037e-05
8.698722376720979810e-05
8.698512101545929909e-05
8.698313467903062701e-05
8.698072633706033230e-05
8.697841985849663615e-05
8.697669545654207468e-05
8.697555313119664788e-05
8.697379234945401549e-05
8.697224257048219442e-05
8.697070006746798754e-05
8.696876466274261475e-05
8.696719305589795113e-05
8.696567238075658679e-05
8.696454460732638836e-05
8.696288568899035454e-05
8.696134318597614765e-05
8.695973519934341311e-05
8.695800352143123746e-05
8.695649739820510149e-05
8.695512951817363501e-05
8.695409633219242096e-05
8.695295400684699416e-05
8.695165161043405533e-05
8.695012365933507681e-05
8.694840653333812952e-05
8.694661664776504040e-05
8.694444113643839955e-05
8.694222196936607361e-05
8.694097778061404824e-05
8.693887502886354923e-05
8.693635027157142758e-05
8.693432755535468459e-05
8.693242853041738272e-05
8.693046402186155319e-05
8.692895062267780304e-05
8.692794654052704573e-05
8.692636765772476792e-05
8.692451228853315115e-05
8.692279516253620386e-05
8.692090341355651617e-05
8.691873517818748951e-05
8.691701805219054222e-05
8.691584662301465869e-05
8.691385301062837243e-05
8.691201946930959821e-05
8.691034599905833602e-05
8.690848335390910506e-05
8.690677350386977196e-05
8.690526738064363599e-05
8.690429240232333541e-05
8.690264075994491577e-05
8.690108370501548052e-05
8.689940295880660415e-05
8.689730020705610514e-05
8.689563401276245713e-05
8.689420792507007718e-05
8.689276000950485468e-05
8.689211244927719235e-05
8.689084643265232444e-05
8.688958769198507071e-05
8.688819070812314749e-05
8.688682282809168100e-05
8.688556408742442727e-05
8.688423986313864589e-05
8.688345405971631408e-05
8.688219531904906034e-05
8.688083471497520804e-05
8.687961963005363941e-05
8.687825902597978711e-05
8.687672379892319441e-05
8.687508670846000314e-05
8.687399531481787562e-05
8.687221998116001487e-05
8.687004446983337402e-05
8.686834917170926929e-05
8.686690125614404678e-05
8.686560613568872213e-05
8.686504588695243001e-05
8.686458750162273645e-05
8.686369983479380608e-05
8.686257933732122183e-05
8.686096407473087311e-05
8.685889042681083083e-05
8.685636566951870918e-05
8.685429929755628109e-05
8.685200737090781331e-05
8.685031934874132276e-05
8.684812200954183936e-05
8.684614294907078147e-05
8.684389467816799879e-05
8.684169006301090121e-05
8.683985652169212699e-05
8.683768828632310033e-05
8.683605119585990906e-05
8.683417399879544973e-05
8.683212945470586419e-05
8.682975021656602621e-05
8.682789484737440944e-05
8.682614861754700541e-05
8.682414045324549079e-05
8.682292536832392216e-05
8.682117913849651814e-05
8.681904728291556239e-05
8.681660983711481094e-05
8.681476901983842254e-05
8.681292092660441995e-05
8.681115286890417337e-05
8.680973405716940761e-05
8.680883183842524886e-05
8.680716564413160086e-05
8.680557948537170887e-05
8.680408791406080127e-05
8.680247992742806673e-05
8.680095197632908821e-05
8.679951133672147989e-05
8.679852908244356513e-05
8.679684106027707458e-05
8.679538586875423789e-05
8.679403254063799977e-05
8.679254096932709217e-05
8.679147140355780721e-05
8.679029269842430949e-05
8.678944868734106421e-05
8.678804442752152681e-05
8.678650920046493411e-05
8.678468293510377407e-05
8.678253652760758996e-05
8.678076119394972920e-05
8.677876758156344295e-05
8.677721052663400769e-05
8.677515870658680797e-05
8.677321602590382099e-05
8.677114237798377872e-05
8.676934521645307541e-05
8.676789730088785291e-05
8.676642028149217367e-05
8.676485595060512424e-05
8.676381548866629601e-05
8.676217839820310473e-05
8.676010475028306246e-05
8.675842400407418609e-05
8.675672142999246716e-05
8.675474964547902346e-05
8.675303251948207617e-05
8.675199933350086212e-05
8.675025310367345810e-05
8.674844139022752643e-05
8.674695709487423301e-05
8.674550190335139632e-05
8.674400305608287454e-05
8.674260607222095132e-05
8.674166747368872166e-05
8.673984120832756162e-05
8.673805132275447249e-05
8.673649426782503724e-05
8.673494448885321617e-05
8.673378761159256101e-05
8.673264528624713421e-05
8.673194679431617260e-05
8.673070260556414723e-05
8.672946569276973605e-05
8.672824333189055324e-05
8.672688272781670094e-05
8.672582043800503016e-05
8.672466356074437499e-05
8.672337571624666452e-05
8.672271360410377383e-05
8.672146941535174847e-05
8.672021795064210892e-05
8.671875548316165805e-05
8.671730756759643555e-05
8.671569230500608683e-05
8.671370596857741475e-05
8.671258547110483050e-05
8.671099931234493852e-05
8.670941315358504653e-05
8.670841634739190340e-05
8.670770330354571342e-05
8.670698298374190927e-05
8.670637180330231786e-05
8.670555689604952931e-05
8.670410170452669263e-05
8.670187526149675250e-05
8.669995440868660808e-05
8.669777889735996723e-05
8.669530507177114487e-05
8.669326780363917351e-05
8.669128146721050143e-05
8.668981172377243638e-05
8.668754890095442533e-05
8.668579539516940713e-05
8.668380178278312087e-05
8.668153895996510983e-05
8.667978545418009162e-05
8.667778456583619118e-05
8.667625661473721266e-05
8.667423389852046967e-05
8.667249494465067983e-05
8.667058136779814959e-05
8.666880603414028883e-05
8.666721259942278266e-05
8.666526264278218150e-05
8.666370558785274625e-05
8.666182111483067274e-05
8.665984933031722903e-05
8.665779023431241512e-05
8.665637142257764935e-05
8.665506175020709634e-05
8.665351197123527527e-05
8.665260247653350234e-05
8.665116911288350821e-05
8.664965571369975805e-05
8.664809138281270862e-05
8.664672350278124213e-05
8.664534107083454728e-05
8.664379129186272621e-05
8.664239430800080299e-05
8.664152846904471517e-05
8.664006600156426430e-05
8.663890184834599495e-05
8.663775952300056815e-05
8.663664630148559809e-05
8.663550397614017129e-05
8.663416519993916154e-05
8.663316111778840423e-05
8.663116750540211797e-05
8.662950131110846996e-05
8.662768232170492411e-05
8.662551408633589745e-05
8.662372420076280832e-05
8.662183972774073482e-05
8.662041364004835486e-05
8.661828906042501330e-05
8.661676838528364897e-05
8.661529136588796973e-05
8.661381434649229050e-05
8.661246101837605238e-05
8.661099127493798733e-05
8.660975436214357615e-05
8.660804451210424304e-05
8.660645107738673687e-05
8.660460298415273428e-05
8.660284947836771607e-05
8.660130697535350919e-05
8.659958984935656190e-05
8.659785817144438624e-05
8.659685408929362893e-05
8.659542072564363480e-05
8.659384184284135699e-05
8.659262675791978836e-05
8.659134618937969208e-05
8.658969454700127244e-05
8.658807928441092372e-05
8.658706792630255222e-05
8.658541628392413259e-05
8.658393198857083917e-05
8.658281876705586910e-05
8.658180740894749761e-05
8.658078149892389774e-05
8.657964644953608513e-05
8.657889702590182424e-05
8.657758007757365704e-05
8.657652506371960044e-05
8.657540456624701619e-05
8.657428406877443194e-05
8.657327998662367463e-05
8.657215948915109038e-05
8.657099533593282104e-05
8.657013677293434739e-05
8.656883437652140856e-05
8.656749560032039881e-05
8.656571299070492387e-05
8.656416321173310280e-05
8.656255522510036826e-05
8.656080899527296424e-05
8.655991405248641968e-05
8.655895362608134747e-05
8.655820420244708657e-05
8.655786223243921995e-05
8.655712736072018743e-05
8.655602869112044573e-05
8.655428973725065589e-05
8.655315468786284328e-05
8.655121200717985630e-05
8.654886187287047505e-05
8.654672274133190513e-05
8.654481644043698907e-05
8.654264820506796241e-05
8.654045814182609320e-05
8.653935219626873732e-05
8.653746044728904963e-05
8.653526310808956623e-05
8.653353870613500476e-05
8.653170516481623054e-05
8.652952237753197551e-05
8.652763790450990200e-05
8.652586257085204124e-05
8.652457472635433078e-05
8.652270480524748564e-05
8.652122050989419222e-05
8.651955431560054421e-05
8.651751704746857285e-05
8.651578536955639720e-05
8.651377720525488257e-05
8.651231473777443171e-05
8.651055395603179932e-05
8.650918607600033283e-05
8.650776726426556706e-05
8.650647941976785660e-05
8.650516247143968940e-05
8.650370000395923853e-05
8.650263043818995357e-05
8.650128438603132963e-05
8.650000381749123335e-05
8.649849041830748320e-05
8.649719529785215855e-05
8.649592200526967645e-05
8.649443770991638303e-05
8.649366645840927958e-05
8.649251685710623860e-05
8.649149094708263874e-05
8.649049414088949561e-05
8.648935909150168300e-05
8.648812217870727181e-05
8.648641232866793871e-05
8.648485527373850346e-05
8.648371294839307666e-05
8.648173388792201877e-05
8.647993672639131546e-05
8.647824870422482491e-05
8.647623326396569610e-05
8.647412323625758290e-05
8.647252252558246255e-05
8.647143840789794922e-05
8.646975766168907285e-05
8.646856440464034677e-05
8.646730566397309303e-05
8.646569040138274431e-05
8.646419883007183671e-05
8.646269270684570074e-05
8.646150672575458884e-05
8.645970228826627135e-05
8.645821071695536375e-05
8.645659545436501503e-05
8.645480556879192591e-05
8.645336492918431759e-05
8.645189518574625254e-05
8.645032357890158892e-05
8.644954505143687129e-05
8.644833724247291684e-05
8.644699119031429291e-05
8.644557965453714132e-05
8.644410991109907627e-05
8.644242916489019990e-05
8.644082845421507955e-05
8.643999171908944845e-05
8.643892215332016349e-05
8.643792534712702036e-05
8.643703768029808998e-05
8.643600449431687593e-05
8.643474575364962220e-05
8.643374167149886489e-05
8.643297769594937563e-05
8.643195178592577577e-05
8.643099135952070355e-05
8.642998000141233206e-05
8.642896136734634638e-05
8.642784086987376213e-05
8.642664761282503605e-05
8.642588363727554679e-05
8.642438479000702500e-05
8.642292232252657413e-05
8.642145985504612327e-05
8.641972817713394761e-05
8.641813474241644144e-05
8.641693420941010118e-05
8.641604654258117080e-05
8.641572640044614673e-05
8.641534077469259501e-05
8.641463500680401921e-05
8.641361637273803353e-05
8.641219756100326777e-05
8.641050226287916303e-05
8.640824671601876616e-05
8.640682790428400040e-05
8.640499436296522617e-05
8.640289888717234135e-05
8.640070154797285795e-05
8.639895531814545393e-05
8.639704901725053787e-05
8.639490988571196795e-05
8.639378938823938370e-05
8.639210864203050733e-05
8.639010775368660688e-05
8.638815052108839154e-05
8.638645522296428680e-05
8.638450526632368565e-05
8.638263534521684051e-05
8.638166036689653993e-05
8.638014696771278977e-05
8.637829159852117300e-05
8.637674181954935193e-05
8.637494465801864862e-05
8.637274004286155105e-05
8.637092105345800519e-05
8.636942948214709759e-05
8.636843267595395446e-05
8.636711572762578726e-05
8.636591519461944699e-05
8.636466372990980744e-05
8.636318671051412821e-05
8.636186976218596101e-05
8.636058919364586473e-05
8.635958511149510741e-05
8.635834092274308205e-05
8.635710400994867086e-05
8.635572885395959020e-05
8.635447738924995065e-05
8.635333506390452385e-05
8.635227277409285307e-05
8.635161793790757656e-05
8.635072299512103200e-05
8.634969708509743214e-05
8.634831465315073729e-05
8.634691766928881407e-05
8.634537516627460718e-05
8.634343976154923439e-05
8.634180267108604312e-05
8.634076948510482907e-05
8.633896504761651158e-05
8.633689867565408349e-05
8.633523975731804967e-05
8.633346442366018891e-05
8.633163088234141469e-05
8.633038669358938932e-05
8.632961544208228588e-05
8.632828394183889031e-05
8.632694516563788056e-05
8.632557000964879990e-05
8.632392564322799444e-05
8.632222306914627552e-05
8.632076787762343884e-05
8.631972013972699642e-05
8.631790842628106475e-05
8.631650416646152735e-05
8.631507080281153321e-05
8.631341188447549939e-05
8.631215314380824566e-05
8.631098171463236213e-05
8.631015953142195940e-05
8.630892261862754822e-05
8.630764205008745193e-05
8.630616503069177270e-05
8.630439697299152613e-05
8.630304364487528801e-05
8.630183583591133356e-05
8.630079537397250533e-05
8.630027150502428412e-05
8.629934745840728283e-05
8.629833610029891133e-05
8.629735384602099657e-05
8.629627700429409742e-05
8.629522199044004083e-05
8.629431977169588208e-05
8.629369403934106231e-05
8.629276271676644683e-05
8.629173680674284697e-05
8.629075455246493220e-05
8.628967043478041887e-05
8.628828800283372402e-05
8.628702198620885611e-05
8.628614887129515409e-05
8.628459909232333302e-05
8.628288196632638574e-05
8.628152136225253344e-05
8.628031355328857899e-05
8.627947681816294789e-05
8.627904753666371107e-05
8.627848728792741895e-05
8.627811621408909559e-05
8.627730858279392123e-05
8.627602801425382495e-05
8.627418719697743654e-05
8.627216448076069355e-05
8.627032366348430514e-05
8.626822091173380613e-05
8.626677299616858363e-05
8.626498311059549451e-05
8.626312774140387774e-05
8.626101043773815036e-05
8.625928603578358889e-05
8.625761984148994088e-05
8.625566260889172554e-05
8.625437476439401507e-05
8.625278860563412309e-05
8.625090413261204958e-05
8.624888141639530659e-05
8.624739712104201317e-05
8.624584006611257792e-05
8.624412294011563063e-05
8.624316251371055841e-05
8.624165639048442245e-05
8.623969915788620710e-05
8.623770554549992085e-05
8.623605390312150121e-05
8.623436588095501065e-05
8.623298344900831580e-05
8.623184839962050319e-05
8.623110625194385648e-05
8.622976747574284673e-05
8.622850873507559299e-05
8.622728637419641018e-05
8.622580935480073094e-05
8.622462337370961905e-05
8.622345922049134970e-05
8.622258610557764769e-05
8.622129098512232304e-05
8.622012683190405369e-05
8.621904999017715454e-05
8.621803863206878304e-05
8.621717279311269522e-05
8.621626329841092229e-05
8.621549932286143303e-05
8.621437154943123460e-05
8.621304732514545321e-05
8.621133747510612011e-05
8.620961307315155864e-05
8.620813605375587940e-05
8.620640437584370375e-05
8.620510197943076491e-05
8.620351582067087293e-05
8.620175503892824054e-05
8.619977597845718265e-05
8.619824075140058994e-05
8.619699656264856458e-05
8.619566506240516901e-05
8.619452273705974221e-05
8.619370055384933949e-05
8.619231812190264463e-05
8.619065920356661081e-05
8.618925494374707341e-05
8.618771971669048071e-05
8.618597348686307669e-05
8.618460560683161020e-05
8.618366700829938054e-05
8.618207357358187437e-05
8.618064748588949442e-05
8.617942512501031160e-05
8.617819548817351460e-05
8.617708226665854454e-05
8.617593994131311774e-05
8.617511048214510083e-05
8.617345156380906701e-05
8.617205457994714379e-05
8.617068669991567731e-05
8.616928244009613991e-05
8.616847480880096555e-05
8.616760896984487772e-05
8.616669947514310479e-05
8.616621198598295450e-05
8.616519335191696882e-05
8.616420382168143988e-05
8.616320701548829675e-05
8.616231207270175219e-05
8.616143895778805017e-05
8.616055129095911980e-05
8.615997649030759931e-05
8.615898696007207036e-05
8.615784463472664356e-05
8.615670958533883095e-05
8.615550177637487650e-05
8.615405386080965400e-05
8.615246770204976201e-05
8.615154365543276072e-05
8.615016849944368005e-05
8.614880061941221356e-05
8.614816761109977961e-05
8.614763646619394422e-05
8.614727994427084923e-05
8.614679245511069894e-05
8.614615217084065080e-05
8.614494436187669635e-05
8.614311809651553631e-05
8.614145917817950249e-05
8.613944373792037368e-05
8.613731915829703212e-05
8.613557292846962810e-05
8.613370300736278296e-05
8.613230602350085974e-05
8.613043610239401460e-05
8.612882811576128006e-05
8.612698002252727747e-05
8.612511010142043233e-05
8.612358942627906799e-05
8.612174133304506540e-05
8.612037345301359892e-05
8.611877274233847857e-05
8.611718658357858658e-05
8.611544762970879674e-05
8.611407247371971607e-05
8.611269004177302122e-05
8.611087105236947536e-05
8.610959048382937908e-05
8.610794611740857363e-05
8.610609802417457104e-05
8.610434451838955283e-05
8.610315126134082675e-05
8.610205259174108505e-05
8.610087388660758734e-05
8.610012446297332644e-05
8.609896030975505710e-05
8.609758515376597643e-05
8.609632641309872270e-05
8.609516225988045335e-05
8.609391807112842798e-05
8.609270298620685935e-05
8.609156066086143255e-05
8.609084034105762839e-05
8.608969073975458741e-05
8.608884672867134213e-05
8.608798816567286849e-05
8.608704956714063883e-05
8.608614007243886590e-05
8.608498319517821074e-05
8.608400821685791016e-05
8.608233474660664797e-05
8.608089410699903965e-05
8.607927884440869093e-05
8.607752533862367272e-05
8.607604831922799349e-05
8.607434574514627457e-05
8.607302152086049318e-05
8.607120980741456151e-05
8.606982009951025248e-05
8.606840128777548671e-05
8.606720803072676063e-05
8.606610208516940475e-05
8.606486517237499356e-05
8.606340998085215688e-05
8.606251503806561232e-05
8.606109622633084655e-05
8.605937182437628508e-05
8.605796756455674767e-05
8.605660696048289537e-05
8.605499169789254665e-05
8.605357288615778089e-05
8.605275070294737816e-05
8.605148468632251024e-05
8.605029870523139834e-05
8.604925096733495593e-05
8.604819595348089933e-05
8.604677714174613357e-05
8.604545291746035218e-05
8.604452159488573670e-05
8.604297909187152982e-05
8.604181493865326047e-05
8.604086178820580244e-05
8.604005415691062808e-05
8.603937749285250902e-05
8.603847527410835028e-05
8.603788592154160142e-05
8.603685273556038737e-05
8.603597962064668536e-05
8.603510650573298335e-05
8.603422611486166716e-05
8.603349124314263463e-05
8.603258902439847589e-05
8.603152673458680511e-05
8.603090827818959951e-05
8.602981688454747200e-05
8.602860907558351755e-05
8.602714660810306668e-05
8.602582238381728530e-05
8.602439629612490535e-05
8.602286834502592683e-05
8.602224988862872124e-05
8.602146408520638943e-05
8.602099842391908169e-05
8.602080924902111292e-05
8.602026355220004916e-05
8.601936860941350460e-05
8.601800072938203812e-05
8.601703302701935172e-05
8.601524314144626260e-05
8.601314038969576359e-05
8.601133595220744610e-05
8.600953151471912861e-05
8.600747969467192888e-05
8.600571163697168231e-05
8.600463479524478316e-05
8.600283763371407986e-05
8.600092405686154962e-05
8.599946158938109875e-05
8.599775901529937983e-05
8.599581633461639285e-05
8.599425200372934341e-05
8.599260036135092378e-05
8.599140710430219769e-05
8.598989370511844754e-05
8.598861313657835126e-05
8.598709246143698692e-05
8.598537533544003963e-05
8.598381100455299020e-05
8.598190470365807414e-05
8.598057320341467857e-05
8.597911801189184189e-05
8.597790292697027326e-05
8.597668056609109044e-05
8.597570558777078986e-05
8.597465057391673326e-05
8.597332634963095188e-05
8.597251144237816334e-05
8.597134728915989399e-05
8.597015403211116791e-05
8.596892439527437091e-05
8.596781117375940084e-05
8.596673433203250170e-05
8.596557745477184653e-05
8.596466796007007360e-05
8.596408588346093893e-05
8.596324187237769365e-05
8.596251427661627531e-05
8.596156112616881728e-05
8.596038242103531957e-05
8.595891267759725451e-05
8.595753024565055966e-05
8.595648250775411725e-05
8.595492545282468200e-05
8.595492545282468200e-05
