6.000999808311462402e-01
6.000999212265014648e-01
6.000999212265014648e-01
6.000998616218566895e-01
6.000998616218566895e-01
6.000998020172119141e-01
6.000998020172119141e-01
6.000998020172119141e-01
6.000998020172119141e-01
6.000997424125671387e-01
6.000997424125671387e-01
6.000997424125671387e-01
6.000997424125671387e-01
6.000996828079223633e-01
6.000996828079223633e-01
6.000996828079223633e-01
6.000996828079223633e-01
6.000996828079223633e-01
6.000996232032775879e-01
6.000996232032775879e-01
6.000996232032775879e-01
6.000996232032775879e-01
6.000996232032775879e-01
6.000996232032775879e-01
6.000995635986328125e-01
6.000995635986328125e-01
6.000995635986328125e-01
6.000995635986328125e-01
6.000995635986328125e-01
6.000995635986328125e-01
6.000995635986328125e-01
6.000995039939880371e-01
6.000995039939880371e-01
6.000995039939880371e-01
6.000995039939880371e-01
6.000995039939880371e-01
6.000995039939880371e-01
6.000995039939880371e-01
6.000994443893432617e-01
6.000994443893432617e-01
6.000994443893432617e-01
6.000994443893432617e-01
6.000994443893432617e-01
6.000994443893432617e-01
6.000994443893432617e-01
6.000994443893432617e-01
6.000993847846984863e-01
6.000993847846984863e-01
6.000993847846984863e-01
6.000993847846984863e-01
6.000993847846984863e-01
6.000993847846984863e-01
6.000993847846984863e-01
6.000993847846984863e-01
6.000993251800537109e-01
6.000993251800537109e-01
6.000993251800537109e-01
6.000993251800537109e-01
6.000993251800537109e-01
6.000993251800537109e-01
6.000993251800537109e-01
6.000993251800537109e-01
6.000993251800537109e-01
6.000992655754089355e-01
6.000992655754089355e-01
6.000992655754089355e-01
6.000992655754089355e-01
6.000992655754089355e-01
6.000992655754089355e-01
6.000992655754089355e-01
6.000992655754089355e-01
6.000992655754089355e-01
6.000992655754089355e-01
6.000992655754089355e-01
6.000992059707641602e-01
6.000992059707641602e-01
6.000992059707641602e-01
6.000992059707641602e-01
6.000992059707641602e-01
6.000992059707641602e-01
6.000992059707641602e-01
6.000992059707641602e-01
6.000992059707641602e-01
6.000992059707641602e-01
6.000991463661193848e-01
6.000991463661193848e-01
6.000991463661193848e-01
6.000991463661193848e-01
6.000991463661193848e-01
6.000991463661193848e-01
6.000991463661193848e-01
6.000991463661193848e-01
6.000991463661193848e-01
6.000991463661193848e-01
6.000991463661193848e-01
6.000990867614746094e-01
6.000990867614746094e-01
6.000990867614746094e-01
6.000990867614746094e-01
6.000990867614746094e-01
6.000990867614746094e-01
6.000990867614746094e-01
6.000990867614746094e-01
6.000990867614746094e-01
6.000990867614746094e-01
6.000990867614746094e-01
6.000990867614746094e-01
6.000990271568298340e-01
6.000990271568298340e-01
6.000990271568298340e-01
6.000990271568298340e-01
6.000990271568298340e-01
6.000990271568298340e-01
6.000990271568298340e-01
6.000990271568298340e-01
6.000990271568298340e-01
6.000990271568298340e-01
6.000990271568298340e-01
6.000990271568298340e-01
6.000990271568298340e-01
6.000989675521850586e-01
6.000989675521850586e-01
6.000989675521850586e-01
6.000989675521850586e-01
6.000989675521850586e-01
6.000989675521850586e-01
6.000989675521850586e-01
6.000989675521850586e-01
6.000989675521850586e-01
6.000989675521850586e-01
6.000989675521850586e-01
6.000989675521850586e-01
6.000989675521850586e-01
6.000989079475402832e-01
6.000989079475402832e-01
6.000989079475402832e-01
6.000989079475402832e-01
6.000989079475402832e-01
6.000989079475402832e-01
6.000989079475402832e-01
6.000989079475402832e-01
6.000989079475402832e-01
6.000989079475402832e-01
6.000989079475402832e-01
6.000989079475402832e-01
6.000989079475402832e-01
6.000988483428955078e-01
6.000988483428955078e-01
6.000988483428955078e-01
6.000988483428955078e-01
6.000988483428955078e-01
6.000988483428955078e-01
6.000988483428955078e-01
6.000988483428955078e-01
6.000988483428955078e-01
6.000988483428955078e-01
6.000988483428955078e-01
6.000988483428955078e-01
6.000988483428955078e-01
6.000988483428955078e-01
6.000988483428955078e-01
6.000987887382507324e-01
6.000987887382507324e-01
6.000987887382507324e-01
6.000987887382507324e-01
6.000987887382507324e-01
6.000987887382507324e-01
6.000987887382507324e-01
6.000987887382507324e-01
6.000987887382507324e-01
6.000987887382507324e-01
6.000987887382507324e-01
6.000987887382507324e-01
6.000987887382507324e-01
6.000987887382507324e-01
6.000987887382507324e-01
6.000987887382507324e-01
6.000987291336059570e-01
6.000987291336059570e-01
6.000987291336059570e-01
6.000987291336059570e-01
6.000987291336059570e-01
6.000987291336059570e-01
6.000987291336059570e-01
6.000987291336059570e-01
6.000987291336059570e-01
6.000987291336059570e-01
6.000987291336059570e-01
6.000987291336059570e-01
6.000987291336059570e-01
6.000987291336059570e-01
6.000987291336059570e-01
6.000986695289611816e-01
6.000986695289611816e-01
6.000986695289611816e-01
6.000986695289611816e-01
6.000986695289611816e-01
6.000986695289611816e-01
6.000986695289611816e-01
6.000986695289611816e-01
6.000986695289611816e-01
6.000986695289611816e-01
6.000986695289611816e-01
6.000986695289611816e-01
6.000986695289611816e-01
6.000986695289611816e-01
6.000986695289611816e-01
6.000986695289611816e-01
6.000986099243164062e-01
6.000986099243164062e-01
6.000986099243164062e-01
6.000986099243164062e-01
6.000986099243164062e-01
6.000986099243164062e-01
6.000986099243164062e-01
6.000986099243164062e-01
6.000986099243164062e-01
6.000986099243164062e-01
6.000986099243164062e-01
6.000986099243164062e-01
6.000986099243164062e-01
6.000986099243164062e-01
6.000986099243164062e-01
6.000986099243164062e-01
6.000986099243164062e-01
6.000986099243164062e-01
6.000985503196716309e-01
6.000985503196716309e-01
6.000985503196716309e-01
6.000985503196716309e-01
6.000985503196716309e-01
6.000985503196716309e-01
6.000985503196716309e-01
6.000985503196716309e-01
6.000985503196716309e-01
6.000985503196716309e-01
6.000985503196716309e-01
6.000985503196716309e-01
6.000985503196716309e-01
6.000985503196716309e-01
6.000985503196716309e-01
6.000985503196716309e-01
6.000985503196716309e-01
6.000984907150268555e-01
6.000984907150268555e-01
6.000984907150268555e-01
6.000984907150268555e-01
6.000984907150268555e-01
6.000984907150268555e-01
6.000984907150268555e-01
6.000984907150268555e-01
6.000984907150268555e-01
6.000984907150268555e-01
6.000984907150268555e-01
6.000984907150268555e-01
6.000984907150268555e-01
6.000984907150268555e-01
6.000984907150268555e-01
6.000984907150268555e-01
6.000984907150268555e-01
6.000984907150268555e-01
6.000984311103820801e-01
6.000984311103820801e-01
6.000984311103820801e-01
6.000984311103820801e-01
6.000984311103820801e-01
6.000984311103820801e-01
6.000984311103820801e-01
6.000984311103820801e-01
6.000984311103820801e-01
6.000984311103820801e-01
6.000984311103820801e-01
6.000984311103820801e-01
6.000984311103820801e-01
6.000984311103820801e-01
6.000984311103820801e-01
6.000984311103820801e-01
6.000984311103820801e-01
6.000984311103820801e-01
6.000984311103820801e-01
6.000984311103820801e-01
6.000983715057373047e-01
6.000983715057373047e-01
6.000983715057373047e-01
6.000983715057373047e-01
6.000983715057373047e-01
6.000983715057373047e-01
6.000983715057373047e-01
6.000983715057373047e-01
6.000983715057373047e-01
6.000983715057373047e-01
6.000983715057373047e-01
6.000983715057373047e-01
6.000983715057373047e-01
6.000983715057373047e-01
6.000983715057373047e-01
6.000983715057373047e-01
6.000983715057373047e-01
6.000983715057373047e-01
6.000983119010925293e-01
6.000983119010925293e-01
6.000983119010925293e-01
6.000983119010925293e-01
6.000983119010925293e-01
6.000983119010925293e-01
6.000983119010925293e-01
6.000983119010925293e-01
6.000983119010925293e-01
6.000983119010925293e-01
6.000983119010925293e-01
6.000983119010925293e-01
6.000983119010925293e-01
6.000983119010925293e-01
6.000983119010925293e-01
6.000983119010925293e-01
6.000983119010925293e-01
6.000983119010925293e-01
6.000983119010925293e-01
6.000983119010925293e-01
6.000983119010925293e-01
6.000983119010925293e-01
6.000982522964477539e-01
6.000982522964477539e-01
6.000982522964477539e-01
6.000982522964477539e-01
6.000982522964477539e-01
6.000982522964477539e-01
6.000982522964477539e-01
6.000982522964477539e-01
6.000982522964477539e-01
6.000982522964477539e-01
6.000982522964477539e-01
6.000982522964477539e-01
6.000982522964477539e-01
6.000982522964477539e-01
6.000982522964477539e-01
6.000982522964477539e-01
6.000982522964477539e-01
6.000982522964477539e-01
6.000982522964477539e-01
6.000982522964477539e-01
6.000981926918029785e-01
6.000981926918029785e-01
6.000981926918029785e-01
6.000981926918029785e-01
6.000981926918029785e-01
6.000981926918029785e-01
6.000981926918029785e-01
6.000981926918029785e-01
6.000981926918029785e-01
6.000981926918029785e-01
6.000981926918029785e-01
6.000981926918029785e-01
6.000981926918029785e-01
6.000981926918029785e-01
6.000981926918029785e-01
6.000981926918029785e-01
6.000981926918029785e-01
6.000981926918029785e-01
6.000981926918029785e-01
6.000981926918029785e-01
6.000981926918029785e-01
6.000981330871582031e-01
6.000981330871582031e-01
6.000981330871582031e-01
6.000981330871582031e-01
6.000981330871582031e-01
6.000981330871582031e-01
6.000981330871582031e-01
6.000981330871582031e-01
6.000981330871582031e-01
6.000981330871582031e-01
6.000981330871582031e-01
6.000981330871582031e-01
6.000981330871582031e-01
6.000981330871582031e-01
6.000981330871582031e-01
6.000981330871582031e-01
6.000981330871582031e-01
6.000981330871582031e-01
6.000981330871582031e-01
6.000981330871582031e-01
6.000981330871582031e-01
6.000981330871582031e-01
6.000981330871582031e-01
6.000980734825134277e-01
6.000980734825134277e-01
6.000980734825134277e-01
6.000980734825134277e-01
6.000980734825134277e-01
6.000980734825134277e-01
6.000980734825134277e-01
6.000980734825134277e-01
6.000980734825134277e-01
6.000980734825134277e-01
6.000980734825134277e-01
6.000980734825134277e-01
6.000980734825134277e-01
6.000980734825134277e-01
6.000980734825134277e-01
6.000980734825134277e-01
6.000980734825134277e-01
6.000980734825134277e-01
6.000980734825134277e-01
6.000980734825134277e-01
6.000980734825134277e-01
6.000980734825134277e-01
6.000980138778686523e-01
6.000980138778686523e-01
6.000980138778686523e-01
6.000980138778686523e-01
6.000980138778686523e-01
6.000980138778686523e-01
6.000980138778686523e-01
6.000980138778686523e-01
6.000980138778686523e-01
6.000980138778686523e-01
6.000980138778686523e-01
6.000980138778686523e-01
6.000980138778686523e-01
6.000980138778686523e-01
6.000980138778686523e-01
6.000980138778686523e-01
6.000980138778686523e-01
6.000980138778686523e-01
6.000980138778686523e-01
6.000980138778686523e-01
6.000980138778686523e-01
6.000980138778686523e-01
6.000980138778686523e-01
6.000980138778686523e-01
6.000979542732238770e-01
6.000979542732238770e-01
6.000979542732238770e-01
6.000979542732238770e-01
6.000979542732238770e-01
6.000979542732238770e-01
6.000979542732238770e-01
6.000979542732238770e-01
6.000979542732238770e-01
6.000979542732238770e-01
6.000979542732238770e-01
6.000979542732238770e-01
6.000979542732238770e-01
6.000979542732238770e-01
6.000979542732238770e-01
6.000979542732238770e-01
6.000979542732238770e-01
6.000979542732238770e-01
6.000979542732238770e-01
6.000979542732238770e-01
6.000979542732238770e-01
6.000979542732238770e-01
6.000979542732238770e-01
6.000978946685791016e-01
6.000978946685791016e-01
6.000978946685791016e-01
6.000978946685791016e-01
6.000978946685791016e-01
6.000978946685791016e-01
6.000978946685791016e-01
6.000978946685791016e-01
6.000978946685791016e-01
6.000978946685791016e-01
6.000978946685791016e-01
6.000978946685791016e-01
6.000978946685791016e-01
6.000978946685791016e-01
6.000978946685791016e-01
6.000978946685791016e-01
6.000978946685791016e-01
6.000978946685791016e-01
6.000978946685791016e-01
6.000978946685791016e-01
6.000978946685791016e-01
6.000978946685791016e-01
6.000978946685791016e-01
6.000978946685791016e-01
6.000978946685791016e-01
6.000978946685791016e-01
6.000978350639343262e-01
6.000978350639343262e-01
6.000978350639343262e-01
6.000978350639343262e-01
6.000978350639343262e-01
6.000978350639343262e-01
6.000978350639343262e-01
6.000978350639343262e-01
6.000978350639343262e-01
6.000978350639343262e-01
6.000978350639343262e-01
6.000978350639343262e-01
6.000978350639343262e-01
6.000978350639343262e-01
6.000978350639343262e-01
6.000978350639343262e-01
6.000978350639343262e-01
6.000978350639343262e-01
6.000978350639343262e-01
6.000978350639343262e-01
6.000978350639343262e-01
6.000978350639343262e-01
6.000978350639343262e-01
6.000977754592895508e-01
6.000977754592895508e-01
6.000977754592895508e-01
6.000977754592895508e-01
6.000977754592895508e-01
6.000977754592895508e-01
6.000977754592895508e-01
6.000977754592895508e-01
6.000977754592895508e-01
6.000977754592895508e-01
6.000977754592895508e-01
6.000977754592895508e-01
6.000977754592895508e-01
6.000977754592895508e-01
6.000977754592895508e-01
6.000977754592895508e-01
6.000977754592895508e-01
6.000977754592895508e-01
6.000977754592895508e-01
6.000977754592895508e-01
6.000977754592895508e-01
6.000977754592895508e-01
6.000977754592895508e-01
6.000977754592895508e-01
6.000977754592895508e-01
6.000977754592895508e-01
6.000977754592895508e-01
6.000977754592895508e-01
6.000977158546447754e-01
6.000977158546447754e-01
6.000977158546447754e-01
6.000977158546447754e-01
6.000977158546447754e-01
6.000977158546447754e-01
6.000977158546447754e-01
6.000977158546447754e-01
6.000977158546447754e-01
6.000977158546447754e-01
6.000977158546447754e-01
6.000977158546447754e-01
6.000977158546447754e-01
6.000977158546447754e-01
6.000977158546447754e-01
6.000977158546447754e-01
6.000977158546447754e-01
6.000977158546447754e-01
6.000977158546447754e-01
6.000977158546447754e-01
6.000977158546447754e-01
6.000977158546447754e-01
6.000977158546447754e-01
6.000977158546447754e-01
6.000977158546447754e-01
6.000976562500000000e-01
6.000976562500000000e-01
6.000976562500000000e-01
6.000976562500000000e-01
6.000976562500000000e-01
6.000976562500000000e-01
6.000976562500000000e-01
6.000976562500000000e-01
6.000976562500000000e-01
6.000976562500000000e-01
6.000976562500000000e-01
6.000976562500000000e-01
6.000976562500000000e-01
6.000976562500000000e-01
6.000976562500000000e-01
6.000976562500000000e-01
6.000976562500000000e-01
6.000976562500000000e-01
6.000976562500000000e-01
6.000976562500000000e-01
6.000976562500000000e-01
6.000976562500000000e-01
6.000976562500000000e-01
6.000976562500000000e-01
6.000976562500000000e-01
6.000976562500000000e-01
6.000976562500000000e-01
6.000976562500000000e-01
6.000976562500000000e-01
6.000975966453552246e-01
6.000975966453552246e-01
6.000975966453552246e-01
6.000975966453552246e-01
6.000975966453552246e-01
6.000975966453552246e-01
6.000975966453552246e-01
6.000975966453552246e-01
6.000975966453552246e-01
6.000975966453552246e-01
6.000975966453552246e-01
6.000975966453552246e-01
6.000975966453552246e-01
6.000975966453552246e-01
6.000975966453552246e-01
6.000975966453552246e-01
6.000975966453552246e-01
6.000975966453552246e-01
6.000975966453552246e-01
6.000975966453552246e-01
6.000975966453552246e-01
6.000975966453552246e-01
6.000975966453552246e-01
6.000975966453552246e-01
6.000975966453552246e-01
6.000975966453552246e-01
6.000975966453552246e-01
6.000975370407104492e-01
6.000975370407104492e-01
6.000975370407104492e-01
6.000975370407104492e-01
6.000975370407104492e-01
6.000975370407104492e-01
6.000975370407104492e-01
6.000975370407104492e-01
6.000975370407104492e-01
6.000975370407104492e-01
6.000975370407104492e-01
6.000975370407104492e-01
6.000975370407104492e-01
6.000975370407104492e-01
6.000975370407104492e-01
6.000975370407104492e-01
6.000975370407104492e-01
6.000975370407104492e-01
6.000975370407104492e-01
6.000975370407104492e-01
6.000975370407104492e-01
6.000975370407104492e-01
6.000975370407104492e-01
6.000975370407104492e-01
6.000975370407104492e-01
6.000975370407104492e-01
6.000975370407104492e-01
6.000975370407104492e-01
6.000974774360656738e-01
6.000974774360656738e-01
6.000974774360656738e-01
6.000974774360656738e-01
6.000974774360656738e-01
6.000974774360656738e-01
6.000974774360656738e-01
6.000974774360656738e-01
6.000974774360656738e-01
6.000974774360656738e-01
6.000974774360656738e-01
6.000974774360656738e-01
6.000974774360656738e-01
6.000974774360656738e-01
6.000974774360656738e-01
6.000974774360656738e-01
6.000974774360656738e-01
6.000974774360656738e-01
6.000974774360656738e-01
6.000974774360656738e-01
6.000974774360656738e-01
6.000974774360656738e-01
6.000974774360656738e-01
6.000974774360656738e-01
6.000974774360656738e-01
6.000974774360656738e-01
6.000974774360656738e-01
6.000974774360656738e-01
6.000974774360656738e-01
6.000974774360656738e-01
6.000974178314208984e-01
6.000974178314208984e-01
6.000974178314208984e-01
6.000974178314208984e-01
6.000974178314208984e-01
6.000974178314208984e-01
6.000974178314208984e-01
6.000974178314208984e-01
6.000974178314208984e-01
6.000974178314208984e-01
6.000974178314208984e-01
6.000974178314208984e-01
6.000974178314208984e-01
6.000974178314208984e-01
6.000974178314208984e-01
6.000974178314208984e-01
6.000974178314208984e-01
6.000974178314208984e-01
6.000974178314208984e-01
6.000974178314208984e-01
6.000974178314208984e-01
6.000974178314208984e-01
6.000974178314208984e-01
6.000974178314208984e-01
6.000974178314208984e-01
6.000974178314208984e-01
6.000974178314208984e-01
6.000974178314208984e-01
6.000973582267761230e-01
6.000973582267761230e-01
6.000973582267761230e-01
6.000973582267761230e-01
6.000973582267761230e-01
6.000973582267761230e-01
6.000973582267761230e-01
6.000973582267761230e-01
6.000973582267761230e-01
6.000973582267761230e-01
6.000973582267761230e-01
6.000973582267761230e-01
6.000973582267761230e-01
6.000973582267761230e-01
6.000973582267761230e-01
6.000973582267761230e-01
6.000973582267761230e-01
6.000973582267761230e-01
6.000973582267761230e-01
6.000973582267761230e-01
6.000973582267761230e-01
6.000973582267761230e-01
6.000973582267761230e-01
6.000973582267761230e-01
6.000973582267761230e-01
6.000973582267761230e-01
6.000973582267761230e-01
6.000973582267761230e-01
6.000973582267761230e-01
6.000973582267761230e-01
6.000973582267761230e-01
6.000973582267761230e-01
6.000972986221313477e-01
6.000972986221313477e-01
6.000972986221313477e-01
6.000972986221313477e-01
6.000972986221313477e-01
6.000972986221313477e-01
6.000972986221313477e-01
6.000972986221313477e-01
6.000972986221313477e-01
6.000972986221313477e-01
6.000972986221313477e-01
6.000972986221313477e-01
6.000972986221313477e-01
6.000972986221313477e-01
6.000972986221313477e-01
6.000972986221313477e-01
6.000972986221313477e-01
6.000972986221313477e-01
6.000972986221313477e-01
6.000972986221313477e-01
6.000972986221313477e-01
6.000972986221313477e-01
6.000972986221313477e-01
6.000972986221313477e-01
6.000972986221313477e-01
6.000972986221313477e-01
6.000972986221313477e-01
6.000972986221313477e-01
6.000972986221313477e-01
6.000972390174865723e-01
6.000972390174865723e-01
6.000972390174865723e-01
6.000972390174865723e-01
6.000972390174865723e-01
6.000972390174865723e-01
6.000972390174865723e-01
6.000972390174865723e-01
6.000972390174865723e-01
6.000972390174865723e-01
6.000972390174865723e-01
6.000972390174865723e-01
6.000972390174865723e-01
6.000972390174865723e-01
6.000972390174865723e-01
6.000972390174865723e-01
6.000972390174865723e-01
6.000972390174865723e-01
6.000972390174865723e-01
6.000972390174865723e-01
6.000972390174865723e-01
6.000972390174865723e-01
6.000972390174865723e-01
6.000972390174865723e-01
6.000972390174865723e-01
6.000972390174865723e-01
6.000972390174865723e-01
6.000972390174865723e-01
6.000972390174865723e-01
6.000972390174865723e-01
6.000972390174865723e-01
6.000972390174865723e-01
6.000971794128417969e-01
6.000971794128417969e-01
6.000971794128417969e-01
6.000971794128417969e-01
6.000971794128417969e-01
6.000971794128417969e-01
6.000971794128417969e-01
6.000971794128417969e-01
6.000971794128417969e-01
6.000971794128417969e-01
6.000971794128417969e-01
6.000971794128417969e-01
6.000971794128417969e-01
6.000971794128417969e-01
6.000971794128417969e-01
6.000971794128417969e-01
6.000971794128417969e-01
6.000971794128417969e-01
6.000971794128417969e-01
6.000971794128417969e-01
6.000971794128417969e-01
6.000971794128417969e-01
6.000971794128417969e-01
6.000971794128417969e-01
6.000971794128417969e-01
6.000971794128417969e-01
6.000971794128417969e-01
6.000971794128417969e-01
6.000971794128417969e-01
6.000971794128417969e-01
6.000971794128417969e-01
6.000971794128417969e-01
6.000971794128417969e-01
6.000971794128417969e-01
6.000971198081970215e-01
6.000971198081970215e-01
6.000971198081970215e-01
6.000971198081970215e-01
6.000971198081970215e-01
6.000971198081970215e-01
6.000971198081970215e-01
6.000971198081970215e-01
6.000971198081970215e-01
6.000971198081970215e-01
6.000971198081970215e-01
6.000971198081970215e-01
6.000971198081970215e-01
6.000971198081970215e-01
6.000971198081970215e-01
6.000971198081970215e-01
6.000971198081970215e-01
6.000971198081970215e-01
6.000971198081970215e-01
6.000971198081970215e-01
6.000971198081970215e-01
6.000971198081970215e-01
6.000971198081970215e-01
6.000971198081970215e-01
6.000971198081970215e-01
6.000971198081970215e-01
6.000971198081970215e-01
6.000971198081970215e-01
6.000971198081970215e-01
6.000971198081970215e-01
6.000970602035522461e-01
6.000970602035522461e-01
6.000970602035522461e-01
6.000970602035522461e-01
6.000970602035522461e-01
6.000970602035522461e-01
6.000970602035522461e-01
6.000970602035522461e-01
6.000970602035522461e-01
6.000970602035522461e-01
6.000970602035522461e-01
6.000970602035522461e-01
6.000970602035522461e-01
6.000970602035522461e-01
6.000970602035522461e-01
6.000970602035522461e-01
6.000970602035522461e-01
6.000970602035522461e-01
6.000970602035522461e-01
6.000970602035522461e-01
6.000970602035522461e-01
6.000970602035522461e-01
6.000970602035522461e-01
6.000970602035522461e-01
6.000970602035522461e-01
6.000970602035522461e-01
6.000970602035522461e-01
6.000970602035522461e-01
6.000970602035522461e-01
6.000970602035522461e-01
6.000970602035522461e-01
6.000970602035522461e-01
6.000970602035522461e-01
6.000970602035522461e-01
6.000970602035522461e-01
6.000970005989074707e-01
6.000970005989074707e-01
6.000970005989074707e-01
6.000970005989074707e-01
6.000970005989074707e-01
6.000970005989074707e-01
6.000970005989074707e-01
6.000970005989074707e-01
6.000970005989074707e-01
6.000970005989074707e-01
6.000970005989074707e-01
6.000970005989074707e-01
6.000970005989074707e-01
6.000970005989074707e-01
6.000970005989074707e-01
6.000970005989074707e-01
6.000970005989074707e-01
6.000970005989074707e-01
6.000970005989074707e-01
6.000970005989074707e-01
6.000970005989074707e-01
6.000970005989074707e-01
6.000970005989074707e-01
6.000970005989074707e-01
6.000970005989074707e-01
6.000970005989074707e-01
6.000970005989074707e-01
6.000970005989074707e-01
6.000970005989074707e-01
6.000970005989074707e-01
6.000970005989074707e-01
6.000970005989074707e-01
6.000970005989074707e-01
6.000970005989074707e-01
6.000970005989074707e-01
6.000969409942626953e-01
6.000969409942626953e-01
6.000969409942626953e-01
6.000969409942626953e-01
6.000969409942626953e-01
6.000969409942626953e-01
6.000969409942626953e-01
6.000969409942626953e-01
6.000969409942626953e-01
6.000969409942626953e-01
6.000969409942626953e-01
6.000969409942626953e-01
6.000969409942626953e-01
6.000969409942626953e-01
6.000969409942626953e-01
6.000969409942626953e-01
6.000969409942626953e-01
6.000969409942626953e-01
6.000969409942626953e-01
6.000969409942626953e-01
6.000969409942626953e-01
6.000969409942626953e-01
6.000969409942626953e-01
6.000969409942626953e-01
6.000969409942626953e-01
6.000969409942626953e-01
6.000969409942626953e-01
6.000969409942626953e-01
6.000969409942626953e-01
6.000969409942626953e-01
6.000969409942626953e-01
6.000969409942626953e-01
6.000969409942626953e-01
6.000968813896179199e-01
6.000968813896179199e-01
6.000968813896179199e-01
6.000968813896179199e-01
6.000968813896179199e-01
6.000968813896179199e-01
6.000968813896179199e-01
6.000968813896179199e-01
6.000968813896179199e-01
6.000968813896179199e-01
6.000968813896179199e-01
6.000968813896179199e-01
6.000968813896179199e-01
6.000968813896179199e-01
6.000968813896179199e-01
6.000968813896179199e-01
6.000968813896179199e-01
6.000968813896179199e-01
6.000968813896179199e-01
6.000968813896179199e-01
6.000968813896179199e-01
6.000968813896179199e-01
6.000968813896179199e-01
6.000968813896179199e-01
6.000968813896179199e-01
6.000968813896179199e-01
6.000968813896179199e-01
6.000968813896179199e-01
6.000968813896179199e-01
6.000968813896179199e-01
6.000968813896179199e-01
6.000968813896179199e-01
6.000968813896179199e-01
6.000968813896179199e-01
6.000968813896179199e-01
6.000968217849731445e-01
6.000968217849731445e-01
6.000968217849731445e-01
6.000968217849731445e-01
6.000968217849731445e-01
6.000968217849731445e-01
6.000968217849731445e-01
6.000968217849731445e-01
6.000968217849731445e-01
6.000968217849731445e-01
6.000968217849731445e-01
6.000968217849731445e-01
6.000968217849731445e-01
6.000968217849731445e-01
6.000968217849731445e-01
6.000968217849731445e-01
6.000968217849731445e-01
6.000968217849731445e-01
6.000968217849731445e-01
6.000968217849731445e-01
6.000968217849731445e-01
6.000968217849731445e-01
6.000968217849731445e-01
6.000968217849731445e-01
6.000968217849731445e-01
6.000968217849731445e-01
6.000968217849731445e-01
6.000968217849731445e-01
6.000968217849731445e-01
6.000968217849731445e-01
6.000968217849731445e-01
6.000968217849731445e-01
6.000968217849731445e-01
6.000968217849731445e-01
6.000968217849731445e-01
6.000968217849731445e-01
6.000968217849731445e-01
6.000968217849731445e-01
6.000967621803283691e-01
6.000967621803283691e-01
6.000967621803283691e-01
6.000967621803283691e-01
6.000967621803283691e-01
6.000967621803283691e-01
6.000967621803283691e-01
6.000967621803283691e-01
6.000967621803283691e-01
6.000967621803283691e-01
6.000967621803283691e-01
6.000967621803283691e-01
6.000967621803283691e-01
6.000967621803283691e-01
6.000967621803283691e-01
6.000967621803283691e-01
6.000967621803283691e-01
6.000967621803283691e-01
6.000967621803283691e-01
6.000967621803283691e-01
6.000967621803283691e-01
6.000967621803283691e-01
6.000967621803283691e-01
6.000967621803283691e-01
6.000967621803283691e-01
6.000967621803283691e-01
6.000967621803283691e-01
6.000967621803283691e-01
6.000967621803283691e-01
6.000967621803283691e-01
6.000967621803283691e-01
6.000967621803283691e-01
6.000967621803283691e-01
6.000967621803283691e-01
6.000967621803283691e-01
6.000967621803283691e-01
6.000967025756835938e-01
6.000967025756835938e-01
6.000967025756835938e-01
6.000967025756835938e-01
6.000967025756835938e-01
6.000967025756835938e-01
6.000967025756835938e-01
6.000967025756835938e-01
6.000967025756835938e-01
6.000967025756835938e-01
6.000967025756835938e-01
6.000967025756835938e-01
6.000967025756835938e-01
6.000967025756835938e-01
6.000967025756835938e-01
6.000967025756835938e-01
6.000967025756835938e-01
6.000967025756835938e-01
6.000967025756835938e-01
6.000967025756835938e-01
6.000967025756835938e-01
6.000967025756835938e-01
6.000967025756835938e-01
6.000967025756835938e-01
6.000967025756835938e-01
6.000967025756835938e-01
6.000967025756835938e-01
6.000967025756835938e-01
6.000967025756835938e-01
6.000967025756835938e-01
6.000967025756835938e-01
6.000967025756835938e-01
6.000967025756835938e-01
6.000967025756835938e-01
6.000967025756835938e-01
6.000966429710388184e-01
6.000966429710388184e-01
6.000966429710388184e-01
6.000966429710388184e-01
6.000966429710388184e-01
6.000966429710388184e-01
6.000966429710388184e-01
6.000966429710388184e-01
6.000966429710388184e-01
6.000966429710388184e-01
6.000966429710388184e-01
6.000966429710388184e-01
6.000966429710388184e-01
6.000966429710388184e-01
6.000966429710388184e-01
6.000966429710388184e-01
6.000966429710388184e-01
6.000966429710388184e-01
6.000966429710388184e-01
6.000966429710388184e-01
6.000966429710388184e-01
6.000966429710388184e-01
6.000966429710388184e-01
6.000966429710388184e-01
6.000966429710388184e-01
6.000966429710388184e-01
6.000966429710388184e-01
6.000966429710388184e-01
6.000966429710388184e-01
6.000966429710388184e-01
6.000966429710388184e-01
6.000966429710388184e-01
6.000966429710388184e-01
6.000966429710388184e-01
6.000966429710388184e-01
6.000966429710388184e-01
6.000966429710388184e-01
6.000966429710388184e-01
6.000966429710388184e-01
6.000965833663940430e-01
6.000965833663940430e-01
6.000965833663940430e-01
6.000965833663940430e-01
6.000965833663940430e-01
6.000965833663940430e-01
6.000965833663940430e-01
6.000965833663940430e-01
6.000965833663940430e-01
6.000965833663940430e-01
6.000965833663940430e-01
6.000965833663940430e-01
6.000965833663940430e-01
6.000965833663940430e-01
6.000965833663940430e-01
6.000965833663940430e-01
6.000965833663940430e-01
6.000965833663940430e-01
6.000965833663940430e-01
6.000965833663940430e-01
6.000965833663940430e-01
6.000965833663940430e-01
6.000965833663940430e-01
6.000965833663940430e-01
6.000965833663940430e-01
6.000965833663940430e-01
6.000965833663940430e-01
6.000965833663940430e-01
6.000965833663940430e-01
6.000965833663940430e-01
6.000965833663940430e-01
6.000965833663940430e-01
6.000965833663940430e-01
6.000965833663940430e-01
6.000965833663940430e-01
6.000965833663940430e-01
6.000965833663940430e-01
6.000965833663940430e-01
6.000965833663940430e-01
6.000965833663940430e-01
6.000965237617492676e-01
6.000965237617492676e-01
6.000965237617492676e-01
6.000965237617492676e-01
6.000965237617492676e-01
6.000965237617492676e-01
6.000965237617492676e-01
6.000965237617492676e-01
6.000965237617492676e-01
6.000965237617492676e-01
6.000965237617492676e-01
6.000965237617492676e-01
6.000965237617492676e-01
6.000965237617492676e-01
6.000965237617492676e-01
6.000965237617492676e-01
6.000965237617492676e-01
6.000965237617492676e-01
6.000965237617492676e-01
6.000965237617492676e-01
6.000965237617492676e-01
6.000965237617492676e-01
6.000965237617492676e-01
6.000965237617492676e-01
6.000965237617492676e-01
6.000965237617492676e-01
6.000965237617492676e-01
6.000965237617492676e-01
6.000965237617492676e-01
6.000965237617492676e-01
6.000965237617492676e-01
6.000965237617492676e-01
6.000965237617492676e-01
6.000965237617492676e-01
6.000965237617492676e-01
6.000965237617492676e-01
6.000965237617492676e-01
6.000965237617492676e-01
6.000965237617492676e-01
6.000964641571044922e-01
6.000964641571044922e-01
6.000964641571044922e-01
6.000964641571044922e-01
6.000964641571044922e-01
6.000964641571044922e-01
6.000964641571044922e-01
6.000964641571044922e-01
6.000964641571044922e-01
6.000964641571044922e-01
6.000964641571044922e-01
6.000964641571044922e-01
6.000964641571044922e-01
6.000964641571044922e-01
6.000964641571044922e-01
6.000964641571044922e-01
6.000964641571044922e-01
6.000964641571044922e-01
6.000964641571044922e-01
6.000964641571044922e-01
6.000964641571044922e-01
6.000964641571044922e-01
6.000964641571044922e-01
6.000964641571044922e-01
6.000964641571044922e-01
6.000964641571044922e-01
6.000964641571044922e-01
6.000964641571044922e-01
6.000964641571044922e-01
6.000964641571044922e-01
6.000964641571044922e-01
6.000964641571044922e-01
6.000964641571044922e-01
6.000964641571044922e-01
6.000964641571044922e-01
6.000964641571044922e-01
6.000964641571044922e-01
6.000964045524597168e-01
6.000964045524597168e-01
6.000964045524597168e-01
6.000964045524597168e-01
6.000964045524597168e-01
6.000964045524597168e-01
6.000964045524597168e-01
6.000964045524597168e-01
6.000964045524597168e-01
6.000964045524597168e-01
6.000964045524597168e-01
6.000964045524597168e-01
6.000964045524597168e-01
6.000964045524597168e-01
6.000964045524597168e-01
6.000964045524597168e-01
6.000964045524597168e-01
6.000964045524597168e-01
6.000964045524597168e-01
6.000964045524597168e-01
6.000964045524597168e-01
6.000964045524597168e-01
6.000964045524597168e-01
6.000964045524597168e-01
6.000964045524597168e-01
6.000964045524597168e-01
6.000964045524597168e-01
6.000964045524597168e-01
6.000964045524597168e-01
6.000964045524597168e-01
6.000964045524597168e-01
6.000964045524597168e-01
6.000964045524597168e-01
6.000964045524597168e-01
6.000964045524597168e-01
6.000964045524597168e-01
6.000964045524597168e-01
6.000964045524597168e-01
6.000964045524597168e-01
6.000964045524597168e-01
6.000963449478149414e-01
6.000963449478149414e-01
6.000963449478149414e-01
6.000963449478149414e-01
6.000963449478149414e-01
6.000963449478149414e-01
6.000963449478149414e-01
6.000963449478149414e-01
6.000963449478149414e-01
6.000963449478149414e-01
6.000963449478149414e-01
6.000963449478149414e-01
6.000963449478149414e-01
6.000963449478149414e-01
6.000963449478149414e-01
6.000963449478149414e-01
6.000963449478149414e-01
6.000963449478149414e-01
6.000963449478149414e-01
6.000963449478149414e-01
6.000963449478149414e-01
6.000963449478149414e-01
6.000963449478149414e-01
6.000963449478149414e-01
6.000963449478149414e-01
6.000963449478149414e-01
6.000963449478149414e-01
6.000963449478149414e-01
6.000963449478149414e-01
6.000963449478149414e-01
6.000963449478149414e-01
6.000963449478149414e-01
6.000963449478149414e-01
6.000963449478149414e-01
6.000963449478149414e-01
6.000963449478149414e-01
6.000963449478149414e-01
6.000963449478149414e-01
6.000963449478149414e-01
6.000963449478149414e-01
6.000963449478149414e-01
6.000963449478149414e-01
6.000962853431701660e-01
6.000962853431701660e-01
6.000962853431701660e-01
6.000962853431701660e-01
6.000962853431701660e-01
6.000962853431701660e-01
6.000962853431701660e-01
6.000962853431701660e-01
6.000962853431701660e-01
6.000962853431701660e-01
6.000962853431701660e-01
6.000962853431701660e-01
6.000962853431701660e-01
6.000962853431701660e-01
6.000962853431701660e-01
6.000962853431701660e-01
6.000962853431701660e-01
6.000962853431701660e-01
6.000962853431701660e-01
6.000962853431701660e-01
6.000962853431701660e-01
6.000962853431701660e-01
6.000962853431701660e-01
6.000962853431701660e-01
6.000962853431701660e-01
6.000962853431701660e-01
6.000962853431701660e-01
6.000962853431701660e-01
6.000962853431701660e-01
6.000962853431701660e-01
6.000962853431701660e-01
6.000962853431701660e-01
6.000962853431701660e-01
6.000962853431701660e-01
6.000962853431701660e-01
6.000962853431701660e-01
6.000962853431701660e-01
6.000962853431701660e-01
6.000962853431701660e-01
6.000962853431701660e-01
6.000962853431701660e-01
6.000962853431701660e-01
6.000962853431701660e-01
6.000962257385253906e-01
6.000962257385253906e-01
6.000962257385253906e-01
6.000962257385253906e-01
6.000962257385253906e-01
6.000962257385253906e-01
6.000962257385253906e-01
6.000962257385253906e-01
6.000962257385253906e-01
6.000962257385253906e-01
6.000962257385253906e-01
6.000962257385253906e-01
6.000962257385253906e-01
6.000962257385253906e-01
6.000962257385253906e-01
6.000962257385253906e-01
6.000962257385253906e-01
6.000962257385253906e-01
6.000962257385253906e-01
6.000962257385253906e-01
6.000962257385253906e-01
6.000962257385253906e-01
6.000962257385253906e-01
6.000962257385253906e-01
6.000962257385253906e-01
6.000962257385253906e-01
6.000962257385253906e-01
6.000962257385253906e-01
6.000962257385253906e-01
6.000962257385253906e-01
6.000962257385253906e-01
6.000962257385253906e-01
6.000962257385253906e-01
6.000962257385253906e-01
6.000962257385253906e-01
6.000962257385253906e-01
6.000962257385253906e-01
6.000962257385253906e-01
6.000962257385253906e-01
6.000962257385253906e-01
6.000962257385253906e-01
6.000962257385253906e-01
6.000961661338806152e-01
6.000961661338806152e-01
6.000961661338806152e-01
6.000961661338806152e-01
6.000961661338806152e-01
6.000961661338806152e-01
6.000961661338806152e-01
6.000961661338806152e-01
6.000961661338806152e-01
6.000961661338806152e-01
6.000961661338806152e-01
6.000961661338806152e-01
6.000961661338806152e-01
6.000961661338806152e-01
6.000961661338806152e-01
6.000961661338806152e-01
6.000961661338806152e-01
6.000961661338806152e-01
6.000961661338806152e-01
6.000961661338806152e-01
6.000961661338806152e-01
6.000961661338806152e-01
6.000961661338806152e-01
6.000961661338806152e-01
6.000961661338806152e-01
6.000961661338806152e-01
6.000961661338806152e-01
6.000961661338806152e-01
6.000961661338806152e-01
6.000961661338806152e-01
6.000961661338806152e-01
6.000961661338806152e-01
6.000961661338806152e-01
6.000961661338806152e-01
6.000961661338806152e-01
6.000961661338806152e-01
6.000961661338806152e-01
6.000961661338806152e-01
6.000961661338806152e-01
6.000961661338806152e-01
6.000961661338806152e-01
6.000961661338806152e-01
6.000961661338806152e-01
6.000961065292358398e-01
6.000961065292358398e-01
6.000961065292358398e-01
6.000961065292358398e-01
6.000961065292358398e-01
6.000961065292358398e-01
6.000961065292358398e-01
6.000961065292358398e-01
6.000961065292358398e-01
6.000961065292358398e-01
6.000961065292358398e-01
6.000961065292358398e-01
6.000961065292358398e-01
6.000961065292358398e-01
6.000961065292358398e-01
6.000961065292358398e-01
6.000961065292358398e-01
6.000961065292358398e-01
6.000961065292358398e-01
6.000961065292358398e-01
6.000961065292358398e-01
6.000961065292358398e-01
6.000961065292358398e-01
6.000961065292358398e-01
6.000961065292358398e-01
6.000961065292358398e-01
6.000961065292358398e-01
6.000961065292358398e-01
6.000961065292358398e-01
6.000961065292358398e-01
6.000961065292358398e-01
6.000961065292358398e-01
6.000961065292358398e-01
6.000961065292358398e-01
6.000961065292358398e-01
