1.000100016593933105e+00
1.000099897384643555e+00
1.000099897384643555e+00
1.000099897384643555e+00
1.000099897384643555e+00
1.000099778175354004e+00
1.000099778175354004e+00
1.000099778175354004e+00
1.000099778175354004e+00
1.000099778175354004e+00
1.000099778175354004e+00
1.000099778175354004e+00
1.000099778175354004e+00
1.000099658966064453e+00
1.000099658966064453e+00
1.000099658966064453e+00
1.000099658966064453e+00
1.000099658966064453e+00
1.000099658966064453e+00
1.000099658966064453e+00
1.000099658966064453e+00
1.000099658966064453e+00
1.000099658966064453e+00
1.000099658966064453e+00
1.000099539756774902e+00
1.000099539756774902e+00
1.000099539756774902e+00
1.000099539756774902e+00
1.000099539756774902e+00
1.000099539756774902e+00
1.000099539756774902e+00
1.000099539756774902e+00
1.000099539756774902e+00
1.000099539756774902e+00
1.000099539756774902e+00
1.000099539756774902e+00
1.000099539756774902e+00
1.000099420547485352e+00
1.000099420547485352e+00
1.000099420547485352e+00
1.000099420547485352e+00
1.000099420547485352e+00
1.000099420547485352e+00
1.000099420547485352e+00
1.000099420547485352e+00
1.000099420547485352e+00
1.000099420547485352e+00
1.000099420547485352e+00
1.000099420547485352e+00
1.000099420547485352e+00
1.000099420547485352e+00
1.000099420547485352e+00
1.000099420547485352e+00
1.000099420547485352e+00
1.000099301338195801e+00
1.000099301338195801e+00
1.000099301338195801e+00
1.000099301338195801e+00
1.000099301338195801e+00
1.000099301338195801e+00
1.000099301338195801e+00
1.000099301338195801e+00
1.000099301338195801e+00
1.000099301338195801e+00
1.000099301338195801e+00
1.000099301338195801e+00
1.000099301338195801e+00
1.000099301338195801e+00
1.000099301338195801e+00
1.000099301338195801e+00
1.000099301338195801e+00
1.000099301338195801e+00
1.000099182128906250e+00
1.000099182128906250e+00
1.000099182128906250e+00
1.000099182128906250e+00
1.000099182128906250e+00
1.000099182128906250e+00
1.000099182128906250e+00
1.000099182128906250e+00
1.000099182128906250e+00
1.000099182128906250e+00
1.000099182128906250e+00
1.000099182128906250e+00
1.000099182128906250e+00
1.000099182128906250e+00
1.000099182128906250e+00
1.000099182128906250e+00
1.000099182128906250e+00
1.000099182128906250e+00
1.000099182128906250e+00
1.000099182128906250e+00
1.000099182128906250e+00
1.000099182128906250e+00
1.000099062919616699e+00
1.000099062919616699e+00
1.000099062919616699e+00
1.000099062919616699e+00
1.000099062919616699e+00
1.000099062919616699e+00
1.000099062919616699e+00
1.000099062919616699e+00
1.000099062919616699e+00
1.000099062919616699e+00
1.000099062919616699e+00
1.000099062919616699e+00
1.000099062919616699e+00
1.000099062919616699e+00
1.000099062919616699e+00
1.000099062919616699e+00
1.000099062919616699e+00
1.000099062919616699e+00
1.000099062919616699e+00
1.000099062919616699e+00
1.000099062919616699e+00
1.000099062919616699e+00
1.000099062919616699e+00
1.000099062919616699e+00
1.000098943710327148e+00
1.000098943710327148e+00
1.000098943710327148e+00
1.000098943710327148e+00
1.000098943710327148e+00
1.000098943710327148e+00
1.000098943710327148e+00
1.000098943710327148e+00
1.000098943710327148e+00
1.000098943710327148e+00
1.000098943710327148e+00
1.000098943710327148e+00
1.000098943710327148e+00
1.000098943710327148e+00
1.000098943710327148e+00
1.000098943710327148e+00
1.000098943710327148e+00
1.000098943710327148e+00
1.000098943710327148e+00
1.000098943710327148e+00
1.000098943710327148e+00
1.000098943710327148e+00
1.000098943710327148e+00
1.000098943710327148e+00
1.000098943710327148e+00
1.000098943710327148e+00
1.000098943710327148e+00
1.000098824501037598e+00
1.000098824501037598e+00
1.000098824501037598e+00
1.000098824501037598e+00
1.000098824501037598e+00
1.000098824501037598e+00
1.000098824501037598e+00
1.000098824501037598e+00
1.000098824501037598e+00
1.000098824501037598e+00
1.000098824501037598e+00
1.000098824501037598e+00
1.000098824501037598e+00
1.000098824501037598e+00
1.000098824501037598e+00
1.000098824501037598e+00
1.000098824501037598e+00
1.000098824501037598e+00
1.000098824501037598e+00
1.000098824501037598e+00
1.000098824501037598e+00
1.000098824501037598e+00
1.000098824501037598e+00
1.000098824501037598e+00
1.000098824501037598e+00
1.000098824501037598e+00
1.000098824501037598e+00
1.000098824501037598e+00
1.000098824501037598e+00
1.000098705291748047e+00
1.000098705291748047e+00
1.000098705291748047e+00
1.000098705291748047e+00
1.000098705291748047e+00
1.000098705291748047e+00
1.000098705291748047e+00
1.000098705291748047e+00
1.000098705291748047e+00
1.000098705291748047e+00
1.000098705291748047e+00
1.000098705291748047e+00
1.000098705291748047e+00
1.000098705291748047e+00
1.000098705291748047e+00
1.000098705291748047e+00
1.000098705291748047e+00
1.000098705291748047e+00
1.000098705291748047e+00
1.000098705291748047e+00
1.000098705291748047e+00
1.000098705291748047e+00
1.000098705291748047e+00
1.000098705291748047e+00
1.000098705291748047e+00
1.000098705291748047e+00
1.000098705291748047e+00
1.000098705291748047e+00
1.000098705291748047e+00
1.000098705291748047e+00
1.000098705291748047e+00
1.000098705291748047e+00
1.000098705291748047e+00
1.000098586082458496e+00
1.000098586082458496e+00
1.000098586082458496e+00
1.000098586082458496e+00
1.000098586082458496e+00
1.000098586082458496e+00
1.000098586082458496e+00
1.000098586082458496e+00
1.000098586082458496e+00
1.000098586082458496e+00
1.000098586082458496e+00
1.000098586082458496e+00
1.000098586082458496e+00
1.000098586082458496e+00
1.000098586082458496e+00
1.000098586082458496e+00
1.000098586082458496e+00
1.000098586082458496e+00
1.000098586082458496e+00
1.000098586082458496e+00
1.000098586082458496e+00
1.000098586082458496e+00
1.000098586082458496e+00
1.000098586082458496e+00
1.000098586082458496e+00
1.000098586082458496e+00
1.000098586082458496e+00
1.000098586082458496e+00
1.000098586082458496e+00
1.000098586082458496e+00
1.000098586082458496e+00
1.000098586082458496e+00
1.000098586082458496e+00
1.000098586082458496e+00
1.000098586082458496e+00
1.000098466873168945e+00
1.000098466873168945e+00
1.000098466873168945e+00
1.000098466873168945e+00
1.000098466873168945e+00
1.000098466873168945e+00
1.000098466873168945e+00
1.000098466873168945e+00
1.000098466873168945e+00
1.000098466873168945e+00
1.000098466873168945e+00
1.000098466873168945e+00
1.000098466873168945e+00
1.000098466873168945e+00
1.000098466873168945e+00
1.000098466873168945e+00
1.000098466873168945e+00
1.000098466873168945e+00
1.000098466873168945e+00
1.000098466873168945e+00
1.000098466873168945e+00
1.000098466873168945e+00
1.000098466873168945e+00
1.000098466873168945e+00
1.000098466873168945e+00
1.000098466873168945e+00
1.000098466873168945e+00
1.000098466873168945e+00
1.000098466873168945e+00
1.000098466873168945e+00
1.000098466873168945e+00
1.000098466873168945e+00
1.000098466873168945e+00
1.000098466873168945e+00
1.000098466873168945e+00
1.000098466873168945e+00
1.000098347663879395e+00
1.000098347663879395e+00
1.000098347663879395e+00
1.000098347663879395e+00
1.000098347663879395e+00
1.000098347663879395e+00
1.000098347663879395e+00
1.000098347663879395e+00
1.000098347663879395e+00
1.000098347663879395e+00
1.000098347663879395e+00
1.000098347663879395e+00
1.000098347663879395e+00
1.000098347663879395e+00
1.000098347663879395e+00
1.000098347663879395e+00
1.000098347663879395e+00
1.000098347663879395e+00
1.000098347663879395e+00
1.000098347663879395e+00
1.000098347663879395e+00
1.000098347663879395e+00
1.000098347663879395e+00
1.000098347663879395e+00
1.000098347663879395e+00
1.000098347663879395e+00
1.000098347663879395e+00
1.000098347663879395e+00
1.000098347663879395e+00
1.000098347663879395e+00
1.000098347663879395e+00
1.000098347663879395e+00
1.000098347663879395e+00
1.000098347663879395e+00
1.000098347663879395e+00
1.000098347663879395e+00
1.000098347663879395e+00
1.000098347663879395e+00
1.000098347663879395e+00
1.000098347663879395e+00
1.000098228454589844e+00
1.000098228454589844e+00
1.000098228454589844e+00
1.000098228454589844e+00
1.000098228454589844e+00
1.000098228454589844e+00
1.000098228454589844e+00
1.000098228454589844e+00
1.000098228454589844e+00
1.000098228454589844e+00
1.000098228454589844e+00
1.000098228454589844e+00
1.000098228454589844e+00
1.000098228454589844e+00
1.000098228454589844e+00
1.000098228454589844e+00
1.000098228454589844e+00
1.000098228454589844e+00
1.000098228454589844e+00
1.000098228454589844e+00
1.000098228454589844e+00
1.000098228454589844e+00
1.000098228454589844e+00
1.000098228454589844e+00
1.000098228454589844e+00
1.000098228454589844e+00
1.000098228454589844e+00
1.000098228454589844e+00
1.000098228454589844e+00
1.000098228454589844e+00
1.000098228454589844e+00
1.000098228454589844e+00
1.000098228454589844e+00
1.000098228454589844e+00
1.000098228454589844e+00
1.000098228454589844e+00
1.000098228454589844e+00
1.000098228454589844e+00
1.000098228454589844e+00
1.000098228454589844e+00
1.000098228454589844e+00
1.000098228454589844e+00
1.000098109245300293e+00
1.000098109245300293e+00
1.000098109245300293e+00
1.000098109245300293e+00
1.000098109245300293e+00
1.000098109245300293e+00
1.000098109245300293e+00
1.000098109245300293e+00
1.000098109245300293e+00
1.000098109245300293e+00
1.000098109245300293e+00
1.000098109245300293e+00
1.000098109245300293e+00
1.000098109245300293e+00
1.000098109245300293e+00
1.000098109245300293e+00
1.000098109245300293e+00
1.000098109245300293e+00
1.000098109245300293e+00
1.000098109245300293e+00
1.000098109245300293e+00
1.000098109245300293e+00
1.000098109245300293e+00
1.000098109245300293e+00
1.000098109245300293e+00
1.000098109245300293e+00
1.000098109245300293e+00
1.000098109245300293e+00
1.000098109245300293e+00
1.000098109245300293e+00
1.000098109245300293e+00
1.000098109245300293e+00
1.000098109245300293e+00
1.000098109245300293e+00
1.000098109245300293e+00
1.000098109245300293e+00
1.000098109245300293e+00
1.000098109245300293e+00
1.000098109245300293e+00
1.000098109245300293e+00
1.000098109245300293e+00
1.000098109245300293e+00
1.000098109245300293e+00
1.000098109245300293e+00
1.000098109245300293e+00
1.000097990036010742e+00
1.000097990036010742e+00
1.000097990036010742e+00
1.000097990036010742e+00
1.000097990036010742e+00
1.000097990036010742e+00
1.000097990036010742e+00
1.000097990036010742e+00
1.000097990036010742e+00
1.000097990036010742e+00
1.000097990036010742e+00
1.000097990036010742e+00
1.000097990036010742e+00
1.000097990036010742e+00
1.000097990036010742e+00
1.000097990036010742e+00
1.000097990036010742e+00
1.000097990036010742e+00
1.000097990036010742e+00
1.000097990036010742e+00
1.000097990036010742e+00
1.000097990036010742e+00
1.000097990036010742e+00
1.000097990036010742e+00
1.000097990036010742e+00
1.000097990036010742e+00
1.000097990036010742e+00
1.000097990036010742e+00
1.000097990036010742e+00
1.000097990036010742e+00
1.000097990036010742e+00
1.000097990036010742e+00
1.000097990036010742e+00
1.000097990036010742e+00
1.000097990036010742e+00
1.000097990036010742e+00
1.000097990036010742e+00
1.000097990036010742e+00
1.000097990036010742e+00
1.000097990036010742e+00
1.000097990036010742e+00
1.000097990036010742e+00
1.000097990036010742e+00
1.000097990036010742e+00
1.000097990036010742e+00
1.000097990036010742e+00
1.000097990036010742e+00
1.000097990036010742e+00
1.000097870826721191e+00
1.000097870826721191e+00
1.000097870826721191e+00
1.000097870826721191e+00
1.000097870826721191e+00
1.000097870826721191e+00
1.000097870826721191e+00
1.000097870826721191e+00
1.000097870826721191e+00
1.000097870826721191e+00
1.000097870826721191e+00
1.000097870826721191e+00
1.000097870826721191e+00
1.000097870826721191e+00
1.000097870826721191e+00
1.000097870826721191e+00
1.000097870826721191e+00
1.000097870826721191e+00
1.000097870826721191e+00
1.000097870826721191e+00
1.000097870826721191e+00
1.000097870826721191e+00
1.000097870826721191e+00
1.000097870826721191e+00
1.000097870826721191e+00
1.000097870826721191e+00
1.000097870826721191e+00
1.000097870826721191e+00
1.000097870826721191e+00
1.000097870826721191e+00
1.000097870826721191e+00
1.000097870826721191e+00
1.000097870826721191e+00
1.000097870826721191e+00
1.000097870826721191e+00
1.000097870826721191e+00
1.000097870826721191e+00
1.000097870826721191e+00
1.000097870826721191e+00
1.000097870826721191e+00
1.000097870826721191e+00
1.000097870826721191e+00
1.000097870826721191e+00
1.000097870826721191e+00
1.000097870826721191e+00
1.000097870826721191e+00
1.000097870826721191e+00
1.000097870826721191e+00
1.000097870826721191e+00
1.000097751617431641e+00
1.000097751617431641e+00
1.000097751617431641e+00
1.000097751617431641e+00
1.000097751617431641e+00
1.000097751617431641e+00
1.000097751617431641e+00
1.000097751617431641e+00
1.000097751617431641e+00
1.000097751617431641e+00
1.000097751617431641e+00
1.000097751617431641e+00
1.000097751617431641e+00
1.000097751617431641e+00
1.000097751617431641e+00
1.000097751617431641e+00
1.000097751617431641e+00
1.000097751617431641e+00
1.000097751617431641e+00
1.000097751617431641e+00
1.000097751617431641e+00
1.000097751617431641e+00
1.000097751617431641e+00
1.000097751617431641e+00
1.000097751617431641e+00
1.000097751617431641e+00
1.000097751617431641e+00
1.000097751617431641e+00
1.000097751617431641e+00
1.000097751617431641e+00
1.000097751617431641e+00
1.000097751617431641e+00
1.000097751617431641e+00
1.000097751617431641e+00
1.000097751617431641e+00
1.000097751617431641e+00
1.000097751617431641e+00
1.000097751617431641e+00
1.000097751617431641e+00
1.000097751617431641e+00
1.000097751617431641e+00
1.000097751617431641e+00
1.000097751617431641e+00
1.000097751617431641e+00
1.000097751617431641e+00
1.000097751617431641e+00
1.000097751617431641e+00
1.000097751617431641e+00
1.000097751617431641e+00
1.000097751617431641e+00
1.000097751617431641e+00
1.000097751617431641e+00
1.000097751617431641e+00
1.000097632408142090e+00
1.000097632408142090e+00
1.000097632408142090e+00
1.000097632408142090e+00
1.000097632408142090e+00
1.000097632408142090e+00
1.000097632408142090e+00
1.000097632408142090e+00
1.000097632408142090e+00
1.000097632408142090e+00
1.000097632408142090e+00
1.000097632408142090e+00
1.000097632408142090e+00
1.000097632408142090e+00
1.000097632408142090e+00
1.000097632408142090e+00
1.000097632408142090e+00
1.000097632408142090e+00
1.000097632408142090e+00
1.000097632408142090e+00
1.000097632408142090e+00
1.000097632408142090e+00
1.000097632408142090e+00
1.000097632408142090e+00
1.000097632408142090e+00
1.000097632408142090e+00
1.000097632408142090e+00
1.000097632408142090e+00
1.000097632408142090e+00
1.000097632408142090e+00
1.000097632408142090e+00
1.000097632408142090e+00
1.000097632408142090e+00
1.000097632408142090e+00
1.000097632408142090e+00
1.000097632408142090e+00
1.000097632408142090e+00
1.000097632408142090e+00
1.000097632408142090e+00
1.000097632408142090e+00
1.000097632408142090e+00
1.000097632408142090e+00
1.000097632408142090e+00
1.000097632408142090e+00
1.000097632408142090e+00
1.000097632408142090e+00
1.000097632408142090e+00
1.000097632408142090e+00
1.000097632408142090e+00
1.000097632408142090e+00
1.000097632408142090e+00
1.000097632408142090e+00
1.000097632408142090e+00
1.000097632408142090e+00
1.000097513198852539e+00
1.000097513198852539e+00
1.000097513198852539e+00
1.000097513198852539e+00
1.000097513198852539e+00
1.000097513198852539e+00
1.000097513198852539e+00
1.000097513198852539e+00
1.000097513198852539e+00
1.000097513198852539e+00
1.000097513198852539e+00
1.000097513198852539e+00
1.000097513198852539e+00
1.000097513198852539e+00
1.000097513198852539e+00
1.000097513198852539e+00
1.000097513198852539e+00
1.000097513198852539e+00
1.000097513198852539e+00
1.000097513198852539e+00
1.000097513198852539e+00
1.000097513198852539e+00
1.000097513198852539e+00
1.000097513198852539e+00
1.000097513198852539e+00
1.000097513198852539e+00
1.000097513198852539e+00
1.000097513198852539e+00
1.000097513198852539e+00
1.000097513198852539e+00
1.000097513198852539e+00
1.000097513198852539e+00
1.000097513198852539e+00
1.000097513198852539e+00
1.000097513198852539e+00
1.000097513198852539e+00
1.000097513198852539e+00
1.000097513198852539e+00
1.000097513198852539e+00
1.000097513198852539e+00
1.000097513198852539e+00
1.000097513198852539e+00
1.000097513198852539e+00
1.000097513198852539e+00
1.000097513198852539e+00
1.000097513198852539e+00
1.000097513198852539e+00
1.000097513198852539e+00
1.000097513198852539e+00
1.000097513198852539e+00
1.000097513198852539e+00
1.000097513198852539e+00
1.000097513198852539e+00
1.000097513198852539e+00
1.000097513198852539e+00
1.000097513198852539e+00
1.000097513198852539e+00
1.000097393989562988e+00
1.000097393989562988e+00
1.000097393989562988e+00
1.000097393989562988e+00
1.000097393989562988e+00
1.000097393989562988e+00
1.000097393989562988e+00
1.000097393989562988e+00
1.000097393989562988e+00
1.000097393989562988e+00
1.000097393989562988e+00
1.000097393989562988e+00
1.000097393989562988e+00
1.000097393989562988e+00
1.000097393989562988e+00
1.000097393989562988e+00
1.000097393989562988e+00
1.000097393989562988e+00
1.000097393989562988e+00
1.000097393989562988e+00
1.000097393989562988e+00
1.000097393989562988e+00
1.000097393989562988e+00
1.000097393989562988e+00
1.000097393989562988e+00
1.000097393989562988e+00
1.000097393989562988e+00
1.000097393989562988e+00
1.000097393989562988e+00
1.000097393989562988e+00
1.000097393989562988e+00
1.000097393989562988e+00
1.000097393989562988e+00
1.000097393989562988e+00
1.000097393989562988e+00
1.000097393989562988e+00
1.000097393989562988e+00
1.000097393989562988e+00
1.000097393989562988e+00
1.000097393989562988e+00
1.000097393989562988e+00
1.000097393989562988e+00
1.000097393989562988e+00
1.000097393989562988e+00
1.000097393989562988e+00
1.000097393989562988e+00
1.000097393989562988e+00
1.000097393989562988e+00
1.000097393989562988e+00
1.000097393989562988e+00
1.000097393989562988e+00
1.000097393989562988e+00
1.000097393989562988e+00
1.000097393989562988e+00
1.000097393989562988e+00
1.000097393989562988e+00
1.000097393989562988e+00
1.000097393989562988e+00
1.000097393989562988e+00
1.000097393989562988e+00
1.000097274780273438e+00
1.000097274780273438e+00
1.000097274780273438e+00
1.000097274780273438e+00
1.000097274780273438e+00
1.000097274780273438e+00
1.000097274780273438e+00
1.000097274780273438e+00
1.000097274780273438e+00
1.000097274780273438e+00
1.000097274780273438e+00
1.000097274780273438e+00
1.000097274780273438e+00
1.000097274780273438e+00
1.000097274780273438e+00
1.000097274780273438e+00
1.000097274780273438e+00
1.000097274780273438e+00
1.000097274780273438e+00
1.000097274780273438e+00
1.000097274780273438e+00
1.000097274780273438e+00
1.000097274780273438e+00
1.000097274780273438e+00
1.000097274780273438e+00
1.000097274780273438e+00
1.000097274780273438e+00
1.000097274780273438e+00
1.000097274780273438e+00
1.000097274780273438e+00
1.000097274780273438e+00
1.000097274780273438e+00
1.000097274780273438e+00
1.000097274780273438e+00
1.000097274780273438e+00
1.000097274780273438e+00
1.000097274780273438e+00
1.000097274780273438e+00
1.000097274780273438e+00
1.000097274780273438e+00
1.000097274780273438e+00
1.000097274780273438e+00
1.000097274780273438e+00
1.000097274780273438e+00
1.000097274780273438e+00
1.000097274780273438e+00
1.000097274780273438e+00
1.000097274780273438e+00
1.000097274780273438e+00
1.000097274780273438e+00
1.000097274780273438e+00
1.000097274780273438e+00
1.000097274780273438e+00
1.000097274780273438e+00
1.000097274780273438e+00
1.000097274780273438e+00
1.000097274780273438e+00
1.000097274780273438e+00
1.000097274780273438e+00
1.000097274780273438e+00
1.000097274780273438e+00
1.000097274780273438e+00
1.000097274780273438e+00
1.000097155570983887e+00
1.000097155570983887e+00
1.000097155570983887e+00
1.000097155570983887e+00
1.000097155570983887e+00
1.000097155570983887e+00
1.000097155570983887e+00
1.000097155570983887e+00
1.000097155570983887e+00
1.000097155570983887e+00
1.000097155570983887e+00
1.000097155570983887e+00
1.000097155570983887e+00
1.000097155570983887e+00
1.000097155570983887e+00
1.000097155570983887e+00
1.000097155570983887e+00
1.000097155570983887e+00
1.000097155570983887e+00
1.000097155570983887e+00
1.000097155570983887e+00
1.000097155570983887e+00
1.000097155570983887e+00
1.000097155570983887e+00
1.000097155570983887e+00
1.000097155570983887e+00
1.000097155570983887e+00
1.000097155570983887e+00
1.000097155570983887e+00
1.000097155570983887e+00
1.000097155570983887e+00
1.000097155570983887e+00
1.000097155570983887e+00
1.000097155570983887e+00
1.000097155570983887e+00
1.000097155570983887e+00
1.000097155570983887e+00
1.000097155570983887e+00
1.000097155570983887e+00
1.000097155570983887e+00
1.000097155570983887e+00
1.000097155570983887e+00
1.000097155570983887e+00
1.000097155570983887e+00
1.000097155570983887e+00
1.000097155570983887e+00
1.000097155570983887e+00
1.000097155570983887e+00
1.000097155570983887e+00
1.000097155570983887e+00
1.000097155570983887e+00
1.000097155570983887e+00
1.000097155570983887e+00
1.000097155570983887e+00
1.000097155570983887e+00
1.000097155570983887e+00
1.000097155570983887e+00
1.000097155570983887e+00
1.000097155570983887e+00
1.000097155570983887e+00
1.000097155570983887e+00
1.000097155570983887e+00
1.000097155570983887e+00
1.000097155570983887e+00
1.000097155570983887e+00
1.000097036361694336e+00
1.000097036361694336e+00
1.000097036361694336e+00
1.000097036361694336e+00
1.000097036361694336e+00
1.000097036361694336e+00
1.000097036361694336e+00
1.000097036361694336e+00
1.000097036361694336e+00
1.000097036361694336e+00
1.000097036361694336e+00
1.000097036361694336e+00
1.000097036361694336e+00
1.000097036361694336e+00
1.000097036361694336e+00
1.000097036361694336e+00
1.000097036361694336e+00
1.000097036361694336e+00
1.000097036361694336e+00
1.000097036361694336e+00
1.000097036361694336e+00
1.000097036361694336e+00
1.000097036361694336e+00
1.000097036361694336e+00
1.000097036361694336e+00
1.000097036361694336e+00
1.000097036361694336e+00
1.000097036361694336e+00
1.000097036361694336e+00
1.000097036361694336e+00
1.000097036361694336e+00
1.000097036361694336e+00
1.000097036361694336e+00
1.000097036361694336e+00
1.000097036361694336e+00
1.000097036361694336e+00
1.000097036361694336e+00
1.000097036361694336e+00
1.000097036361694336e+00
1.000097036361694336e+00
1.000097036361694336e+00
1.000097036361694336e+00
1.000097036361694336e+00
1.000097036361694336e+00
1.000097036361694336e+00
1.000097036361694336e+00
1.000097036361694336e+00
1.000097036361694336e+00
1.000097036361694336e+00
1.000097036361694336e+00
1.000097036361694336e+00
1.000097036361694336e+00
1.000097036361694336e+00
1.000097036361694336e+00
1.000097036361694336e+00
1.000097036361694336e+00
1.000097036361694336e+00
1.000097036361694336e+00
1.000097036361694336e+00
1.000097036361694336e+00
1.000097036361694336e+00
1.000097036361694336e+00
1.000097036361694336e+00
1.000097036361694336e+00
1.000097036361694336e+00
1.000097036361694336e+00
1.000096917152404785e+00
1.000096917152404785e+00
1.000096917152404785e+00
1.000096917152404785e+00
1.000096917152404785e+00
1.000096917152404785e+00
1.000096917152404785e+00
1.000096917152404785e+00
1.000096917152404785e+00
1.000096917152404785e+00
1.000096917152404785e+00
1.000096917152404785e+00
1.000096917152404785e+00
1.000096917152404785e+00
1.000096917152404785e+00
1.000096917152404785e+00
1.000096917152404785e+00
1.000096917152404785e+00
1.000096917152404785e+00
1.000096917152404785e+00
1.000096917152404785e+00
1.000096917152404785e+00
1.000096917152404785e+00
1.000096917152404785e+00
1.000096917152404785e+00
1.000096917152404785e+00
1.000096917152404785e+00
1.000096917152404785e+00
1.000096917152404785e+00
1.000096917152404785e+00
1.000096917152404785e+00
1.000096917152404785e+00
1.000096917152404785e+00
1.000096917152404785e+00
1.000096917152404785e+00
1.000096917152404785e+00
1.000096917152404785e+00
1.000096917152404785e+00
1.000096917152404785e+00
1.000096917152404785e+00
1.000096917152404785e+00
1.000096917152404785e+00
1.000096917152404785e+00
1.000096917152404785e+00
1.000096917152404785e+00
1.000096917152404785e+00
1.000096917152404785e+00
1.000096917152404785e+00
1.000096917152404785e+00
1.000096917152404785e+00
1.000096917152404785e+00
1.000096917152404785e+00
1.000096917152404785e+00
1.000096917152404785e+00
1.000096917152404785e+00
1.000096917152404785e+00
1.000096917152404785e+00
1.000096917152404785e+00
1.000096917152404785e+00
1.000096917152404785e+00
1.000096917152404785e+00
1.000096917152404785e+00
1.000096917152404785e+00
1.000096917152404785e+00
1.000096917152404785e+00
1.000096917152404785e+00
1.000096917152404785e+00
1.000096917152404785e+00
1.000096917152404785e+00
1.000096917152404785e+00
1.000096917152404785e+00
1.000096797943115234e+00
1.000096797943115234e+00
1.000096797943115234e+00
1.000096797943115234e+00
1.000096797943115234e+00
1.000096797943115234e+00
1.000096797943115234e+00
1.000096797943115234e+00
1.000096797943115234e+00
1.000096797943115234e+00
1.000096797943115234e+00
1.000096797943115234e+00
1.000096797943115234e+00
1.000096797943115234e+00
1.000096797943115234e+00
1.000096797943115234e+00
1.000096797943115234e+00
1.000096797943115234e+00
1.000096797943115234e+00
1.000096797943115234e+00
1.000096797943115234e+00
1.000096797943115234e+00
1.000096797943115234e+00
1.000096797943115234e+00
1.000096797943115234e+00
1.000096797943115234e+00
1.000096797943115234e+00
1.000096797943115234e+00
1.000096797943115234e+00
1.000096797943115234e+00
1.000096797943115234e+00
1.000096797943115234e+00
1.000096797943115234e+00
1.000096797943115234e+00
1.000096797943115234e+00
1.000096797943115234e+00
1.000096797943115234e+00
1.000096797943115234e+00
1.000096797943115234e+00
1.000096797943115234e+00
1.000096797943115234e+00
1.000096797943115234e+00
1.000096797943115234e+00
1.000096797943115234e+00
1.000096797943115234e+00
1.000096797943115234e+00
1.000096797943115234e+00
1.000096797943115234e+00
1.000096797943115234e+00
1.000096797943115234e+00
1.000096797943115234e+00
1.000096797943115234e+00
1.000096797943115234e+00
1.000096797943115234e+00
1.000096797943115234e+00
1.000096797943115234e+00
1.000096797943115234e+00
1.000096797943115234e+00
1.000096797943115234e+00
1.000096797943115234e+00
1.000096797943115234e+00
1.000096797943115234e+00
1.000096797943115234e+00
1.000096797943115234e+00
1.000096797943115234e+00
1.000096797943115234e+00
1.000096797943115234e+00
1.000096797943115234e+00
1.000096797943115234e+00
1.000096797943115234e+00
1.000096797943115234e+00
1.000096797943115234e+00
1.000096678733825684e+00
1.000096678733825684e+00
1.000096678733825684e+00
1.000096678733825684e+00
1.000096678733825684e+00
1.000096678733825684e+00
1.000096678733825684e+00
1.000096678733825684e+00
1.000096678733825684e+00
1.000096678733825684e+00
1.000096678733825684e+00
1.000096678733825684e+00
1.000096678733825684e+00
1.000096678733825684e+00
1.000096678733825684e+00
1.000096678733825684e+00
1.000096678733825684e+00
1.000096678733825684e+00
1.000096678733825684e+00
1.000096678733825684e+00
1.000096678733825684e+00
1.000096678733825684e+00
1.000096678733825684e+00
1.000096678733825684e+00
1.000096678733825684e+00
1.000096678733825684e+00
1.000096678733825684e+00
1.000096678733825684e+00
1.000096678733825684e+00
1.000096678733825684e+00
1.000096678733825684e+00
1.000096678733825684e+00
1.000096678733825684e+00
1.000096678733825684e+00
1.000096678733825684e+00
1.000096678733825684e+00
1.000096678733825684e+00
1.000096678733825684e+00
1.000096678733825684e+00
1.000096678733825684e+00
1.000096678733825684e+00
1.000096678733825684e+00
1.000096678733825684e+00
1.000096678733825684e+00
1.000096678733825684e+00
1.000096678733825684e+00
1.000096678733825684e+00
1.000096678733825684e+00
1.000096678733825684e+00
1.000096678733825684e+00
1.000096678733825684e+00
1.000096678733825684e+00
1.000096678733825684e+00
1.000096678733825684e+00
1.000096678733825684e+00
1.000096678733825684e+00
1.000096678733825684e+00
1.000096678733825684e+00
1.000096678733825684e+00
1.000096678733825684e+00
1.000096678733825684e+00
1.000096678733825684e+00
1.000096678733825684e+00
1.000096678733825684e+00
1.000096678733825684e+00
1.000096678733825684e+00
1.000096678733825684e+00
1.000096678733825684e+00
1.000096678733825684e+00
1.000096678733825684e+00
1.000096678733825684e+00
1.000096678733825684e+00
1.000096678733825684e+00
1.000096678733825684e+00
1.000096678733825684e+00
1.000096559524536133e+00
1.000096559524536133e+00
1.000096559524536133e+00
1.000096559524536133e+00
1.000096559524536133e+00
1.000096559524536133e+00
1.000096559524536133e+00
1.000096559524536133e+00
1.000096559524536133e+00
1.000096559524536133e+00
1.000096559524536133e+00
1.000096559524536133e+00
1.000096559524536133e+00
1.000096559524536133e+00
1.000096559524536133e+00
1.000096559524536133e+00
1.000096559524536133e+00
1.000096559524536133e+00
1.000096559524536133e+00
1.000096559524536133e+00
1.000096559524536133e+00
1.000096559524536133e+00
1.000096559524536133e+00
1.000096559524536133e+00
1.000096559524536133e+00
1.000096559524536133e+00
1.000096559524536133e+00
1.000096559524536133e+00
1.000096559524536133e+00
1.000096559524536133e+00
1.000096559524536133e+00
1.000096559524536133e+00
1.000096559524536133e+00
1.000096559524536133e+00
1.000096559524536133e+00
1.000096559524536133e+00
1.000096559524536133e+00
1.000096559524536133e+00
1.000096559524536133e+00
1.000096559524536133e+00
1.000096559524536133e+00
1.000096559524536133e+00
1.000096559524536133e+00
1.000096559524536133e+00
1.000096559524536133e+00
1.000096559524536133e+00
1.000096559524536133e+00
1.000096559524536133e+00
1.000096559524536133e+00
1.000096559524536133e+00
1.000096559524536133e+00
1.000096559524536133e+00
1.000096559524536133e+00
1.000096559524536133e+00
1.000096559524536133e+00
1.000096559524536133e+00
1.000096559524536133e+00
1.000096559524536133e+00
1.000096559524536133e+00
1.000096559524536133e+00
1.000096559524536133e+00
1.000096559524536133e+00
1.000096559524536133e+00
1.000096559524536133e+00
1.000096559524536133e+00
1.000096559524536133e+00
1.000096559524536133e+00
1.000096559524536133e+00
1.000096559524536133e+00
1.000096559524536133e+00
1.000096559524536133e+00
1.000096559524536133e+00
1.000096559524536133e+00
1.000096559524536133e+00
1.000096559524536133e+00
1.000096559524536133e+00
1.000096559524536133e+00
1.000096440315246582e+00
1.000096440315246582e+00
1.000096440315246582e+00
1.000096440315246582e+00
1.000096440315246582e+00
1.000096440315246582e+00
1.000096440315246582e+00
1.000096440315246582e+00
1.000096440315246582e+00
1.000096440315246582e+00
1.000096440315246582e+00
1.000096440315246582e+00
1.000096440315246582e+00
1.000096440315246582e+00
1.000096440315246582e+00
1.000096440315246582e+00
1.000096440315246582e+00
1.000096440315246582e+00
1.000096440315246582e+00
1.000096440315246582e+00
1.000096440315246582e+00
1.000096440315246582e+00
1.000096440315246582e+00
1.000096440315246582e+00
1.000096440315246582e+00
1.000096440315246582e+00
1.000096440315246582e+00
1.000096440315246582e+00
1.000096440315246582e+00
1.000096440315246582e+00
1.000096440315246582e+00
1.000096440315246582e+00
1.000096440315246582e+00
1.000096440315246582e+00
1.000096440315246582e+00
1.000096440315246582e+00
1.000096440315246582e+00
1.000096440315246582e+00
1.000096440315246582e+00
1.000096440315246582e+00
1.000096440315246582e+00
1.000096440315246582e+00
1.000096440315246582e+00
1.000096440315246582e+00
1.000096440315246582e+00
1.000096440315246582e+00
1.000096440315246582e+00
1.000096440315246582e+00
1.000096440315246582e+00
1.000096440315246582e+00
1.000096440315246582e+00
1.000096440315246582e+00
1.000096440315246582e+00
1.000096440315246582e+00
1.000096440315246582e+00
1.000096440315246582e+00
1.000096440315246582e+00
1.000096440315246582e+00
1.000096440315246582e+00
1.000096440315246582e+00
1.000096440315246582e+00
1.000096440315246582e+00
1.000096440315246582e+00
1.000096440315246582e+00
1.000096440315246582e+00
1.000096440315246582e+00
1.000096440315246582e+00
1.000096440315246582e+00
1.000096440315246582e+00
1.000096440315246582e+00
1.000096440315246582e+00
1.000096440315246582e+00
1.000096440315246582e+00
1.000096440315246582e+00
1.000096440315246582e+00
1.000096440315246582e+00
1.000096440315246582e+00
1.000096440315246582e+00
1.000096440315246582e+00
1.000096440315246582e+00
1.000096321105957031e+00
1.000096321105957031e+00
1.000096321105957031e+00
1.000096321105957031e+00
1.000096321105957031e+00
1.000096321105957031e+00
1.000096321105957031e+00
1.000096321105957031e+00
1.000096321105957031e+00
1.000096321105957031e+00
1.000096321105957031e+00
1.000096321105957031e+00
1.000096321105957031e+00
1.000096321105957031e+00
1.000096321105957031e+00
1.000096321105957031e+00
1.000096321105957031e+00
1.000096321105957031e+00
1.000096321105957031e+00
1.000096321105957031e+00
1.000096321105957031e+00
1.000096321105957031e+00
1.000096321105957031e+00
1.000096321105957031e+00
1.000096321105957031e+00
1.000096321105957031e+00
1.000096321105957031e+00
1.000096321105957031e+00
1.000096321105957031e+00
1.000096321105957031e+00
1.000096321105957031e+00
1.000096321105957031e+00
1.000096321105957031e+00
1.000096321105957031e+00
1.000096321105957031e+00
1.000096321105957031e+00
1.000096321105957031e+00
1.000096321105957031e+00
1.000096321105957031e+00
1.000096321105957031e+00
1.000096321105957031e+00
1.000096321105957031e+00
1.000096321105957031e+00
1.000096321105957031e+00
1.000096321105957031e+00
1.000096321105957031e+00
1.000096321105957031e+00
1.000096321105957031e+00
1.000096321105957031e+00
1.000096321105957031e+00
1.000096321105957031e+00
1.000096321105957031e+00
1.000096321105957031e+00
1.000096321105957031e+00
1.000096321105957031e+00
1.000096321105957031e+00
1.000096321105957031e+00
1.000096321105957031e+00
1.000096321105957031e+00
1.000096321105957031e+00
1.000096321105957031e+00
1.000096321105957031e+00
1.000096321105957031e+00
1.000096321105957031e+00
1.000096321105957031e+00
1.000096321105957031e+00
1.000096321105957031e+00
1.000096321105957031e+00
1.000096321105957031e+00
1.000096321105957031e+00
1.000096321105957031e+00
1.000096321105957031e+00
1.000096321105957031e+00
1.000096321105957031e+00
1.000096321105957031e+00
1.000096321105957031e+00
1.000096321105957031e+00
1.000096321105957031e+00
1.000096321105957031e+00
1.000096321105957031e+00
1.000096321105957031e+00
1.000096321105957031e+00
1.000096201896667480e+00
1.000096201896667480e+00
1.000096201896667480e+00
1.000096201896667480e+00
1.000096201896667480e+00
1.000096201896667480e+00
1.000096201896667480e+00
1.000096201896667480e+00
1.000096201896667480e+00
1.000096201896667480e+00
1.000096201896667480e+00
1.000096201896667480e+00
1.000096201896667480e+00
1.000096201896667480e+00
1.000096201896667480e+00
1.000096201896667480e+00
1.000096201896667480e+00
1.000096201896667480e+00
1.000096201896667480e+00
1.000096201896667480e+00
1.000096201896667480e+00
1.000096201896667480e+00
1.000096201896667480e+00
1.000096201896667480e+00
1.000096201896667480e+00
1.000096201896667480e+00
1.000096201896667480e+00
1.000096201896667480e+00
1.000096201896667480e+00
1.000096201896667480e+00
1.000096201896667480e+00
1.000096201896667480e+00
1.000096201896667480e+00
1.000096201896667480e+00
1.000096201896667480e+00
1.000096201896667480e+00
1.000096201896667480e+00
1.000096201896667480e+00
1.000096201896667480e+00
1.000096201896667480e+00
1.000096201896667480e+00
1.000096201896667480e+00
1.000096201896667480e+00
1.000096201896667480e+00
1.000096201896667480e+00
1.000096201896667480e+00
1.000096201896667480e+00
1.000096201896667480e+00
1.000096201896667480e+00
1.000096201896667480e+00
1.000096201896667480e+00
1.000096201896667480e+00
1.000096201896667480e+00
1.000096201896667480e+00
1.000096201896667480e+00
1.000096201896667480e+00
1.000096201896667480e+00
1.000096201896667480e+00
1.000096201896667480e+00
1.000096201896667480e+00
1.000096201896667480e+00
1.000096201896667480e+00
1.000096201896667480e+00
1.000096201896667480e+00
1.000096201896667480e+00
1.000096201896667480e+00
1.000096201896667480e+00
1.000096201896667480e+00
1.000096201896667480e+00
1.000096201896667480e+00
1.000096201896667480e+00
1.000096201896667480e+00
1.000096201896667480e+00
1.000096201896667480e+00
1.000096201896667480e+00
1.000096201896667480e+00
1.000096201896667480e+00
1.000096201896667480e+00
1.000096201896667480e+00
1.000096201896667480e+00
1.000096201896667480e+00
1.000096201896667480e+00
1.000096201896667480e+00
1.000096201896667480e+00
1.000096201896667480e+00
1.000096082687377930e+00
1.000096082687377930e+00
1.000096082687377930e+00
1.000096082687377930e+00
1.000096082687377930e+00
1.000096082687377930e+00
1.000096082687377930e+00
1.000096082687377930e+00
1.000096082687377930e+00
1.000096082687377930e+00
1.000096082687377930e+00
1.000096082687377930e+00
1.000096082687377930e+00
1.000096082687377930e+00
1.000096082687377930e+00
1.000096082687377930e+00
1.000096082687377930e+00
1.000096082687377930e+00
1.000096082687377930e+00
1.000096082687377930e+00
1.000096082687377930e+00
1.000096082687377930e+00
1.000096082687377930e+00
1.000096082687377930e+00
1.000096082687377930e+00
1.000096082687377930e+00
1.000096082687377930e+00
1.000096082687377930e+00
1.000096082687377930e+00
1.000096082687377930e+00
1.000096082687377930e+00
1.000096082687377930e+00
1.000096082687377930e+00
1.000096082687377930e+00
1.000096082687377930e+00
1.000096082687377930e+00
1.000096082687377930e+00
1.000096082687377930e+00
1.000096082687377930e+00
1.000096082687377930e+00
