0.000000000000000000e+00
1.048029999999999969e-02
2.096059999999999937e-02
3.144079999999999792e-02
4.192110000000000281e-02
5.240140000000000076e-02
6.288169999999999871e-02
7.336199999999999666e-02
8.034879999999999800e-02
9.082909999999999595e-02
1.013089999999999963e-01
1.117900000000000005e-01
1.222700000000000037e-01
1.327500000000000069e-01
1.432309999999999972e-01
1.502169999999999894e-01
1.606980000000000075e-01
1.711779999999999968e-01
1.816579999999999862e-01
1.921390000000000042e-01
2.026189999999999936e-01
2.130990000000000106e-01
2.200860000000000039e-01
2.305659999999999932e-01
2.410470000000000113e-01
2.515270000000000006e-01
2.620069999999999899e-01
2.724869999999999792e-01
2.829679999999999973e-01
2.934479999999999866e-01
3.004350000000000076e-01
3.109149999999999969e-01
3.213949999999999863e-01
3.318760000000000043e-01
3.423559999999999937e-01
3.528359999999999830e-01
3.633170000000000011e-01
3.703029999999999933e-01
3.807840000000000114e-01
3.912640000000000007e-01
4.017439999999999900e-01
4.122250000000000081e-01
4.227049999999999974e-01
4.331849999999999867e-01
4.401720000000000077e-01
4.506519999999999970e-01
4.611330000000000151e-01
4.716130000000000044e-01
4.820929999999999938e-01
4.925729999999999831e-01
5.030540000000000012e-01
5.100409999999999666e-01
5.205210000000000115e-01
5.310009999999999453e-01
5.414820000000000189e-01
5.519619999999999527e-01
5.624419999999999975e-01
5.729220000000000423e-01
5.834030000000000049e-01
5.903899999999999704e-01
6.008700000000000152e-01
6.113499999999999490e-01
6.218299999999999939e-01
6.323109999999999564e-01
6.427910000000000013e-01
6.532710000000000461e-01
6.602580000000000116e-01
6.707379999999999454e-01
6.812190000000000190e-01
6.916989999999999528e-01
7.021789999999999976e-01
7.126599999999999602e-01
7.231400000000000050e-01
7.301269999999999705e-01
7.406070000000000153e-01
7.510869999999999491e-01
7.615680000000000227e-01
7.720479999999999565e-01
7.825280000000000014e-01
7.930089999999999639e-01
8.034890000000000088e-01
8.104759999999999742e-01
8.209560000000000191e-01
8.314359999999999529e-01
8.419170000000000265e-01
8.523969999999999603e-01
8.628770000000000051e-01
8.733570000000000499e-01
8.803440000000000154e-01
8.908249999999999780e-01
9.013050000000000228e-01
9.117849999999999566e-01
9.222650000000000015e-01
9.327459999999999640e-01
9.432260000000000089e-01
9.502129999999999743e-01
9.606930000000000192e-01
9.711729999999999530e-01
9.816540000000000266e-01
9.921339999999999604e-01
1.002610000000000001e+00
1.013090000000000046e+00
1.020080000000000098e+00
1.030559999999999921e+00
1.041039999999999965e+00
1.051520000000000010e+00
1.062000000000000055e+00
1.072480000000000100e+00
1.082959999999999923e+00
1.093439999999999968e+00
1.100430000000000019e+00
1.110910000000000064e+00
1.121390000000000109e+00
1.131869999999999932e+00
1.142349999999999977e+00
1.152830000000000021e+00
1.163310000000000066e+00
1.170299999999999896e+00
1.180779999999999941e+00
1.191259999999999986e+00
1.201740000000000030e+00
1.212220000000000075e+00
1.222699999999999898e+00
1.233179999999999943e+00
1.240169999999999995e+00
1.250650000000000039e+00
1.261130000000000084e+00
1.271609999999999907e+00
1.282089999999999952e+00
1.292569999999999997e+00
1.303050000000000042e+00
1.310040000000000093e+00
1.320519999999999916e+00
1.330999999999999961e+00
1.341480000000000006e+00
1.351960000000000051e+00
1.362440000000000095e+00
1.372919999999999918e+00
1.383399999999999963e+00
1.390390000000000015e+00
1.400870000000000060e+00
1.411350000000000104e+00
1.421829999999999927e+00
1.432309999999999972e+00
1.442790000000000017e+00
1.453270000000000062e+00
1.460250000000000048e+00
1.470730000000000093e+00
1.481209999999999916e+00
1.491689999999999960e+00
1.502180000000000071e+00
1.512659999999999894e+00
1.523139999999999938e+00
1.530119999999999925e+00
1.540599999999999969e+00
1.551080000000000014e+00
1.561560000000000059e+00
1.572040000000000104e+00
1.582519999999999927e+00
1.592999999999999972e+00
1.603480000000000016e+00
1.610470000000000068e+00
1.620949999999999891e+00
1.631429999999999936e+00
1.641909999999999981e+00
1.652390000000000025e+00
1.662870000000000070e+00
1.673349999999999893e+00
1.680339999999999945e+00
1.690819999999999990e+00
1.701300000000000034e+00
1.711780000000000079e+00
1.722259999999999902e+00
1.732739999999999947e+00
1.743219999999999992e+00
1.750210000000000043e+00
1.760690000000000088e+00
1.771169999999999911e+00
1.781649999999999956e+00
1.792130000000000001e+00
1.802610000000000046e+00
1.813090000000000090e+00
1.820079999999999920e+00
1.830559999999999965e+00
1.841040000000000010e+00
1.851520000000000055e+00
1.862000000000000099e+00
1.872479999999999922e+00
1.882959999999999967e+00
1.893440000000000012e+00
1.900430000000000064e+00
1.910910000000000108e+00
1.921389999999999931e+00
1.931869999999999976e+00
1.942350000000000021e+00
1.952830000000000066e+00
1.963310000000000111e+00
1.970299999999999940e+00
1.980779999999999985e+00
1.991260000000000030e+00
2.001739999999999853e+00
2.012220000000000120e+00
2.022699999999999942e+00
2.033180000000000209e+00
2.040160000000000196e+00
2.050640000000000018e+00
2.061119999999999841e+00
2.071600000000000108e+00
2.082079999999999931e+00
2.092569999999999819e+00
2.103050000000000086e+00
2.110030000000000072e+00
2.120509999999999895e+00
2.130990000000000162e+00
2.141469999999999985e+00
2.151949999999999807e+00
2.162430000000000074e+00
2.172909999999999897e+00
2.183390000000000164e+00
2.190380000000000216e+00
2.200860000000000039e+00
2.211339999999999861e+00
2.221820000000000128e+00
2.232299999999999951e+00
2.242780000000000218e+00
2.253260000000000041e+00
2.260250000000000092e+00
2.270729999999999915e+00
2.281210000000000182e+00
2.291690000000000005e+00
2.302169999999999828e+00
2.312650000000000095e+00
2.323129999999999917e+00
2.330119999999999969e+00
2.340599999999999792e+00
2.351080000000000059e+00
2.361559999999999881e+00
2.372040000000000148e+00
2.382519999999999971e+00
2.392999999999999794e+00
2.403480000000000061e+00
2.410470000000000113e+00
2.420949999999999935e+00
2.431430000000000202e+00
2.441910000000000025e+00
2.452389999999999848e+00
2.462870000000000115e+00
2.473349999999999937e+00
2.480339999999999989e+00
2.490819999999999812e+00
2.501300000000000079e+00
2.511779999999999902e+00
2.522260000000000169e+00
2.532739999999999991e+00
2.543219999999999814e+00
2.550209999999999866e+00
2.560690000000000133e+00
2.571169999999999956e+00
2.581649999999999778e+00
2.592130000000000045e+00
2.602609999999999868e+00
2.613090000000000135e+00
2.620070000000000121e+00
2.630549999999999944e+00
2.641030000000000211e+00
2.651510000000000034e+00
2.661989999999999856e+00
2.672480000000000189e+00
2.682960000000000012e+00
2.693439999999999834e+00
2.700419999999999821e+00
2.710900000000000087e+00
2.721379999999999910e+00
2.731860000000000177e+00
2.742340000000000000e+00
2.752819999999999823e+00
2.763300000000000090e+00
2.770290000000000141e+00
2.780769999999999964e+00
2.791249999999999787e+00
2.801730000000000054e+00
2.812209999999999877e+00
2.822690000000000143e+00
2.833169999999999966e+00
2.840160000000000018e+00
2.850639999999999841e+00
2.861120000000000108e+00
2.871599999999999930e+00
2.882080000000000197e+00
2.892560000000000020e+00
2.903039999999999843e+00
2.910029999999999895e+00
2.920510000000000161e+00
2.930989999999999984e+00
2.941469999999999807e+00
2.951950000000000074e+00
2.962429999999999897e+00
2.972910000000000164e+00
2.983389999999999986e+00
2.990380000000000038e+00
3.000859999999999861e+00
3.011340000000000128e+00
3.021819999999999951e+00
3.032300000000000217e+00
3.042780000000000040e+00
3.053259999999999863e+00
3.060249999999999915e+00
3.070730000000000182e+00
3.081210000000000004e+00
3.091689999999999827e+00
3.102170000000000094e+00
3.112649999999999917e+00
3.123130000000000184e+00
3.130119999999999791e+00
3.140600000000000058e+00
3.151079999999999881e+00
3.161560000000000148e+00
3.172039999999999971e+00
3.182519999999999794e+00
3.193000000000000060e+00
3.203479999999999883e+00
3.210459999999999869e+00
3.220940000000000136e+00
3.231419999999999959e+00
3.241909999999999847e+00
3.252390000000000114e+00
3.262869999999999937e+00
3.273350000000000204e+00
3.280330000000000190e+00
3.290810000000000013e+00
3.301289999999999836e+00
3.311770000000000103e+00
3.322249999999999925e+00
3.332730000000000192e+00
3.343210000000000015e+00
3.350200000000000067e+00
3.360679999999999890e+00
3.371160000000000156e+00
3.381639999999999979e+00
3.392119999999999802e+00
3.402600000000000069e+00
3.413079999999999892e+00
3.420069999999999943e+00
3.430550000000000210e+00
3.441030000000000033e+00
3.451509999999999856e+00
3.461990000000000123e+00
3.472469999999999946e+00
3.482950000000000212e+00
3.493430000000000035e+00
3.500420000000000087e+00
3.510899999999999910e+00
3.521380000000000177e+00
3.531859999999999999e+00
3.542339999999999822e+00
3.552820000000000089e+00
3.563299999999999912e+00
3.570289999999999964e+00
3.580769999999999786e+00
3.591250000000000053e+00
3.601729999999999876e+00
3.612210000000000143e+00
3.622689999999999966e+00
3.633169999999999789e+00
3.640159999999999840e+00
3.650640000000000107e+00
3.661119999999999930e+00
3.671600000000000197e+00
3.682080000000000020e+00
3.692559999999999842e+00
3.703040000000000109e+00
3.710030000000000161e+00
3.720509999999999984e+00
3.730989999999999807e+00
3.741470000000000073e+00
3.751949999999999896e+00
3.762430000000000163e+00
3.772909999999999986e+00
3.783389999999999809e+00
3.790369999999999795e+00
3.800850000000000062e+00
3.811329999999999885e+00
3.821820000000000217e+00
3.832300000000000040e+00
3.842779999999999863e+00
3.853260000000000129e+00
3.860240000000000116e+00
3.870719999999999938e+00
3.881200000000000205e+00
3.891680000000000028e+00
3.902159999999999851e+00
3.912640000000000118e+00
3.923119999999999941e+00
3.930109999999999992e+00
3.940589999999999815e+00
3.951070000000000082e+00
3.961549999999999905e+00
3.972030000000000172e+00
3.982509999999999994e+00
3.992989999999999817e+00
4.003470000000000084e+00
4.010460000000000136e+00
4.020940000000000403e+00
4.031419999999999781e+00
4.041900000000000048e+00
4.052380000000000315e+00
4.062859999999999694e+00
4.073339999999999961e+00
4.080330000000000013e+00
4.090810000000000279e+00
4.101289999999999658e+00
4.111769999999999925e+00
4.122250000000000192e+00
4.132729999999999571e+00
4.143209999999999837e+00
4.150199999999999889e+00
4.160680000000000156e+00
4.171160000000000423e+00
4.181639999999999802e+00
4.192120000000000068e+00
4.202600000000000335e+00
4.213079999999999714e+00
4.220069999999999766e+00
4.230550000000000033e+00
4.241030000000000300e+00
4.251509999999999678e+00
4.261989999999999945e+00
4.272470000000000212e+00
4.282949999999999591e+00
4.293429999999999858e+00
4.300419999999999909e+00
4.310900000000000176e+00
4.321380000000000443e+00
4.331859999999999822e+00
4.342340000000000089e+00
4.352820000000000356e+00
4.363299999999999734e+00
4.370280000000000165e+00
4.380770000000000053e+00
4.391250000000000320e+00
4.401729999999999698e+00
4.412209999999999965e+00
4.422690000000000232e+00
4.433169999999999611e+00
4.440150000000000041e+00
4.450630000000000308e+00
4.461109999999999687e+00
4.471589999999999954e+00
4.482070000000000221e+00
4.492549999999999599e+00
4.503040000000000376e+00
4.510019999999999918e+00
4.520500000000000185e+00
4.530979999999999563e+00
4.541459999999999830e+00
4.551940000000000097e+00
4.562420000000000364e+00
4.572899999999999743e+00
4.583380000000000010e+00
4.590370000000000061e+00
4.600850000000000328e+00
4.611329999999999707e+00
4.621809999999999974e+00
4.632290000000000241e+00
4.642769999999999619e+00
4.653249999999999886e+00
4.660239999999999938e+00
4.670720000000000205e+00
4.681199999999999584e+00
4.691679999999999851e+00
4.702160000000000117e+00
4.712640000000000384e+00
4.723119999999999763e+00
4.730109999999999815e+00
4.740590000000000082e+00
4.751070000000000348e+00
4.761549999999999727e+00
4.772029999999999994e+00
4.782510000000000261e+00
4.792989999999999640e+00
4.803469999999999906e+00
4.810459999999999958e+00
4.820940000000000225e+00
4.831419999999999604e+00
4.841899999999999871e+00
4.852380000000000138e+00
4.862860000000000404e+00
4.873339999999999783e+00
4.880329999999999835e+00
4.890810000000000102e+00
4.901290000000000369e+00
4.911769999999999747e+00
4.922250000000000014e+00
4.932730000000000281e+00
4.943209999999999660e+00
4.950199999999999712e+00
4.960679999999999978e+00
4.971160000000000245e+00
4.981639999999999624e+00
4.992119999999999891e+00
5.002600000000000158e+00
5.013080000000000425e+00
5.020059999999999967e+00
5.030540000000000234e+00
5.041019999999999612e+00
5.051499999999999879e+00
5.061989999999999768e+00
5.072470000000000034e+00
5.082950000000000301e+00
5.093429999999999680e+00
5.100410000000000110e+00
5.110890000000000377e+00
5.121369999999999756e+00
5.131850000000000023e+00
5.142330000000000290e+00
5.152809999999999668e+00
5.163289999999999935e+00
5.170279999999999987e+00
5.180760000000000254e+00
5.191239999999999633e+00
5.201719999999999899e+00
5.212200000000000166e+00
5.222680000000000433e+00
5.233159999999999812e+00
5.240149999999999864e+00
5.250630000000000130e+00
5.261110000000000397e+00
5.271589999999999776e+00
5.282070000000000043e+00
5.292550000000000310e+00
5.303029999999999688e+00
5.310019999999999740e+00
5.320500000000000007e+00
5.330980000000000274e+00
5.341459999999999653e+00
5.351939999999999920e+00
5.362420000000000186e+00
5.372899999999999565e+00
5.383379999999999832e+00
5.390369999999999884e+00
5.400850000000000151e+00
5.411330000000000418e+00
5.421809999999999796e+00
5.432290000000000063e+00
5.442770000000000330e+00
5.453249999999999709e+00
5.460239999999999760e+00
5.470720000000000027e+00
5.481200000000000294e+00
5.491679999999999673e+00
5.502159999999999940e+00
5.512640000000000207e+00
5.523119999999999585e+00
5.530109999999999637e+00
5.540589999999999904e+00
5.551070000000000171e+00
5.561550000000000438e+00
5.572029999999999816e+00
5.582510000000000083e+00
5.592990000000000350e+00
5.603469999999999729e+00
5.610450000000000159e+00
5.620940000000000047e+00
5.631420000000000314e+00
5.641899999999999693e+00
5.652379999999999960e+00
5.662860000000000227e+00
5.673339999999999606e+00
5.680320000000000036e+00
5.690800000000000303e+00
5.701279999999999681e+00
5.711759999999999948e+00
5.722240000000000215e+00
5.732730000000000103e+00
5.743210000000000370e+00
5.750189999999999912e+00
5.760670000000000179e+00
5.771149999999999558e+00
5.781629999999999825e+00
5.792110000000000092e+00
5.802590000000000359e+00
5.813069999999999737e+00
5.820059999999999789e+00
5.830540000000000056e+00
5.841020000000000323e+00
5.851499999999999702e+00
5.861979999999999968e+00
5.872460000000000235e+00
5.882939999999999614e+00
5.893419999999999881e+00
5.900409999999999933e+00
5.910890000000000200e+00
5.921369999999999578e+00
5.931849999999999845e+00
5.942330000000000112e+00
5.952810000000000379e+00
5.963289999999999758e+00
5.970279999999999809e+00
5.980760000000000076e+00
5.991240000000000343e+00
6.001719999999999722e+00
6.012199999999999989e+00
6.022680000000000256e+00
6.033159999999999634e+00
6.040149999999999686e+00
6.050629999999999953e+00
6.061110000000000220e+00
6.071589999999999598e+00
6.082069999999999865e+00
6.092550000000000132e+00
6.103030000000000399e+00
6.110019999999999563e+00
6.120499999999999829e+00
6.130980000000000096e+00
6.141460000000000363e+00
6.151939999999999742e+00
6.162420000000000009e+00
6.172900000000000276e+00
6.183379999999999654e+00
6.190369999999999706e+00
6.200849999999999973e+00
6.211330000000000240e+00
6.221809999999999619e+00
6.232289999999999885e+00
6.242770000000000152e+00
6.253250000000000419e+00
6.260229999999999961e+00
6.270710000000000228e+00
6.281189999999999607e+00
6.291680000000000383e+00
6.302159999999999762e+00
6.312640000000000029e+00
6.323120000000000296e+00
6.330099999999999838e+00
6.340580000000000105e+00
6.351060000000000372e+00
6.361539999999999750e+00
6.372020000000000017e+00
6.382500000000000284e+00
6.392979999999999663e+00
6.403470000000000439e+00
6.410449999999999982e+00
6.420930000000000248e+00
6.431409999999999627e+00
6.441889999999999894e+00
6.452370000000000161e+00
6.462850000000000428e+00
6.473329999999999806e+00
6.480319999999999858e+00
6.490800000000000125e+00
6.501280000000000392e+00
6.511759999999999771e+00
6.522240000000000038e+00
6.532720000000000304e+00
6.543199999999999683e+00
6.550189999999999735e+00
6.560670000000000002e+00
6.571150000000000269e+00
6.581629999999999647e+00
6.592109999999999914e+00
6.602590000000000181e+00
6.613069999999999560e+00
6.620059999999999611e+00
6.630539999999999878e+00
6.641020000000000145e+00
6.651500000000000412e+00
6.661979999999999791e+00
6.672460000000000058e+00
6.682940000000000325e+00
6.693419999999999703e+00
6.700409999999999755e+00
6.710890000000000022e+00
6.721370000000000289e+00
6.731849999999999667e+00
6.742329999999999934e+00
6.752810000000000201e+00
6.763289999999999580e+00
6.770279999999999632e+00
6.780759999999999899e+00
6.791240000000000165e+00
6.801720000000000432e+00
6.812199999999999811e+00
6.822680000000000078e+00
6.833160000000000345e+00
6.840139999999999887e+00
6.850629999999999775e+00
6.861110000000000042e+00
6.871590000000000309e+00
6.882069999999999688e+00
6.892549999999999955e+00
6.903030000000000221e+00
6.910009999999999764e+00
6.920490000000000030e+00
6.930970000000000297e+00
6.941449999999999676e+00
6.951929999999999943e+00
6.962419999999999831e+00
6.972900000000000098e+00
6.983380000000000365e+00
6.990359999999999907e+00
7.000840000000000174e+00
7.011320000000000441e+00
7.021799999999999820e+00
7.032280000000000086e+00
7.042760000000000353e+00
7.053239999999999732e+00
7.060229999999999784e+00
7.070710000000000051e+00
7.081190000000000317e+00
7.091669999999999696e+00
7.102149999999999963e+00
7.112630000000000230e+00
7.123109999999999609e+00
7.130099999999999660e+00
7.140579999999999927e+00
7.151060000000000194e+00
7.161539999999999573e+00
7.172019999999999840e+00
7.182500000000000107e+00
7.192980000000000373e+00
7.203459999999999752e+00
7.210449999999999804e+00
7.220930000000000071e+00
7.231410000000000338e+00
7.241889999999999716e+00
7.252369999999999983e+00
7.262850000000000250e+00
7.273329999999999629e+00
7.280319999999999681e+00
7.290799999999999947e+00
7.301280000000000214e+00
7.311759999999999593e+00
7.322239999999999860e+00
7.332720000000000127e+00
7.343200000000000394e+00
7.350189999999999557e+00
7.360669999999999824e+00
7.371150000000000091e+00
7.381630000000000358e+00
7.392109999999999737e+00
7.402590000000000003e+00
7.413070000000000270e+00
7.420060000000000322e+00
7.430539999999999701e+00
7.441019999999999968e+00
7.451500000000000234e+00
7.461979999999999613e+00
7.472459999999999880e+00
7.482940000000000147e+00
7.493420000000000414e+00
7.500399999999999956e+00
7.510889999999999844e+00
7.521370000000000111e+00
7.531850000000000378e+00
7.542329999999999757e+00
7.552810000000000024e+00
7.563290000000000290e+00
7.570269999999999833e+00
7.580750000000000099e+00
7.591230000000000366e+00
7.601709999999999745e+00
7.612190000000000012e+00
7.622679999999999900e+00
7.633160000000000167e+00
7.640139999999999709e+00
7.650619999999999976e+00
7.661100000000000243e+00
7.671579999999999622e+00
7.682059999999999889e+00
7.692540000000000155e+00
7.703020000000000422e+00
7.710009999999999586e+00
7.720489999999999853e+00
7.730970000000000120e+00
7.741450000000000387e+00
7.751929999999999765e+00
7.762410000000000032e+00
7.772890000000000299e+00
7.783369999999999678e+00
7.790359999999999729e+00
7.800839999999999996e+00
7.811320000000000263e+00
7.821799999999999642e+00
7.832279999999999909e+00
7.842760000000000176e+00
7.853240000000000443e+00
7.860229999999999606e+00
7.870709999999999873e+00
7.881190000000000140e+00
7.891670000000000407e+00
7.902149999999999785e+00
7.912630000000000052e+00
7.923110000000000319e+00
7.930100000000000371e+00
7.940579999999999750e+00
7.951060000000000016e+00
7.961540000000000283e+00
7.972019999999999662e+00
7.982499999999999929e+00
7.992980000000000196e+00
8.003460000000000463e+00
8.010450000000000514e+00
8.020929999999999893e+00
8.031409999999999272e+00
8.041890000000000427e+00
8.052369999999999806e+00
8.062849999999999184e+00
8.073330000000000339e+00
8.080320000000000391e+00
8.090799999999999770e+00
8.101279999999999148e+00
8.111760000000000304e+00
8.122239999999999682e+00
8.132720000000000837e+00
8.143200000000000216e+00
8.150180000000000646e+00
8.160660000000000025e+00
8.171150000000000801e+00
8.181630000000000180e+00
8.192109999999999559e+00
8.202590000000000714e+00
8.213070000000000093e+00
8.220050000000000523e+00
8.230529999999999902e+00
8.241009999999999280e+00
8.251490000000000435e+00
8.261969999999999814e+00
8.272449999999999193e+00
8.282939999999999969e+00
8.293419999999999348e+00
8.300399999999999778e+00
8.310879999999999157e+00
8.321360000000000312e+00
8.331839999999999691e+00
8.342320000000000846e+00
8.352800000000000225e+00
8.363279999999999603e+00
8.370269999999999655e+00
8.380750000000000810e+00
8.391230000000000189e+00
8.401709999999999567e+00
8.412190000000000722e+00
8.422670000000000101e+00
8.433149999999999480e+00
8.440139999999999532e+00
8.450620000000000687e+00
8.461100000000000065e+00
8.471579999999999444e+00
8.482060000000000599e+00
8.492539999999999978e+00
8.503019999999999357e+00
8.510009999999999408e+00
8.520490000000000563e+00
8.530969999999999942e+00
8.541449999999999321e+00
8.551930000000000476e+00
8.562409999999999854e+00
8.572889999999999233e+00
8.583370000000000388e+00
8.590360000000000440e+00
8.600839999999999819e+00
8.611319999999999197e+00
8.621800000000000352e+00
8.632279999999999731e+00
8.642760000000000886e+00
8.653240000000000265e+00
8.660230000000000317e+00
8.670709999999999695e+00
8.681190000000000850e+00
8.691670000000000229e+00
8.702149999999999608e+00
8.712630000000000763e+00
8.723110000000000142e+00
8.730100000000000193e+00
8.740579999999999572e+00
8.751060000000000727e+00
8.761540000000000106e+00
8.772019999999999484e+00
8.782500000000000639e+00
8.792980000000000018e+00
8.803459999999999397e+00
8.810439999999999827e+00
8.820919999999999206e+00
8.831409999999999982e+00
8.841889999999999361e+00
8.852370000000000516e+00
8.862849999999999895e+00
8.873329999999999274e+00
8.880309999999999704e+00
8.890790000000000859e+00
8.901270000000000238e+00
8.911749999999999616e+00
8.922230000000000771e+00
8.932719999999999771e+00
8.943199999999999150e+00
8.950179999999999580e+00
8.960660000000000736e+00
8.971140000000000114e+00
8.981619999999999493e+00
8.992100000000000648e+00
9.002580000000000027e+00
9.013059999999999405e+00
9.020049999999999457e+00
9.030530000000000612e+00
9.041009999999999991e+00
9.051489999999999370e+00
9.061970000000000525e+00
9.072449999999999903e+00
9.082929999999999282e+00
9.093410000000000437e+00
9.100400000000000489e+00
9.110879999999999868e+00
9.121359999999999246e+00
9.131840000000000401e+00
9.142319999999999780e+00
9.152799999999999159e+00
9.163280000000000314e+00
9.170270000000000366e+00
9.180749999999999744e+00
9.191229999999999123e+00
9.201710000000000278e+00
9.212189999999999657e+00
9.222670000000000812e+00
9.233150000000000190e+00
9.240140000000000242e+00
9.250619999999999621e+00
9.261100000000000776e+00
9.271580000000000155e+00
9.282059999999999533e+00
9.292540000000000688e+00
9.303020000000000067e+00
9.310010000000000119e+00
9.320489999999999498e+00
9.330970000000000653e+00
9.341450000000000031e+00
9.351929999999999410e+00
9.362410000000000565e+00
9.372889999999999944e+00
9.383369999999999322e+00
9.390359999999999374e+00
9.400840000000000529e+00
9.411319999999999908e+00
9.421799999999999287e+00
9.432280000000000442e+00
9.442759999999999820e+00
9.453239999999999199e+00
9.460219999999999629e+00
9.470700000000000784e+00
9.481189999999999785e+00
9.491669999999999163e+00
9.502150000000000318e+00
9.512629999999999697e+00
9.523110000000000852e+00
9.530089999999999506e+00
9.540570000000000661e+00
9.551050000000000040e+00
9.561529999999999418e+00
9.572010000000000574e+00
9.582489999999999952e+00
9.592980000000000729e+00
9.603460000000000107e+00
9.610440000000000538e+00
9.620919999999999916e+00
9.631399999999999295e+00
9.641880000000000450e+00
9.652359999999999829e+00
9.662839999999999208e+00
9.673320000000000363e+00
9.680310000000000414e+00
9.690789999999999793e+00
9.701269999999999172e+00
9.711750000000000327e+00
9.722229999999999706e+00
9.732710000000000861e+00
9.743190000000000239e+00
9.750180000000000291e+00
9.760659999999999670e+00
9.771140000000000825e+00
9.781620000000000203e+00
9.792099999999999582e+00
9.802580000000000737e+00
9.813060000000000116e+00
9.820050000000000168e+00
9.830529999999999546e+00
9.841010000000000701e+00
9.851490000000000080e+00
9.861969999999999459e+00
9.872450000000000614e+00
9.882929999999999993e+00
9.893409999999999371e+00
9.900399999999999423e+00
9.910880000000000578e+00
9.921359999999999957e+00
9.931839999999999336e+00
9.942320000000000491e+00
9.952799999999999869e+00
9.963279999999999248e+00
9.970269999999999300e+00
9.980750000000000455e+00
9.991229999999999833e+00
1.000169999999999959e+01
1.001219999999999999e+01
1.002270000000000039e+01
1.003309999999999924e+01
1.004010000000000069e+01
1.005059999999999931e+01
1.006109999999999971e+01
1.007160000000000011e+01
1.008210000000000051e+01
1.009249999999999936e+01
1.010299999999999976e+01
1.010999999999999943e+01
1.012049999999999983e+01
1.013100000000000023e+01
1.014140000000000086e+01
1.015189999999999948e+01
1.016239999999999988e+01
1.017290000000000028e+01
1.018340000000000067e+01
1.019040000000000035e+01
1.020079999999999920e+01
1.021129999999999960e+01
1.022180000000000000e+01
1.023230000000000040e+01
1.024280000000000079e+01
1.025319999999999965e+01
1.026019999999999932e+01
1.027069999999999972e+01
1.028120000000000012e+01
1.029170000000000051e+01
1.030209999999999937e+01
1.031259999999999977e+01
1.032310000000000016e+01
1.033009999999999984e+01
1.034060000000000024e+01
1.035110000000000063e+01
1.036149999999999949e+01
1.037199999999999989e+01
1.038250000000000028e+01
1.039300000000000068e+01
1.040349999999999930e+01
1.041039999999999921e+01
1.042089999999999961e+01
1.043140000000000001e+01
1.044190000000000040e+01
1.045240000000000080e+01
1.046279999999999966e+01
1.047330000000000005e+01
1.048029999999999973e+01
1.049080000000000013e+01
1.050130000000000052e+01
1.051179999999999914e+01
1.052219999999999978e+01
1.053270000000000017e+01
1.054320000000000057e+01
1.055020000000000024e+01
1.056070000000000064e+01
1.057109999999999950e+01
1.058159999999999989e+01
1.059210000000000029e+01
1.060260000000000069e+01
1.061309999999999931e+01
1.061999999999999922e+01
1.063049999999999962e+01
1.064100000000000001e+01
1.065150000000000041e+01
1.066200000000000081e+01
1.067239999999999966e+01
1.068290000000000006e+01
1.069340000000000046e+01
1.070040000000000013e+01
1.071090000000000053e+01
1.072139999999999915e+01
1.073179999999999978e+01
1.074230000000000018e+01
1.075280000000000058e+01
1.076329999999999920e+01
1.077030000000000065e+01
1.078069999999999951e+01
1.079119999999999990e+01
1.080170000000000030e+01
1.081220000000000070e+01
1.082269999999999932e+01
1.083309999999999995e+01
1.084009999999999962e+01
1.085060000000000002e+01
1.086110000000000042e+01
1.087160000000000082e+01
1.088209999999999944e+01
1.089250000000000007e+01
1.090300000000000047e+01
1.091000000000000014e+01
1.092050000000000054e+01
1.093099999999999916e+01
1.094139999999999979e+01
1.095190000000000019e+01
1.096240000000000059e+01
1.097289999999999921e+01
1.098339999999999961e+01
1.099039999999999928e+01
1.100079999999999991e+01
1.101130000000000031e+01
1.102180000000000071e+01
1.103229999999999933e+01
1.104279999999999973e+01
1.105320000000000036e+01
1.106020000000000003e+01
1.107070000000000043e+01
1.108120000000000083e+01
1.109169999999999945e+01
1.110210000000000008e+01
1.111260000000000048e+01
1.112310000000000088e+01
1.113010000000000055e+01
1.114059999999999917e+01
1.115109999999999957e+01
1.116150000000000020e+01
1.117200000000000060e+01
1.118249999999999922e+01
1.119299999999999962e+01
1.120350000000000001e+01
1.121039999999999992e+01
1.122090000000000032e+01
1.123140000000000072e+01
1.124189999999999934e+01
1.125239999999999974e+01
1.126280000000000037e+01
1.127330000000000076e+01
1.128030000000000044e+01
1.129080000000000084e+01
1.130129999999999946e+01
1.131170000000000009e+01
1.132220000000000049e+01
1.133270000000000088e+01
1.134319999999999951e+01
1.135019999999999918e+01
1.136069999999999958e+01
1.137110000000000021e+01
1.138160000000000061e+01
1.139209999999999923e+01
1.140259999999999962e+01
1.141310000000000002e+01
1.141999999999999993e+01
1.143050000000000033e+01
1.144100000000000072e+01
1.145149999999999935e+01
1.146199999999999974e+01
1.147240000000000038e+01
1.148290000000000077e+01
1.149339999999999939e+01
1.150040000000000084e+01
1.151089999999999947e+01
1.152139999999999986e+01
1.153180000000000049e+01
1.154229999999999912e+01
1.155279999999999951e+01
1.156329999999999991e+01
1.157029999999999959e+01
1.158070000000000022e+01
1.159120000000000061e+01
1.160169999999999924e+01
1.161219999999999963e+01
1.162270000000000003e+01
1.163310000000000066e+01
1.164010000000000034e+01
1.165060000000000073e+01
1.166109999999999935e+01
1.167159999999999975e+01
1.168210000000000015e+01
1.169250000000000078e+01
1.170299999999999940e+01
1.171000000000000085e+01
1.172049999999999947e+01
1.173099999999999987e+01
1.174140000000000050e+01
1.175189999999999912e+01
1.176239999999999952e+01
1.177289999999999992e+01
1.178340000000000032e+01
1.179030000000000022e+01
1.180080000000000062e+01
1.181129999999999924e+01
1.182179999999999964e+01
1.183230000000000004e+01
1.184280000000000044e+01
1.185319999999999929e+01
1.186020000000000074e+01
1.187069999999999936e+01
1.188119999999999976e+01
1.189170000000000016e+01
1.190210000000000079e+01
1.191259999999999941e+01
1.192309999999999981e+01
1.193009999999999948e+01
1.194059999999999988e+01
1.195100000000000051e+01
1.196149999999999913e+01
1.197199999999999953e+01
1.198249999999999993e+01
1.199300000000000033e+01
1.200339999999999918e+01
1.201040000000000063e+01
1.202089999999999925e+01
1.203139999999999965e+01
1.204190000000000005e+01
1.205240000000000045e+01
1.206279999999999930e+01
1.207329999999999970e+01
1.208029999999999937e+01
1.209079999999999977e+01
1.210130000000000017e+01
1.211170000000000080e+01
1.212219999999999942e+01
1.213269999999999982e+01
1.214320000000000022e+01
1.215019999999999989e+01
1.216070000000000029e+01
1.217109999999999914e+01
1.218159999999999954e+01
1.219209999999999994e+01
1.220260000000000034e+01
1.221310000000000073e+01
1.222000000000000064e+01
1.223049999999999926e+01
1.224099999999999966e+01
1.225150000000000006e+01
1.226200000000000045e+01
1.227239999999999931e+01
1.228289999999999971e+01
1.229340000000000011e+01
1.230039999999999978e+01
1.231090000000000018e+01
1.232140000000000057e+01
1.233179999999999943e+01
1.234229999999999983e+01
1.235280000000000022e+01
1.236330000000000062e+01
1.237030000000000030e+01
1.238069999999999915e+01
1.239119999999999955e+01
1.240169999999999995e+01
1.241220000000000034e+01
1.242270000000000074e+01
1.243309999999999960e+01
1.244009999999999927e+01
1.245059999999999967e+01
1.246110000000000007e+01
1.247160000000000046e+01
1.248210000000000086e+01
1.249249999999999972e+01
1.250300000000000011e+01
1.251350000000000051e+01
1.252050000000000018e+01
1.253100000000000058e+01
1.254139999999999944e+01
1.255189999999999984e+01
1.256240000000000023e+01
1.257290000000000063e+01
1.258339999999999925e+01
1.259029999999999916e+01
1.260079999999999956e+01
1.261129999999999995e+01
1.262180000000000035e+01
1.263230000000000075e+01
1.264269999999999960e+01
1.265320000000000000e+01
1.266019999999999968e+01
1.267070000000000007e+01
1.268120000000000047e+01
1.269170000000000087e+01
1.270209999999999972e+01
1.271260000000000012e+01
1.272310000000000052e+01
1.273010000000000019e+01
1.274060000000000059e+01
1.275099999999999945e+01
1.276149999999999984e+01
1.277200000000000024e+01
1.278250000000000064e+01
1.279299999999999926e+01
1.280339999999999989e+01
1.281039999999999957e+01
1.282089999999999996e+01
1.283140000000000036e+01
1.284190000000000076e+01
1.285239999999999938e+01
1.286280000000000001e+01
1.287330000000000041e+01
1.288030000000000008e+01
1.289080000000000048e+01
1.290130000000000088e+01
1.291169999999999973e+01
1.292220000000000013e+01
1.293270000000000053e+01
1.294319999999999915e+01
1.295020000000000060e+01
1.296069999999999922e+01
1.297109999999999985e+01
1.298160000000000025e+01
1.299210000000000065e+01
1.300259999999999927e+01
1.301309999999999967e+01
1.301999999999999957e+01
1.303049999999999997e+01
1.304100000000000037e+01
1.305150000000000077e+01
1.306199999999999939e+01
1.307240000000000002e+01
1.308290000000000042e+01
1.309340000000000082e+01
1.310040000000000049e+01
1.311090000000000089e+01
1.312139999999999951e+01
1.313180000000000014e+01
1.314230000000000054e+01
1.315279999999999916e+01
1.316329999999999956e+01
1.317029999999999923e+01
1.318069999999999986e+01
1.319120000000000026e+01
1.320170000000000066e+01
1.321219999999999928e+01
1.322269999999999968e+01
1.323310000000000031e+01
1.324009999999999998e+01
1.325060000000000038e+01
1.326110000000000078e+01
1.327159999999999940e+01
1.328200000000000003e+01
1.329250000000000043e+01
1.330300000000000082e+01
1.331349999999999945e+01
1.332049999999999912e+01
1.333099999999999952e+01
1.334140000000000015e+01
1.335190000000000055e+01
1.336239999999999917e+01
1.337289999999999957e+01
1.338339999999999996e+01
1.339029999999999987e+01
1.340080000000000027e+01
1.341130000000000067e+01
1.342179999999999929e+01
1.343229999999999968e+01
1.344270000000000032e+01
1.345320000000000071e+01
1.346020000000000039e+01
1.347070000000000078e+01
1.348119999999999941e+01
1.349169999999999980e+01
1.350210000000000043e+01
1.351260000000000083e+01
1.352309999999999945e+01
1.353009999999999913e+01
1.354059999999999953e+01
1.355100000000000016e+01
1.356150000000000055e+01
1.357199999999999918e+01
1.358249999999999957e+01
1.359299999999999997e+01
1.360340000000000060e+01
1.361040000000000028e+01
1.362090000000000067e+01
1.363139999999999930e+01
1.364189999999999969e+01
1.365240000000000009e+01
1.366280000000000072e+01
1.367329999999999934e+01
1.368030000000000079e+01
1.369079999999999941e+01
1.370129999999999981e+01
1.371170000000000044e+01
1.372220000000000084e+01
1.373269999999999946e+01
1.374319999999999986e+01
1.375019999999999953e+01
1.376069999999999993e+01
1.377110000000000056e+01
1.378159999999999918e+01
1.379209999999999958e+01
1.380259999999999998e+01
1.381310000000000038e+01
1.382000000000000028e+01
1.383050000000000068e+01
1.384099999999999930e+01
1.385149999999999970e+01
1.386200000000000010e+01
1.387240000000000073e+01
1.388289999999999935e+01
1.389339999999999975e+01
1.390039999999999942e+01
1.391089999999999982e+01
1.392140000000000022e+01
1.393180000000000085e+01
1.394229999999999947e+01
1.395279999999999987e+01
1.396330000000000027e+01
1.397029999999999994e+01
1.398070000000000057e+01
1.399119999999999919e+01
1.400169999999999959e+01
1.401219999999999999e+01
1.402270000000000039e+01
1.403309999999999924e+01
1.404010000000000069e+01
1.405059999999999931e+01
1.406109999999999971e+01
1.407160000000000011e+01
1.408200000000000074e+01
1.409249999999999936e+01
1.410299999999999976e+01
1.411350000000000016e+01
1.412049999999999983e+01
1.413100000000000023e+01
1.414140000000000086e+01
1.415189999999999948e+01
1.416239999999999988e+01
1.417290000000000028e+01
1.418340000000000067e+01
1.419030000000000058e+01
1.420079999999999920e+01
1.421129999999999960e+01
1.422180000000000000e+01
1.423230000000000040e+01
1.424269999999999925e+01
1.425319999999999965e+01
1.426019999999999932e+01
1.427069999999999972e+01
1.428120000000000012e+01
1.429170000000000051e+01
1.430209999999999937e+01
1.431259999999999977e+01
1.432310000000000016e+01
1.433009999999999984e+01
1.434060000000000024e+01
1.435100000000000087e+01
1.436149999999999949e+01
1.437199999999999989e+01
1.438250000000000028e+01
1.439300000000000068e+01
1.440339999999999954e+01
1.441039999999999921e+01
1.442089999999999961e+01
1.443140000000000001e+01
1.444190000000000040e+01
1.445240000000000080e+01
1.446279999999999966e+01
1.447330000000000005e+01
1.448029999999999973e+01
1.449080000000000013e+01
1.450130000000000052e+01
1.451169999999999938e+01
1.452219999999999978e+01
1.453270000000000017e+01
1.454320000000000057e+01
1.455020000000000024e+01
1.456070000000000064e+01
1.457109999999999950e+01
1.458159999999999989e+01
1.459210000000000029e+01
1.460260000000000069e+01
1.461309999999999931e+01
1.461999999999999922e+01
1.463049999999999962e+01
1.464100000000000001e+01
1.465150000000000041e+01
1.466200000000000081e+01
1.467239999999999966e+01
1.468290000000000006e+01
1.469340000000000046e+01
1.470040000000000013e+01
1.471090000000000053e+01
1.472129999999999939e+01
1.473179999999999978e+01
1.474230000000000018e+01
1.475280000000000058e+01
1.476329999999999920e+01
1.477030000000000065e+01
1.478069999999999951e+01
1.479119999999999990e+01
1.480170000000000030e+01
1.481220000000000070e+01
1.482269999999999932e+01
1.483309999999999995e+01
1.484009999999999962e+01
1.485060000000000002e+01
1.486110000000000042e+01
1.487160000000000082e+01
1.488199999999999967e+01
1.489250000000000007e+01
1.490300000000000047e+01
1.491350000000000087e+01
1.492050000000000054e+01
1.493099999999999916e+01
1.494139999999999979e+01
1.495190000000000019e+01
1.496240000000000059e+01
1.497289999999999921e+01
1.498339999999999961e+01
1.499029999999999951e+01
1.500000000000000000e+01
