8.944492583395913243e-05
8.938742394093424082e-05
8.936241647461429238e-05
8.933820208767428994e-05
8.931753836805000901e-05
8.930017793318256736e-05
8.928326133172959089e-05
8.926625741878524423e-05
8.925660949898883700e-05
8.924335270421579480e-05
8.922818233259022236e-05
8.921555127017199993e-05
8.920386608224362135e-05
8.919084939407184720e-05
8.917916420614346862e-05
8.917202649172395468e-05
8.916115621104836464e-05
8.914926002034917474e-05
8.913951751310378313e-05
8.912984048947691917e-05
8.911867189453914762e-05
8.910964970709756017e-05
8.910398901207372546e-05
8.909447933547198772e-05
8.908553718356415629e-05
8.907703158911317587e-05
8.906763832783326507e-05
8.905852882890030742e-05
8.905100548872724175e-05
8.904322021408006549e-05
8.903700654627755284e-05
8.902977424440905452e-05
8.902267290977761149e-05
8.901442924980074167e-05
8.900729881133884192e-05
8.900046668713912368e-05
8.899287786334753036e-05
8.898787200450897217e-05
8.898126543499529362e-05
8.897459338186308742e-05
8.896696090232580900e-05
8.896052167983725667e-05
8.895416976884007454e-05
8.894650090951472521e-05
8.894252096069976687e-05
8.893626363715156913e-05
8.892925688996911049e-05
8.892151527106761932e-05
8.891451579984277487e-05
8.890760364010930061e-05
8.890282333595678210e-05
8.890060416888445616e-05
8.889604214346036315e-05
8.888902084436267614e-05
8.888203592505306005e-05
8.887534204404801130e-05
8.886805881047621369e-05
8.886143041308969259e-05
8.885552233550697565e-05
8.885120769264176488e-05
8.884396083885803819e-05
8.883817645255476236e-05
8.883212285581976175e-05
8.882486145012080669e-05
8.881916437530890107e-05
8.881338726496323943e-05
8.880892710294574499e-05
8.880253881216049194e-05
8.879700180841609836e-05
8.879089000402018428e-05
8.878447260940447450e-05
8.877911750460043550e-05
8.877346408553421497e-05
8.876914216671139002e-05
8.876391075318679214e-05
8.875859930412843823e-05
8.875191997503861785e-05
8.874616469256579876e-05
8.874134800862520933e-05
8.873597107594832778e-05
8.873069600667804480e-05
8.872741454979404807e-05
8.872246689861640334e-05
8.871676982380449772e-05
8.871206227922812104e-05
8.870744932210072875e-05
8.870182500686496496e-05
8.869727025739848614e-05
8.869433804647997022e-05
8.868941222317516804e-05
8.868441364029422402e-05
8.867997530614957213e-05
8.867528958944603801e-05
8.867010910762473941e-05
8.866569987731054425e-05
8.866285497788339853e-05
8.865808194968849421e-05
8.865426934789866209e-05
8.865012932801619172e-05
8.864471601555123925e-05
8.863913535606116056e-05
8.863391849445179105e-05
8.863004040904343128e-05
8.862390677677467465e-05
8.861960668582469225e-05
8.861570677254348993e-05
8.861096284817904234e-05
8.860670641297474504e-05
8.860239904606714845e-05
8.859708759700879455e-05
8.859413355821743608e-05
8.858984801918268204e-05
8.858518413035199046e-05
8.858023647917434573e-05
8.857602369971573353e-05
8.857155626174062490e-05
8.856655040290206671e-05
8.856374188326299191e-05
8.855969645082950592e-05
8.855490159476175904e-05
8.855062333168461919e-05
8.854665065882727504e-05
8.854227053234353662e-05
8.853825420374050736e-05
8.853564941091462970e-05
8.853152394294738770e-05
8.852642349665984511e-05
8.852245809976011515e-05
8.851882739691063762e-05
8.851468737702816725e-05
8.851112943375483155e-05
8.850878657540306449e-05
8.850487211020663381e-05
8.850103040458634496e-05
8.849747246131300926e-05
8.849379810271784663e-05
8.848989091347903013e-05
8.848637662595137954e-05
8.848282595863565803e-05
8.847995923133566976e-05
8.847651770338416100e-05
8.847306162351742387e-05
8.846906712278723717e-05
8.846547279972583055e-05
8.846190758049488068e-05
8.845768024912104011e-05
8.845451520755887032e-05
8.845043339533731341e-05
8.844617696013301611e-05
8.844204421620815992e-05
8.843988325679674745e-05
8.843761315802112222e-05
8.843480463838204741e-05
8.843252726364880800e-05
8.842858369462192059e-05
8.842375973472371697e-05
8.841878297971561551e-05
8.841483213473111391e-05
8.841057569952681661e-05
8.840592636261135340e-05
8.840217196848243475e-05
8.839953807182610035e-05
8.839491056278347969e-05
8.839069778332486749e-05
8.838692883728072047e-05
8.838248322717845440e-05
8.837819768814370036e-05
8.837446512188762426e-05
8.837173663778230548e-05
8.836708002490922809e-05
8.836342021822929382e-05
8.835965127218514681e-05
8.835525659378618002e-05
8.835180051391944289e-05
8.834827167447656393e-05
8.834536129143089056e-05
8.834081381792202592e-05
8.833715401124209166e-05
8.833342144498601556e-05
8.832973253447562456e-05
8.832650200929492712e-05
8.832306048134341836e-05
8.832031016936525702e-05
8.831698505673557520e-05
8.831380546325817704e-05
8.831011655274778605e-05
8.830679144011810422e-05
8.830365550238639116e-05
8.830017759464681149e-05
8.829680882627144456e-05
8.829469152260571718e-05
8.829153375700116158e-05
8.828780846670269966e-05
8.828465797705575824e-05
8.828169666230678558e-05
8.827833516988903284e-05
8.827575220493599772e-05
8.827383862808346748e-05
8.827052806736901402e-05
8.826656267046928406e-05
8.826291741570457816e-05
8.825870463624596596e-05
8.825407712720334530e-05
8.825050463201478124e-05
8.824819815345108509e-05
8.824459655443206429e-05
8.824168617138639092e-05
8.823875396046787500e-05
8.823524694889783859e-05
8.823171810945495963e-05
8.822847303235903382e-05
8.822615200188010931e-05
8.822225936455652118e-05
8.821910159895196557e-05
8.821584924589842558e-05
8.821194205665960908e-05
8.820880611892789602e-05
8.820570656098425388e-05
8.820200309855863452e-05
8.819990034680813551e-05
8.819684444461017847e-05
8.819361391942948103e-05
8.819036156637594104e-05
8.818754577077925205e-05
8.818454807624220848e-05
8.818085188977420330e-05
8.817868365440517664e-05
8.817567868391051888e-05
8.817242633085697889e-05
8.816985791781917214e-05
8.816723129712045193e-05
8.816427725832909346e-05
8.816146146273240447e-05
8.815959881758317351e-05
8.815699402475729585e-05
8.815398905426263809e-05
8.815134788164868951e-05
8.814878674456849694e-05
8.814569446258246899e-05
8.814312604954466224e-05
8.814054308459162712e-05
8.813860040390864015e-05
8.813575550448149443e-05
8.813304884824901819e-05
8.813008753350004554e-05
8.812658052193000913e-05
8.812343730824068189e-05
8.811998850433155894e-05
8.811750012682750821e-05
8.811494626570492983e-05
8.811295265331864357e-05
8.811122825136408210e-05
8.810954022919759154e-05
8.810694998828694224e-05
8.810341387288644910e-05
8.810060535324737430e-05
8.809725113678723574e-05
8.809365681372582912e-05
8.808955317363142967e-05
8.808643906377255917e-05
8.808327402221038938e-05
8.807946869637817144e-05
8.807723497739061713e-05
8.807414269540458918e-05
8.807064295979216695e-05
8.806690311757847667e-05
8.806385449133813381e-05
8.806048572296276689e-05
8.805670222500339150e-05
8.805370453046634793e-05
8.805160905467346311e-05
8.804807293927296996e-05
8.804498793324455619e-05
8.804220124147832394e-05
8.803887612884864211e-05
8.803530363366007805e-05
8.803218224784359336e-05
8.802994125289842486e-05
8.802648517303168774e-05
8.802388765616342425e-05
8.802132651908323169e-05
8.801813237369060516e-05
8.801541844150051475e-05
8.801282820058986545e-05
8.801084914011880755e-05
8.800801151664927602e-05
8.800545037956908345e-05
8.800275099929422140e-05
8.799988427199423313e-05
8.799735951470211148e-05
8.799475472187623382e-05
8.799265197012573481e-05
8.799009083304554224e-05
8.798762428341433406e-05
8.798494673101231456e-05
8.798273483989760280e-05
8.798047201707959175e-05
8.797787450021132827e-05
8.797487680567428470e-05
8.797296322882175446e-05
8.796968904789537191e-05
8.796578185865655541e-05
8.796271140454337001e-05
8.795948087936267257e-05
8.795599569566547871e-05
8.795334724709391594e-05
8.795176836429163814e-05
8.794925088295713067e-05
8.794647874310612679e-05
8.794384484644979239e-05
8.794094901531934738e-05
8.793768211035057902e-05
8.793501183390617371e-05
8.793319284450262785e-05
8.793003507889807224e-05
8.792721928330138326e-05
8.792461449047550559e-05
8.792162407189607620e-05
8.791879372438415885e-05
8.791621075943112373e-05
8.791340951574966311e-05
8.791145228315144777e-05
8.790905121713876724e-05
8.790675929049029946e-05
8.790384163148701191e-05
8.790122956270352006e-05
8.789856656221672893e-05
8.789552521193400025e-05
8.789401908870786428e-05
8.789183630142360926e-05
8.788967534201219678e-05
8.788730337982997298e-05
8.788504055701196194e-05
8.788282138993963599e-05
8.788039849605411291e-05
8.787897968431934714e-05
8.787682600086554885e-05
8.787437400314956903e-05
8.787221304373815656e-05
8.787003753241151571e-05
8.786768739810213447e-05
8.786544640315696597e-05
8.786391117610037327e-05
8.786164107732474804e-05
8.785879617789760232e-05
8.785622048890218139e-05
8.785342652117833495e-05
8.785010140854865313e-05
8.784763485891744494e-05
8.784567762631922960e-05
8.784459350863471627e-05
8.784349483903497458e-05
8.784184319665655494e-05
8.783976227277889848e-05
8.783671364653855562e-05
8.783383236732333899e-05
8.783055091043934226e-05
8.782808436080813408e-05
8.782499207882210612e-05
8.782218355918303132e-05
8.781898941379040480e-05
8.781591895967721939e-05
8.781325595919042826e-05
8.781015640124678612e-05
8.780784264672547579e-05
8.780517964623868465e-05
8.780229836702346802e-05
8.779887866694480181e-05
8.779620839050039649e-05
8.779344352660700679e-05
8.779022027738392353e-05
8.778840128798037767e-05
8.778594201430678368e-05
8.778324990998953581e-05
8.778025949141010642e-05
8.777758921496570110e-05
8.777452603681012988e-05
8.777125913184136152e-05
8.776890172157436609e-05
8.776740287430584431e-05
8.776483446126803756e-05
8.776250615483149886e-05
8.776022150414064527e-05
8.775762398727238178e-05
8.775521564530208707e-05
8.775299647822976112e-05
8.775147580308839679e-05
8.774892194196581841e-05
8.774671732680872083e-05
8.774457091931253672e-05
8.774193702265620232e-05
8.773973968345671892e-05
8.773761510383337736e-05
8.773606532486155629e-05
8.773395529715344310e-05
8.773202716838568449e-05
8.773009903961792588e-05
8.772771980147808790e-05
8.772534056333824992e-05
8.772256842348724604e-05
8.771928696660324931e-05
8.771750435698777437e-05
8.771468856139108539e-05
8.771146531216800213e-05
8.770852582529187202e-05
8.770623389864340425e-05
8.770390559220686555e-05
8.770167187321931124e-05
8.770020212978124619e-05
8.769794658292084932e-05
8.769505802774801850e-05
8.769266423769295216e-05
8.769023406784981489e-05
8.768734551267698407e-05
8.768489351496100426e-05
8.768339466769248247e-05
8.768086991040036082e-05
8.767822146182879806e-05
8.767593681113794446e-05
8.767352846916764975e-05
8.767090912442654371e-05
8.766876999288797379e-05
8.766742394072934985e-05
8.766507380641996861e-05
8.766289101913571358e-05
8.766062819631770253e-05
8.765794336795806885e-05
8.765550592215731740e-05
8.765347592998296022e-05
8.765152597334235907e-05
8.765024540480226278e-05
8.764833910390734673e-05
8.764647645875811577e-05
8.764426456764340401e-05
8.764242375036701560e-05
8.764057565713301301e-05
8.763840742176398635e-05
8.763725782046094537e-05
8.763534424360841513e-05
8.763343794271349907e-05
8.763145160628482699e-05
8.762953075347468257e-05
8.762757352087646723e-05
8.762522338656708598e-05
8.762372453929856420e-05
8.762147626839578152e-05
8.761865319684147835e-05
8.761603385210037231e-05
8.761390927247703075e-05
8.761203935137018561e-05
8.761094068177044392e-05
8.761019853409379721e-05
8.760886703385040164e-05
8.760699711274355650e-05
8.760470518609508872e-05
8.760201308177784085e-05
8.759865158936008811e-05
8.759592310525476933e-05
8.759322372497990727e-05
8.759124466450884938e-05
8.758826152188703418e-05
8.758586773183196783e-05
8.758317562751471996e-05
8.758018520893529058e-05
8.757778414292261004e-05
8.757510659052059054e-05
8.757306204643100500e-05
8.757037721807137132e-05
8.756793977227061987e-05
8.756509487284347415e-05
8.756240276852622628e-05
8.756014722166582942e-05
8.755765156820416451e-05
8.755586168263107538e-05
8.755359885981306434e-05
8.755103772273287177e-05
8.754785812925547361e-05
8.754542068345472217e-05
8.754318696446716785e-05
8.754076407058164477e-05
8.753882138989865780e-05
8.753750444157049060e-05
8.753532893024384975e-05
8.753298607189208269e-05
8.753097790759056807e-05
8.752894063945859671e-05
8.752671419642865658e-05
8.752475696383044124e-05
8.752349822316318750e-05
8.752124267630279064e-05
8.751921996008604765e-05
8.751727000344544649e-05
8.751516725169494748e-05
8.751330460654571652e-05
8.751157292863354087e-05
8.751049608690664172e-05
8.750858251005411148e-05
8.750662527745589614e-05
8.750445704208686948e-05
8.750153938308358192e-05
8.749982953304424882e-05
8.749982953304424882e-05
