0.000000000000000000e+00
1.098629999999999919e-02
2.197270000000000126e-02
3.295900000000000218e-02
4.394529999999999964e-02
5.493159999999999710e-02
6.591800000000000437e-02
7.690429999999999489e-02
8.789059999999999928e-02
9.887700000000000655e-02
1.098630000000000023e-01
1.208499999999999991e-01
1.318360000000000087e-01
1.428220000000000045e-01
1.538090000000000013e-01
1.647949999999999970e-01
1.757809999999999928e-01
1.867679999999999896e-01
1.977540000000000131e-01
2.087400000000000089e-01
2.197270000000000056e-01
2.307130000000000014e-01
2.416989999999999972e-01
2.526860000000000217e-01
2.636720000000000175e-01
2.746580000000000132e-01
2.856449999999999823e-01
2.966309999999999780e-01
3.076169999999999738e-01
3.186039999999999983e-01
3.295899999999999941e-01
3.405759999999999899e-01
3.515619999999999856e-01
3.625490000000000101e-01
3.735350000000000059e-01
3.845210000000000017e-01
3.955080000000000262e-01
4.064940000000000220e-01
4.174800000000000177e-01
4.284669999999999868e-01
4.394529999999999825e-01
4.504389999999999783e-01
4.614260000000000028e-01
4.724119999999999986e-01
4.833979999999999944e-01
4.943850000000000189e-01
5.053710000000000147e-01
5.163569999999999549e-01
5.273440000000000349e-01
5.383299999999999752e-01
5.493160000000000265e-01
5.603029999999999955e-01
5.712890000000000468e-01
5.822749999999999870e-01
5.932619999999999560e-01
6.042480000000000073e-01
6.152339999999999476e-01
6.262210000000000276e-01
6.372069999999999679e-01
6.481930000000000192e-01
6.591799999999999882e-01
6.701660000000000394e-01
6.811519999999999797e-01
6.921389999999999487e-01
7.031250000000000000e-01
7.141110000000000513e-01
7.250980000000000203e-01
7.360839999999999606e-01
7.470700000000000118e-01
7.580569999999999808e-01
7.690430000000000321e-01
7.800289999999999724e-01
7.910160000000000524e-01
8.020019999999999927e-01
8.129880000000000440e-01
8.239750000000000130e-01
8.349609999999999532e-01
8.459470000000000045e-01
8.569339999999999735e-01
8.679200000000000248e-01
8.789059999999999651e-01
8.898930000000000451e-01
9.008789999999999853e-01
9.118650000000000366e-01
9.228520000000000056e-01
9.338379999999999459e-01
9.448239999999999972e-01
9.558109999999999662e-01
9.667970000000000175e-01
9.777829999999999577e-01
9.887700000000000378e-01
9.997559999999999780e-01
1.010739999999999972e+00
1.021730000000000027e+00
1.032710000000000017e+00
1.043700000000000072e+00
1.054689999999999905e+00
1.065669999999999895e+00
1.076659999999999950e+00
1.087650000000000006e+00
1.098629999999999995e+00
1.109620000000000051e+00
1.120610000000000106e+00
1.131590000000000096e+00
1.142579999999999929e+00
1.153559999999999919e+00
1.164549999999999974e+00
1.175540000000000029e+00
1.186520000000000019e+00
1.197510000000000074e+00
1.208499999999999908e+00
1.219479999999999897e+00
1.230469999999999953e+00
1.241460000000000008e+00
1.252439999999999998e+00
1.263430000000000053e+00
1.274410000000000043e+00
1.285400000000000098e+00
1.296389999999999931e+00
1.307369999999999921e+00
1.318359999999999976e+00
1.329350000000000032e+00
1.340330000000000021e+00
1.351320000000000077e+00
1.362300000000000066e+00
1.373289999999999900e+00
1.384279999999999955e+00
1.395259999999999945e+00
1.406250000000000000e+00
1.417240000000000055e+00
1.428220000000000045e+00
1.439210000000000100e+00
1.450199999999999934e+00
1.461179999999999923e+00
1.472169999999999979e+00
1.483149999999999968e+00
1.494140000000000024e+00
1.505130000000000079e+00
1.516110000000000069e+00
1.527099999999999902e+00
1.538089999999999957e+00
1.549069999999999947e+00
1.560060000000000002e+00
1.571039999999999992e+00
1.582030000000000047e+00
1.593020000000000103e+00
1.604000000000000092e+00
1.614989999999999926e+00
1.625979999999999981e+00
1.636959999999999971e+00
1.647950000000000026e+00
1.658940000000000081e+00
1.669920000000000071e+00
1.680909999999999904e+00
1.691889999999999894e+00
1.702879999999999949e+00
1.713870000000000005e+00
1.724849999999999994e+00
1.735840000000000050e+00
1.746830000000000105e+00
1.757810000000000095e+00
1.768799999999999928e+00
1.779789999999999983e+00
1.790769999999999973e+00
1.801760000000000028e+00
1.812740000000000018e+00
1.823730000000000073e+00
1.834719999999999906e+00
1.845699999999999896e+00
1.856689999999999952e+00
1.867680000000000007e+00
1.878659999999999997e+00
1.889650000000000052e+00
1.900630000000000042e+00
1.911620000000000097e+00
1.922609999999999930e+00
1.933589999999999920e+00
1.944579999999999975e+00
1.955570000000000030e+00
1.966550000000000020e+00
1.977540000000000076e+00
1.988529999999999909e+00
1.999509999999999899e+00
2.010499999999999954e+00
2.021479999999999944e+00
2.032469999999999999e+00
2.043460000000000054e+00
2.054440000000000044e+00
2.065430000000000099e+00
2.076420000000000154e+00
2.087400000000000144e+00
2.098390000000000200e+00
2.109379999999999811e+00
2.120359999999999800e+00
2.131349999999999856e+00
2.142329999999999846e+00
2.153319999999999901e+00
2.164309999999999956e+00
2.175289999999999946e+00
2.186280000000000001e+00
2.197270000000000056e+00
2.208250000000000046e+00
2.219240000000000101e+00
2.230220000000000091e+00
2.241210000000000147e+00
2.252200000000000202e+00
2.263180000000000192e+00
2.274169999999999803e+00
2.285159999999999858e+00
2.296139999999999848e+00
2.307129999999999903e+00
2.318119999999999958e+00
2.329099999999999948e+00
2.340090000000000003e+00
2.351069999999999993e+00
2.362060000000000048e+00
2.373050000000000104e+00
2.384030000000000094e+00
2.395020000000000149e+00
2.406010000000000204e+00
2.416990000000000194e+00
2.427979999999999805e+00
2.438959999999999795e+00
2.449949999999999850e+00
2.460939999999999905e+00
2.471919999999999895e+00
2.482909999999999950e+00
2.493900000000000006e+00
2.504879999999999995e+00
2.515870000000000051e+00
2.526860000000000106e+00
2.537840000000000096e+00
2.548830000000000151e+00
2.559810000000000141e+00
2.570800000000000196e+00
2.581789999999999807e+00
2.592769999999999797e+00
2.603759999999999852e+00
2.614749999999999908e+00
2.625729999999999897e+00
2.636719999999999953e+00
2.647710000000000008e+00
2.658689999999999998e+00
2.669680000000000053e+00
2.680660000000000043e+00
2.691650000000000098e+00
2.702640000000000153e+00
2.713620000000000143e+00
2.724610000000000198e+00
2.735599999999999810e+00
2.746579999999999799e+00
2.757569999999999855e+00
2.768549999999999844e+00
2.779539999999999900e+00
2.790529999999999955e+00
2.801509999999999945e+00
2.812500000000000000e+00
2.823490000000000055e+00
2.834470000000000045e+00
2.845460000000000100e+00
2.856450000000000156e+00
2.867430000000000145e+00
2.878420000000000201e+00
2.889400000000000190e+00
2.900389999999999802e+00
2.911379999999999857e+00
2.922359999999999847e+00
2.933349999999999902e+00
2.944339999999999957e+00
2.955319999999999947e+00
2.966310000000000002e+00
2.977289999999999992e+00
2.988280000000000047e+00
2.999270000000000103e+00
3.010250000000000092e+00
3.021240000000000148e+00
3.032230000000000203e+00
3.043210000000000193e+00
3.054199999999999804e+00
3.065189999999999859e+00
3.076169999999999849e+00
3.087159999999999904e+00
3.098139999999999894e+00
3.109129999999999949e+00
3.120120000000000005e+00
3.131099999999999994e+00
3.142090000000000050e+00
3.153080000000000105e+00
3.164060000000000095e+00
3.175050000000000150e+00
3.186040000000000205e+00
3.197020000000000195e+00
3.208009999999999806e+00
3.218989999999999796e+00
3.229979999999999851e+00
3.240969999999999906e+00
3.251949999999999896e+00
3.262939999999999952e+00
3.273930000000000007e+00
3.284909999999999997e+00
3.295900000000000052e+00
3.306880000000000042e+00
3.317870000000000097e+00
3.328860000000000152e+00
3.339840000000000142e+00
3.350830000000000197e+00
3.361819999999999808e+00
3.372799999999999798e+00
3.383789999999999853e+00
3.394779999999999909e+00
3.405759999999999899e+00
3.416749999999999954e+00
3.427729999999999944e+00
3.438719999999999999e+00
3.449710000000000054e+00
3.460690000000000044e+00
3.471680000000000099e+00
3.482670000000000154e+00
3.493650000000000144e+00
3.504640000000000200e+00
3.515620000000000189e+00
3.526609999999999800e+00
3.537599999999999856e+00
3.548579999999999846e+00
3.559569999999999901e+00
3.570559999999999956e+00
3.581539999999999946e+00
3.592530000000000001e+00
3.603520000000000056e+00
3.614500000000000046e+00
3.625490000000000101e+00
3.636470000000000091e+00
3.647460000000000147e+00
3.658450000000000202e+00
3.669430000000000192e+00
3.680419999999999803e+00
3.691409999999999858e+00
3.702389999999999848e+00
3.713379999999999903e+00
3.724369999999999958e+00
3.735349999999999948e+00
3.746340000000000003e+00
3.757319999999999993e+00
3.768310000000000048e+00
3.779300000000000104e+00
3.790280000000000094e+00
3.801270000000000149e+00
3.812260000000000204e+00
3.823240000000000194e+00
3.834229999999999805e+00
3.845209999999999795e+00
3.856199999999999850e+00
3.867189999999999905e+00
3.878169999999999895e+00
3.889159999999999950e+00
3.900150000000000006e+00
3.911129999999999995e+00
3.922120000000000051e+00
3.933110000000000106e+00
3.944090000000000096e+00
3.955080000000000151e+00
3.966060000000000141e+00
3.977050000000000196e+00
3.988039999999999807e+00
3.999019999999999797e+00
4.010010000000000296e+00
4.020999999999999908e+00
4.031979999999999897e+00
4.042970000000000397e+00
4.053960000000000008e+00
4.064939999999999998e+00
4.075929999999999609e+00
4.086909999999999599e+00
4.097900000000000098e+00
4.108889999999999709e+00
4.119869999999999699e+00
4.130860000000000198e+00
4.141849999999999810e+00
4.152829999999999799e+00
4.163820000000000299e+00
4.174800000000000288e+00
4.185789999999999900e+00
4.196780000000000399e+00
4.207760000000000389e+00
4.218750000000000000e+00
4.229739999999999611e+00
4.240719999999999601e+00
4.251710000000000100e+00
4.262699999999999712e+00
4.273679999999999701e+00
4.284670000000000201e+00
4.295650000000000190e+00
4.306639999999999802e+00
4.317630000000000301e+00
4.328610000000000291e+00
4.339599999999999902e+00
4.350590000000000401e+00
4.361570000000000391e+00
4.372560000000000002e+00
4.383539999999999992e+00
4.394529999999999603e+00
4.405520000000000103e+00
4.416500000000000092e+00
4.427489999999999704e+00
4.438480000000000203e+00
4.449460000000000193e+00
4.460449999999999804e+00
4.471440000000000303e+00
4.482420000000000293e+00
4.493409999999999904e+00
4.504389999999999894e+00
4.515380000000000393e+00
4.526370000000000005e+00
4.537349999999999994e+00
4.548339999999999606e+00
4.559330000000000105e+00
4.570310000000000095e+00
4.581299999999999706e+00
4.592290000000000205e+00
4.603270000000000195e+00
4.614259999999999806e+00
4.625239999999999796e+00
4.636230000000000295e+00
4.647219999999999906e+00
4.658199999999999896e+00
4.669190000000000396e+00
4.680180000000000007e+00
4.691159999999999997e+00
4.702149999999999608e+00
4.713129999999999598e+00
4.724120000000000097e+00
4.735109999999999708e+00
4.746089999999999698e+00
4.757080000000000197e+00
4.768069999999999808e+00
4.779049999999999798e+00
4.790040000000000298e+00
4.801029999999999909e+00
4.812009999999999899e+00
4.823000000000000398e+00
4.833980000000000388e+00
4.844969999999999999e+00
4.855959999999999610e+00
4.866939999999999600e+00
4.877930000000000099e+00
4.888919999999999710e+00
4.899899999999999700e+00
4.910890000000000200e+00
4.921879999999999811e+00
4.932859999999999800e+00
4.943850000000000300e+00
4.954830000000000290e+00
4.965819999999999901e+00
4.976810000000000400e+00
4.987790000000000390e+00
4.998780000000000001e+00
5.000000000000000000e+00
5.000000000000000000e+00
