9.987964801894122502e-07
9.923667029928237676e-07
9.847728983959813652e-07
9.773071895746450202e-07
9.707054146122093966e-07
9.646151846432819954e-07
9.592469221854657204e-07
9.542516524543091609e-07
9.491356239259848803e-07
9.452090743471584196e-07
9.414989650006023042e-07
9.389949178574023396e-07
9.362942932387757129e-07
9.348375139796747631e-07
9.334162759229422303e-07
9.314630889448945108e-07
9.300080994239137723e-07
9.294154337980266091e-07
9.280852962920775839e-07
9.262031656934621302e-07
9.259064576993913156e-07
9.247602495996110569e-07
9.229062835914615209e-07
9.218968524106543103e-07
9.206611959701253439e-07
9.186843308243324663e-07
9.168566073476105618e-07
9.154523063317457036e-07
9.131649234419443338e-07
9.105747220398372401e-07
9.086068387684844049e-07
9.057506793146004201e-07
9.031066886463844952e-07
8.996288199352341377e-07
8.966101887971526859e-07
8.931576428905295264e-07
8.892760330911417930e-07
8.855892581506435782e-07
8.808667234486765252e-07
8.766782025866083549e-07
8.723826559032491242e-07
8.676188429444802937e-07
8.628587263719264723e-07
8.580788013767246363e-07
8.529315614589337266e-07
8.478061402801160124e-07
8.430370381795411394e-07
8.376672737071311791e-07
8.322557037612354904e-07
8.278478266598510471e-07
8.227476838273373580e-07
8.178351170061329867e-07
8.132920532027701400e-07
8.089773260397201507e-07
8.047400925836765945e-07
8.004862268106298117e-07
7.968548506003038527e-07
7.936708087573204108e-07
7.904646837327464902e-07
7.877687488653374654e-07
7.851181041716490394e-07
7.831428810224438108e-07
7.813186628583023778e-07
7.793953549798209117e-07
7.782858224744975351e-07
7.769744397213470857e-07
7.753565522198303172e-07
7.742550979492327677e-07
7.731841062319014322e-07
7.715765063427538499e-07
7.700403997107672068e-07
7.688996507716268555e-07
7.670308199428217987e-07
7.649277604810705444e-07
7.632610677844402559e-07
7.609252150041266172e-07
7.587153996982699201e-07
7.558997460931776120e-07
7.533157475112920653e-07
7.504545372800731317e-07
7.470834070016876744e-07
7.441350841286352934e-07
7.403911300292771088e-07
7.366368142553595696e-07
7.330150005878401271e-07
7.289600258106492512e-07
7.247100418617829926e-07
7.206876158607736290e-07
7.163955785928330486e-07
7.117919775620574154e-07
7.076783858999200560e-07
7.034017278395889339e-07
6.987875730315687159e-07
6.945605779013672742e-07
6.904703089307528040e-07
6.863711504728680679e-07
6.822803706500044656e-07
6.788823187447056424e-07
6.754484191490401179e-07
6.722928594183227206e-07
6.690255531212101149e-07
6.664189286536971843e-07
6.641633752834990157e-07
6.620117103412487088e-07
6.603476259643939358e-07
6.586711320459136705e-07
6.578501825073610916e-07
6.567944210851359069e-07
6.556419502207928419e-07
6.553572430783053551e-07
6.548131678035415894e-07
6.539406511740692646e-07
6.536447055803863827e-07
6.532311705522444539e-07
6.524895943655789414e-07
6.518023753511660817e-07
6.513019966058165487e-07
6.503578240108379482e-07
6.490860502274582727e-07
6.482637153216321602e-07
6.470034148335643885e-07
6.452541039688227774e-07
6.435885740927551071e-07
6.419735958354695596e-07
6.401379607156871198e-07
6.378055078434031188e-07
6.356453756434602869e-07
6.330954587994576073e-07
6.303278463479914445e-07
6.278024322036532741e-07
6.246745340741723233e-07
6.215715697158534845e-07
6.183804196560395051e-07
6.148960158293759935e-07
6.115021755281341928e-07
6.079911454301918388e-07
6.042272650984020242e-07
6.005262923900493422e-07
5.971042027358779411e-07
5.933498605375460849e-07
5.895383239785384404e-07
5.863796646802096355e-07
5.829756261153702931e-07
5.796251010308050262e-07
5.764061320843032923e-07
5.735842411975255524e-07
5.708769275463273145e-07
5.682186669558676484e-07
5.656850361162995007e-07
5.635947344893968432e-07
5.617647130558462248e-07
5.600366974263257247e-07
5.584427990249461314e-07
5.571201547281542864e-07
5.560761302706836498e-07
5.547613990353276450e-07
5.537935042824300500e-07
5.531088710361014327e-07
5.520805140306627145e-07
5.509040746587475267e-07
5.502492551504990055e-07
5.492818331663358149e-07
5.479037745625561987e-07
5.470084793293245711e-07
5.457475166674181439e-07
5.442846274396247671e-07
5.429869143845006498e-07
5.412012363233275497e-07
5.395957922468068419e-07
5.377269205631099211e-07
5.357055408814493700e-07
5.337160463343443862e-07
5.311499716538363677e-07
5.289256934527081463e-07
5.264604456812935242e-07
5.234069835613220249e-07
5.208438611220475220e-07
5.179154412228617278e-07
5.146783232545998448e-07
5.118003189745524926e-07
5.086741291981876679e-07
5.052826840789656300e-07
5.025050218876214514e-07
4.994338264708291150e-07
4.962194804032056282e-07
4.933304387845780168e-07
4.905608262041515620e-07
4.877283954637639738e-07
4.849701774421720975e-07
4.825083531172493232e-07
4.802683345965547071e-07
4.781995281457859266e-07
4.761378952066789124e-07
4.744793825221764154e-07
4.728348388139082480e-07
4.716160027733314855e-07
4.704887545929284161e-07
4.694524314474367790e-07
4.689609866954521283e-07
4.684131443295231001e-07
4.676722631450994520e-07
4.672619872880495130e-07
4.670729048111897013e-07
4.666284652087468036e-07
4.659732717933185018e-07
4.659468707140379631e-07
4.655426108981813129e-07
4.647371039863791753e-07
4.644368012901459855e-07
4.638609201300158794e-07
4.628357828211171597e-07
4.620299833521497721e-07
4.611385939776620939e-07
4.598838770272006575e-07
4.585925072860614698e-07
4.571878518286556869e-07
4.557632138315602572e-07
4.541022762140235941e-07
4.524272176901644555e-07
4.504308055914846945e-07
4.483245400385065793e-07
4.463604673253391425e-07
4.440152515353436755e-07
4.416814699203572578e-07
4.393305794054094899e-07
4.366859774816150916e-07
4.341408111152730568e-07
4.317001181391124948e-07
4.289147201200743480e-07
4.261223375333514085e-07
4.238410320311666305e-07
4.212295913331587237e-07
4.185363744945215150e-07
4.162312420412641309e-07
4.139771209276774060e-07
4.116654837107952738e-07
4.094778821926129937e-07
4.075399933899004718e-07
4.057530329670802574e-07
4.040887786857081919e-07
4.024738979811592164e-07
4.010698913549772732e-07
3.998416214338540504e-07
3.987036321693664974e-07
3.977779632997567824e-07
3.968480824358710190e-07
3.962633366078950659e-07
3.954537641383840139e-07
3.946138566123826618e-07
3.942359304744816732e-07
3.935767762287330542e-07
3.928637481305062596e-07
3.923389521583661914e-07
3.916424615833591201e-07
3.908352962970586969e-07
3.900780227352040389e-07
3.890959070798887452e-07
3.880373852610228537e-07
3.869877896868707957e-07
3.856943407255489691e-07
3.844860446497061071e-07
3.830656350472199129e-07
3.815619442383258431e-07
3.800296801086151402e-07
3.780536402697228680e-07
3.763615461458953500e-07
3.745133464148077550e-07
3.722494294192698290e-07
3.703122987531854652e-07
3.681522772315271113e-07
3.657425482820000550e-07
3.637521092997050709e-07
3.614819508589752759e-07
3.591398209174546915e-07
3.570670463182518629e-07
3.549379810484178944e-07
3.526494921755080141e-07
3.505665713918523677e-07
3.487163496366037640e-07
3.467685060000312421e-07
3.450137521206470802e-07
3.432549094151370146e-07
3.417194050533622064e-07
3.404030461768637507e-07
3.391419915545614976e-07
3.380833938586055284e-07
3.370101852610097162e-07
3.362582101922468725e-07
3.356012645678417757e-07
3.349324930840997699e-07
3.345882666808887484e-07
3.343241061008308125e-07
3.338749905738550349e-07
3.334931071428705278e-07
3.334503621190773221e-07
3.331760158894811232e-07
3.326310412035030527e-07
3.325935008356780269e-07
3.323151532075859054e-07
3.317067072527241543e-07
3.313458851496699419e-07
3.309141063336642858e-07
3.301120333495534496e-07
3.293762093124968326e-07
3.286761865691499560e-07
3.278315431168959766e-07
3.268488560822563467e-07
3.257398976020028335e-07
3.245948109250720530e-07
3.233246253456174554e-07
3.220247282664013573e-07
3.205822389680393277e-07
3.189488333472891555e-07
3.173911281196384018e-07
3.157272131286528008e-07
3.139514156432814216e-07
3.122131255972371290e-07
3.102864441799485754e-07
3.083229373069605684e-07
3.066440915717276670e-07
3.046390012863876456e-07
3.027401430814869640e-07
3.010243156838575695e-07
2.992008701221462391e-07
2.974078334931483408e-07
2.956913039967553227e-07
2.941669804774563224e-07
2.926222249022444639e-07
2.912255732788441226e-07
2.898023257106592441e-07
2.886300867376720523e-07
2.875808967639991604e-07
2.865602803550127399e-07
2.856893752683334949e-07
2.847808588310305645e-07
2.841551061741785148e-07
2.835517594360442459e-07
2.830029191402105090e-07
2.825881313770662863e-07
2.821446181668760060e-07
2.816924459060550550e-07
2.813983626731659410e-07
2.809128262396016653e-07
2.804419941637322319e-07
2.800650930710000288e-07
2.795281646185494884e-07
2.788732389857000773e-07
2.782875286244591770e-07
2.775978827246944872e-07
2.767696582465231023e-07
2.759657762977550359e-07
2.749310051142694366e-07
2.740051823804887311e-07
2.728697727820477865e-07
2.717457374477440271e-07
2.705834793609239141e-07
2.691213572373514063e-07
2.678287649752494890e-07
2.664038360004397641e-07
2.647861576835415196e-07
2.633143265732305687e-07
2.617700145686118331e-07
2.600705818865602844e-07
2.585405637688655326e-07
2.569160078954760533e-07
2.553219125550069434e-07
2.537214934345380541e-07
2.522798577258253819e-07
2.507522655464177806e-07
2.493468184978512819e-07
2.479572865508515784e-07
2.466620997538247574e-07
2.455456025443474236e-07
2.443980849813793899e-07
2.433436418686819776e-07
2.424405188491964998e-07
2.416814085341430030e-07
2.410100230431059728e-07
2.403560661789822833e-07
2.398708978312840252e-07
2.395078950248712623e-07
2.390685152475663387e-07
2.388378432918709808e-07
2.387205880093340632e-07
2.384568684540025658e-07
2.381209024211000545e-07
2.381406018166946589e-07
2.379554412475683816e-07
2.375749403835267269e-07
2.374714659954837716e-07
2.372555254276603585e-07
2.367943467040379639e-07
2.364345950144640926e-07
2.360941460627781876e-07
2.355556191446364504e-07
2.349853910522617460e-07
2.342951272538769555e-07
2.337299701978579889e-07
2.329545934055817055e-07
2.321129192541603415e-07
2.312554983555589095e-07
2.302065365645126009e-07
2.292248583883876124e-07
2.281723984648494061e-07
2.269116824820037265e-07
2.257421843792393514e-07
2.245337200544787049e-07
2.231648198036225405e-07
2.219030907830627501e-07
2.205463252142357381e-07
2.191475405169140027e-07
2.178732970829063675e-07
2.164992273017469260e-07
2.151687439921084161e-07
2.138817446275615029e-07
2.126219687831031085e-07
2.114354927390081075e-07
2.102487404058568181e-07
2.091422895550524818e-07
2.081469243816368684e-07
2.072459228806818704e-07
2.062912392832962019e-07
2.054658498880076398e-07
2.048149533709957850e-07
2.041465835389849092e-07
2.036181100031533639e-07
2.032106381347472877e-07
2.028093040675337159e-07
2.023830514909555357e-07
2.020988929838258771e-07
2.018714647229649979e-07
2.015251922342183292e-07
2.012128018126881528e-07
2.010130917136636266e-07
2.006962802317272727e-07
2.002845667435250550e-07
1.999915052684499000e-07
1.996093255871264579e-07
1.990629576140609192e-07
1.986471763179782811e-07
1.980822669832540021e-07
1.974435978904492868e-07
1.968035802303285127e-07
1.960483292767374813e-07
1.953281657907325765e-07
1.944819099599276903e-07
1.935351736799065286e-07
1.926769505454758535e-07
1.916609331882140362e-07
1.905923573042716401e-07
1.896002549553212642e-07
1.884372477706395267e-07
1.872275182279974326e-07
1.861341714307628695e-07
1.850263897449621024e-07
1.837838585616168188e-07
1.836554647290147364e-07
1.836554647290147364e-07
