0.000000000000000000e+00
1.406109999999999999e-02
2.812219999999999998e-02
4.218329999999999996e-02
5.624439999999999995e-02
7.030550000000000688e-02
8.436659999999999993e-02
9.842779999999999585e-02
1.124890000000000057e-01
1.265499999999999958e-01
1.406110000000000138e-01
1.546720000000000039e-01
1.687329999999999941e-01
1.827950000000000130e-01
1.968560000000000032e-01
2.109169999999999934e-01
2.249780000000000113e-01
2.390390000000000015e-01
2.530999999999999917e-01
2.671609999999999818e-01
2.812220000000000275e-01
2.952839999999999909e-01
3.093449999999999811e-01
3.234060000000000268e-01
3.374670000000000170e-01
3.515280000000000071e-01
3.655889999999999973e-01
3.796499999999999875e-01
3.937120000000000064e-01
4.077729999999999966e-01
4.218339999999999868e-01
4.358949999999999769e-01
4.499560000000000226e-01
4.640170000000000128e-01
4.780789999999999762e-01
4.921400000000000219e-01
5.062010000000000121e-01
5.202620000000000022e-01
5.343229999999999924e-01
5.483839999999999826e-01
5.624460000000000015e-01
5.765069999999999917e-01
5.905679999999999819e-01
6.046289999999999720e-01
6.186899999999999622e-01
6.327509999999999524e-01
6.468129999999999713e-01
6.608739999999999615e-01
6.749349999999999516e-01
6.889960000000000528e-01
7.030570000000000430e-01
7.171180000000000332e-01
7.311800000000000521e-01
7.452410000000000423e-01
7.593020000000000325e-01
7.733630000000000226e-01
7.874240000000000128e-01
8.014850000000000030e-01
8.155470000000000219e-01
8.296080000000000121e-01
8.436690000000000023e-01
8.577299999999999924e-01
8.717909999999999826e-01
8.858530000000000015e-01
8.999139999999999917e-01
9.139749999999999819e-01
9.280359999999999721e-01
9.420969999999999622e-01
9.561579999999999524e-01
9.702199999999999713e-01
9.842809999999999615e-01
9.983419999999999517e-01
1.012399999999999967e+00
1.026459999999999928e+00
1.040529999999999955e+00
1.054589999999999916e+00
1.068650000000000100e+00
1.082710000000000061e+00
1.096770000000000023e+00
1.110829999999999984e+00
1.124889999999999946e+00
1.138949999999999907e+00
1.153019999999999934e+00
1.167079999999999895e+00
1.181140000000000079e+00
1.195200000000000040e+00
1.209260000000000002e+00
1.223319999999999963e+00
1.237379999999999924e+00
1.251440000000000108e+00
1.265500000000000069e+00
1.279570000000000096e+00
1.293630000000000058e+00
1.307690000000000019e+00
1.321749999999999980e+00
1.335809999999999942e+00
1.349869999999999903e+00
1.363930000000000087e+00
1.377990000000000048e+00
1.392060000000000075e+00
1.406120000000000037e+00
1.420179999999999998e+00
1.434239999999999959e+00
1.448299999999999921e+00
1.462360000000000104e+00
1.476420000000000066e+00
1.490480000000000027e+00
1.504550000000000054e+00
1.518610000000000015e+00
1.532669999999999977e+00
1.546729999999999938e+00
1.560789999999999900e+00
1.574850000000000083e+00
1.588910000000000045e+00
1.602970000000000006e+00
1.617040000000000033e+00
1.631099999999999994e+00
1.645159999999999956e+00
1.659219999999999917e+00
1.673280000000000101e+00
1.687340000000000062e+00
1.701400000000000023e+00
1.715459999999999985e+00
1.729530000000000012e+00
1.743589999999999973e+00
1.757649999999999935e+00
1.771709999999999896e+00
1.785770000000000080e+00
1.799830000000000041e+00
1.813890000000000002e+00
1.827949999999999964e+00
1.842009999999999925e+00
1.856079999999999952e+00
1.870139999999999914e+00
1.884200000000000097e+00
1.898260000000000058e+00
1.912320000000000020e+00
1.926379999999999981e+00
1.940439999999999943e+00
1.954499999999999904e+00
1.968569999999999931e+00
1.982629999999999892e+00
1.996690000000000076e+00
2.010749999999999815e+00
2.024809999999999999e+00
2.038870000000000182e+00
2.052929999999999922e+00
2.066990000000000105e+00
2.081059999999999910e+00
2.095120000000000093e+00
2.109179999999999833e+00
2.123240000000000016e+00
2.137300000000000200e+00
2.151359999999999939e+00
2.165420000000000122e+00
2.179479999999999862e+00
2.193550000000000111e+00
2.207609999999999850e+00
2.221670000000000034e+00
2.235730000000000217e+00
2.249789999999999957e+00
2.263850000000000140e+00
2.277909999999999879e+00
2.291970000000000063e+00
2.306039999999999868e+00
2.320100000000000051e+00
2.334159999999999791e+00
2.348219999999999974e+00
2.362280000000000157e+00
2.376339999999999897e+00
2.390400000000000080e+00
2.404459999999999820e+00
2.418530000000000069e+00
2.432589999999999808e+00
2.446649999999999991e+00
2.460710000000000175e+00
2.474769999999999914e+00
2.488830000000000098e+00
2.502889999999999837e+00
2.516950000000000021e+00
2.531019999999999825e+00
2.545080000000000009e+00
2.559140000000000192e+00
2.573199999999999932e+00
2.587260000000000115e+00
2.601319999999999855e+00
2.615380000000000038e+00
2.629440000000000222e+00
2.643510000000000026e+00
2.657570000000000210e+00
2.671629999999999949e+00
2.685690000000000133e+00
2.699749999999999872e+00
2.713810000000000056e+00
2.727869999999999795e+00
2.741929999999999978e+00
2.755999999999999783e+00
2.770059999999999967e+00
2.784120000000000150e+00
2.798179999999999890e+00
2.812240000000000073e+00
2.826299999999999812e+00
2.840359999999999996e+00
2.854420000000000179e+00
2.868489999999999984e+00
2.882550000000000168e+00
2.896609999999999907e+00
2.910670000000000091e+00
2.924729999999999830e+00
2.938790000000000013e+00
2.952850000000000197e+00
2.966920000000000002e+00
2.980980000000000185e+00
2.995039999999999925e+00
3.009100000000000108e+00
3.023159999999999847e+00
3.037220000000000031e+00
3.051280000000000214e+00
3.065339999999999954e+00
3.079410000000000203e+00
3.093469999999999942e+00
3.107530000000000125e+00
3.121589999999999865e+00
3.135650000000000048e+00
3.149709999999999788e+00
3.163769999999999971e+00
3.177830000000000155e+00
3.191899999999999959e+00
3.205960000000000143e+00
3.220019999999999882e+00
3.234080000000000066e+00
3.248139999999999805e+00
3.262199999999999989e+00
3.276260000000000172e+00
3.290319999999999911e+00
3.304390000000000160e+00
3.318449999999999900e+00
3.332510000000000083e+00
3.346569999999999823e+00
3.360630000000000006e+00
3.374690000000000190e+00
3.388749999999999929e+00
3.402810000000000112e+00
3.416879999999999917e+00
3.430940000000000101e+00
3.444999999999999840e+00
3.459060000000000024e+00
3.473120000000000207e+00
3.487179999999999946e+00
3.501240000000000130e+00
3.515309999999999935e+00
3.529370000000000118e+00
3.543429999999999858e+00
3.557490000000000041e+00
3.571549999999999780e+00
3.585609999999999964e+00
3.599670000000000147e+00
3.613729999999999887e+00
3.627800000000000136e+00
3.641859999999999875e+00
3.655920000000000059e+00
3.669979999999999798e+00
3.684039999999999981e+00
3.698100000000000165e+00
3.712159999999999904e+00
3.726220000000000088e+00
3.740289999999999893e+00
3.754350000000000076e+00
3.768409999999999815e+00
3.782469999999999999e+00
3.796530000000000182e+00
3.810589999999999922e+00
3.824650000000000105e+00
3.838709999999999845e+00
3.852780000000000094e+00
3.866839999999999833e+00
3.880900000000000016e+00
3.894960000000000200e+00
3.909019999999999939e+00
3.923080000000000123e+00
3.937139999999999862e+00
3.951210000000000111e+00
3.965269999999999850e+00
3.979330000000000034e+00
3.993390000000000217e+00
4.007450000000000401e+00
4.021510000000000140e+00
4.035569999999999879e+00
4.049629999999999619e+00
4.063699999999999868e+00
4.077759999999999607e+00
4.091820000000000235e+00
4.105879999999999974e+00
4.119939999999999714e+00
4.134000000000000341e+00
4.148060000000000080e+00
4.162119999999999820e+00
4.176190000000000069e+00
4.190249999999999808e+00
4.204310000000000436e+00
4.218370000000000175e+00
4.232429999999999914e+00
4.246489999999999654e+00
4.260550000000000281e+00
4.274619999999999642e+00
4.288680000000000270e+00
4.302740000000000009e+00
4.316799999999999748e+00
4.330860000000000376e+00
4.344920000000000115e+00
4.358979999999999855e+00
4.373039999999999594e+00
4.387109999999999843e+00
4.401169999999999582e+00
4.415230000000000210e+00
4.429289999999999949e+00
4.443349999999999689e+00
4.457410000000000316e+00
4.471470000000000056e+00
4.485540000000000305e+00
4.499600000000000044e+00
4.513659999999999783e+00
4.527720000000000411e+00
4.541780000000000150e+00
4.555839999999999890e+00
4.569899999999999629e+00
4.583960000000000257e+00
4.598029999999999617e+00
4.612090000000000245e+00
4.626149999999999984e+00
4.640209999999999724e+00
4.654270000000000351e+00
4.668330000000000091e+00
4.682389999999999830e+00
4.696460000000000079e+00
4.710519999999999818e+00
4.724579999999999558e+00
4.738640000000000185e+00
4.752699999999999925e+00
4.766759999999999664e+00
4.780820000000000292e+00
4.794880000000000031e+00
4.808950000000000280e+00
4.823010000000000019e+00
4.837069999999999759e+00
4.851130000000000386e+00
4.865190000000000126e+00
4.879249999999999865e+00
4.893309999999999604e+00
4.907370000000000232e+00
4.921439999999999593e+00
4.935500000000000220e+00
4.949559999999999960e+00
4.963619999999999699e+00
4.977680000000000327e+00
4.991740000000000066e+00
5.000000000000000000e+00
