6.659301288891583681e-05
6.650700379395857453e-05
6.625326932407915592e-05
6.594284786842763424e-05
6.582360219908878207e-05
6.570212281076237559e-05
6.560843030456453562e-05
6.547122029587626457e-05
6.537524313898757100e-05
6.526074139401316643e-05
6.515515997307375073e-05
6.503771874122321606e-05
6.493660475825890899e-05
6.485626363428309560e-05
6.478489376604557037e-05
6.472229142673313618e-05
6.465671322075650096e-05
6.459050928242504597e-05
6.451457738876342773e-05
6.442844460252672434e-05
6.433624366763979197e-05
6.425179890356957912e-05
6.417806434910744429e-05
6.414794916054233909e-05
6.411063804989680648e-05
6.406858301488682628e-05
6.402585859177634120e-05
6.398074765456840396e-05
6.394205411197617650e-05
6.389544432749971747e-05
6.384789594449102879e-05
6.378738908097147942e-05
6.372073403326794505e-05
6.366733578033745289e-05
6.361859414028003812e-05
6.358140672091394663e-05
6.355594086926430464e-05
6.353525532176718116e-05
6.350901094265282154e-05
6.347950693452730775e-05
6.343199493130668998e-05
6.336365913739427924e-05
6.329901225399225950e-05
6.323194247670471668e-05
6.315879727480933070e-05
6.310550088528543711e-05
6.305260467343032360e-05
6.300185486907139421e-05
6.294636114034801722e-05
6.289535667747259140e-05
6.284044502535834908e-05
6.278721411945298314e-05
6.272864266065880656e-05
6.267546268645673990e-05
6.262364331632852554e-05
6.257160566747188568e-05
6.252207822399213910e-05
6.247271812753751874e-05
6.243505049496889114e-05
6.240238872123882174e-05
6.237623165361583233e-05
6.234631291590631008e-05
6.231822044355794787e-05
6.229346763575449586e-05
6.226632103789597750e-05
6.223643140401691198e-05
6.220744398888200521e-05
6.218111957423388958e-05
6.215494067873805761e-05
6.212542211869731545e-05
6.209102139109745622e-05
6.205356476129963994e-05
6.201355427037924528e-05
6.198393384693190455e-05
6.195169407874345779e-05
6.191742431838065386e-05
6.187878898344933987e-05
6.183431833051145077e-05
6.178579496918246150e-05
6.173685687826946378e-05
6.168526306282728910e-05
6.163569196360185742e-05
6.158467294881120324e-05
6.154099537525326014e-05
6.150150147732347250e-05
6.146926170913502574e-05
6.144054350443184376e-05
6.140655750641599298e-05
6.137085438240319490e-05
6.132946145953610539e-05
6.128555105533450842e-05
6.123587809270247817e-05
6.119014142313972116e-05
6.114909774623811245e-05
6.113107519922778010e-05
6.111880793469026685e-05
6.110868707764893770e-05
6.109271635068580508e-05
6.107521039666607976e-05
6.106057116994634271e-05
6.103670602897182107e-05
6.100703831179998815e-05
6.097012737882323563e-05
6.093592310207895935e-05
6.091113755246624351e-05
6.089003727538511157e-05
6.087371730245649815e-05
6.086114080972038209e-05
6.084862980060279369e-05
6.083395783207379282e-05
6.081748870201408863e-05
6.079052400309592485e-05
6.075017154216766357e-05
6.071091047488152981e-05
6.066581408958882093e-05
6.061513340682722628e-05
6.056877100490964949e-05
6.052439130144193769e-05
6.048418435966596007e-05
6.044520341674797237e-05
6.040865991963073611e-05
6.036925333319231868e-05
6.032839155523106456e-05
6.029156429576687515e-05
6.025097536621615291e-05
6.021241279086098075e-05
6.017477790010161698e-05
6.013829624862410128e-05
6.010288052493706346e-05
6.007387128192931414e-05
6.004921306157484651e-05
6.002994996379129589e-05
6.001188739901408553e-05
6.000815847073681653e-05
5.999909262754954398e-05
5.998406777507625520e-05
5.996562322252430022e-05
5.994637103867717087e-05
5.992946898913942277e-05
5.990991121507249773e-05
5.988808334222994745e-05
5.986348696751520038e-05
5.983748997095972300e-05
5.981612775940448046e-05
5.979651541565544903e-05
5.977219916530884802e-05
5.974915984552353621e-05
5.972043800284154713e-05
5.968716141069307923e-05
5.964831871096976101e-05
5.960600901744328439e-05
5.956142558716237545e-05
5.951872662990354002e-05
5.948348189122043550e-05
5.944577424088492990e-05
5.941575727774761617e-05
5.939316906733438373e-05
5.937124296906404197e-05
5.934435830567963421e-05
5.931452324148267508e-05
5.928055179538205266e-05
5.924335710005834699e-05
5.920401599723845720e-05
5.917064117966219783e-05
5.913975473958998919e-05
5.912787310080602765e-05
5.911992047913372517e-05
5.911415792070329189e-05
5.910683830734342337e-05
5.909681931370869279e-05
5.908783350605517626e-05
5.907273225602693856e-05
5.905119542148895562e-05
5.902558768866583705e-05
5.900477117393165827e-05
5.898628296563401818e-05
5.897174560232087970e-05
5.896224683965556324e-05
5.895525464438833296e-05
5.894670539419166744e-05
5.893703564652241766e-05
5.892469198442995548e-05
5.890377360628917813e-05
5.887170118512585759e-05
5.884326674276962876e-05
5.880796743440441787e-05
5.876761861145496368e-05
5.872581095900386572e-05
5.868480366189032793e-05
5.864731792826205492e-05
5.861231693415902555e-05
5.857936048414558172e-05
5.854580740560777485e-05
5.851503010489977896e-05
5.848443470313213766e-05
5.845013220096006989e-05
5.842001701239496469e-05
5.838694778503850102e-05
5.835456249769777060e-05
5.832379247294738889e-05
5.829900328535586596e-05
5.827821587445214391e-05
5.826279812026768923e-05
5.825758853461593390e-05
5.825812331750057638e-05
5.825513653689995408e-05
5.824739855597727001e-05
5.823652099934406579e-05
5.822190723847597837e-05
5.820958904223516583e-05
5.819333091494627297e-05
5.817463897983543575e-05
5.815436088596470654e-05
5.813429015688598156e-05
5.812237577629275620e-05
5.810782749904319644e-05
5.808844798593781888e-05
5.807099660160019994e-05
5.804770626127719879e-05
5.801978841191157699e-05
5.798551501356996596e-05
5.794667595182545483e-05
5.790701106889173388e-05
5.786764813819900155e-05
5.783950837212614715e-05
5.780470019089989364e-05
5.777814658358693123e-05
5.775977479061111808e-05
5.774076998932287097e-05
5.771823998657055199e-05
5.769260678789578378e-05
5.766287722508423030e-05
5.762966975453309715e-05
5.759618579759262502e-05
5.756967220804654062e-05
5.754340600105933845e-05
5.753353252657689154e-05
5.752791912527754903e-05
5.752434299211017787e-05
5.752128345193341374e-05
5.751552816946059465e-05
5.750955460825935006e-05
5.749981937697157264e-05
5.748600597144104540e-05
5.747011891799047589e-05
5.745306043536402285e-05
5.743793008150532842e-05
5.742705980082973838e-05
5.742080247728154063e-05
5.741608401876874268e-05
5.741006680182181299e-05
5.740316919400356710e-05
5.739391417591832578e-05
5.737679384765215218e-05
5.735141530749388039e-05
5.732867793994955719e-05
5.729919212171807885e-05
5.726200106437318027e-05
5.722274363506585360e-05
5.718401371268555522e-05
5.714803774026222527e-05
5.711454650736413896e-05
5.708341996069066226e-05
5.705289368052035570e-05
5.702819180442020297e-05
5.700003021047450602e-05
5.697289452655240893e-05
5.694515493814833462e-05
5.691436672350391746e-05
5.688381133950315416e-05
5.685568612534552813e-05
5.683231211150996387e-05
5.681355469278059900e-05
5.680156755261123180e-05
5.680522735929116607e-05
5.680658796336501837e-05
5.680717003997415304e-05
5.680381218553520739e-05
5.679748574038967490e-05
5.678591332980431616e-05
5.677626541000790894e-05
5.676212094840593636e-05
5.674521526088938117e-05
5.672706174664199352e-05
5.671364851878024638e-05
5.670374594046734273e-05
5.669224628945812583e-05
5.667653385899029672e-05
5.666226206813007593e-05
5.664324635290540755e-05
5.661806426360271871e-05
5.658631198457442224e-05
5.655002314597368240e-05
5.651213723467662930e-05
5.648137084790505469e-05
5.645048076985403895e-05
5.641664029099047184e-05
5.639291703118942678e-05
5.637529102386906743e-05
5.635750494548119605e-05
5.633720866171643138e-05
5.631420572171919048e-05
5.628719736705534160e-05
5.625698031508363783e-05
5.623227480100467801e-05
5.620402225758880377e-05
5.618010254693217576e-05
5.617074566544033587e-05
5.616571434075012803e-05
5.616336784441955388e-05
5.616274938802234828e-05
5.615963164018467069e-05
5.615584086626768112e-05
5.615321424556896091e-05
5.614552355837076902e-05
5.613233952317386866e-05
5.611803862848319113e-05
5.610546213574707508e-05
5.609670915873721242e-05
5.609115396509878337e-05
5.608731589745730162e-05
5.608249193755909801e-05
5.607767161563970149e-05
5.607006460195407271e-05
5.605887054116465151e-05
5.603742101811803877e-05
5.601824523182585835e-05
5.599057112704031169e-05
5.595475158770568669e-05
5.591734588961116970e-05
5.587973282672464848e-05
5.584439350059255958e-05
5.581088771577924490e-05
5.578018317464739084e-05
5.575668546953238547e-05
5.573006274062208831e-05
5.570447683567181230e-05
5.568151391344144940e-05
5.565486935665830970e-05
5.562510705203749239e-05
5.559536293731071055e-05
5.556817995966412127e-05
5.554488598136231303e-05
5.552672155317850411e-05
5.552107541006989777e-05
5.552619768423028290e-05
5.552848233492113650e-05
5.553131268243305385e-05
5.553124719881452620e-05
5.552745278691872954e-05
5.551841604756191373e-05
5.551033609663136303e-05
5.549737397814169526e-05
5.548121407628059387e-05
5.546474858419969678e-05
5.545550811802968383e-05
5.544926534639671445e-05
5.544926534639671445e-05
