0.000000000000000000e+00
1.406109999999999999e-02
2.109159999999999854e-02
3.515270000000000200e-02
4.218329999999999996e-02
5.624439999999999995e-02
6.327489999999999504e-02
7.030550000000000688e-02
8.436659999999999993e-02
9.139709999999999501e-02
1.054579999999999962e-01
1.124890000000000057e-01
1.265499999999999958e-01
1.335800000000000043e-01
1.406110000000000138e-01
1.546720000000000039e-01
1.617030000000000134e-01
1.757640000000000036e-01
1.827940000000000120e-01
1.968550000000000022e-01
2.038860000000000117e-01
2.109169999999999934e-01
2.249780000000000113e-01
2.320079999999999920e-01
2.460690000000000099e-01
2.530999999999999917e-01
2.601299999999999724e-01
2.741919999999999913e-01
2.812220000000000275e-01
2.952830000000000177e-01
3.023140000000000271e-01
3.163750000000000173e-01
3.234049999999999980e-01
3.304360000000000075e-01
3.444969999999999977e-01
3.515280000000000071e-01
3.655889999999999973e-01
3.726189999999999780e-01
3.866800000000000237e-01
3.937109999999999776e-01
4.007419999999999871e-01
4.148029999999999773e-01
4.218330000000000135e-01
4.358940000000000037e-01
4.429250000000000131e-01
4.569860000000000033e-01
4.640170000000000128e-01
4.710469999999999935e-01
4.851079999999999837e-01
4.921389999999999931e-01
5.061999999999999833e-01
5.132309999999999928e-01
5.202609999999999735e-01
5.343219999999999636e-01
5.413529999999999731e-01
5.554139999999999633e-01
5.624440000000000550e-01
5.765059999999999629e-01
5.835360000000000547e-01
5.905669999999999531e-01
6.046280000000000543e-01
6.116580000000000350e-01
6.257190000000000252e-01
6.327500000000000346e-01
6.468110000000000248e-01
6.538420000000000343e-01
6.608720000000000150e-01
6.749330000000000052e-01
6.819640000000000146e-01
6.960250000000000048e-01
7.030560000000000143e-01
7.100859999999999950e-01
7.241469999999999851e-01
7.311779999999999946e-01
7.452389999999999848e-01
7.522699999999999942e-01
7.663309999999999844e-01
7.733609999999999651e-01
7.803919999999999746e-01
7.944529999999999648e-01
8.014839999999999742e-01
8.155449999999999644e-01
8.225749999999999451e-01
8.366360000000000463e-01
8.436669999999999447e-01
8.506970000000000365e-01
8.647590000000000554e-01
8.717890000000000361e-01
8.858500000000000263e-01
8.928810000000000358e-01
9.069420000000000259e-01
9.139730000000000354e-01
9.210030000000000161e-01
9.350640000000000063e-01
9.420950000000000157e-01
9.561560000000000059e-01
9.631870000000000154e-01
9.702169999999999961e-01
9.842779999999999863e-01
9.913089999999999957e-01
1.005370000000000097e+00
1.012399999999999967e+00
1.026459999999999928e+00
1.033490000000000020e+00
1.040519999999999889e+00
1.054580000000000073e+00
1.061609999999999943e+00
1.075679999999999970e+00
1.082710000000000061e+00
1.096770000000000023e+00
1.103799999999999892e+00
1.110829999999999984e+00
1.124889999999999946e+00
1.131920000000000037e+00
1.145979999999999999e+00
1.153010000000000090e+00
1.160039999999999960e+00
1.174099999999999921e+00
1.181130000000000013e+00
1.195200000000000040e+00
1.202229999999999910e+00
1.216290000000000093e+00
1.223319999999999963e+00
1.230350000000000055e+00
1.244410000000000016e+00
1.251440000000000108e+00
1.265500000000000069e+00
1.272529999999999939e+00
1.286589999999999900e+00
1.293619999999999992e+00
1.300650000000000084e+00
1.314710000000000045e+00
1.321749999999999980e+00
1.335809999999999942e+00
1.342840000000000034e+00
1.356899999999999995e+00
1.363930000000000087e+00
1.370959999999999956e+00
1.385019999999999918e+00
1.392050000000000010e+00
1.406109999999999971e+00
1.413140000000000063e+00
1.420169999999999932e+00
1.434229999999999894e+00
1.441270000000000051e+00
1.455330000000000013e+00
1.462360000000000104e+00
1.476420000000000066e+00
1.483449999999999935e+00
1.490480000000000027e+00
1.504539999999999988e+00
1.511570000000000080e+00
1.525630000000000042e+00
1.532659999999999911e+00
1.546720000000000095e+00
1.553749999999999964e+00
1.560780000000000056e+00
1.574850000000000083e+00
1.581879999999999953e+00
1.595939999999999914e+00
1.602970000000000006e+00
1.617029999999999967e+00
1.624060000000000059e+00
1.631089999999999929e+00
1.645149999999999890e+00
1.652179999999999982e+00
1.666239999999999943e+00
1.673270000000000035e+00
1.680299999999999905e+00
1.694369999999999932e+00
1.701400000000000023e+00
1.715459999999999985e+00
1.722490000000000077e+00
1.736550000000000038e+00
1.743579999999999908e+00
1.750609999999999999e+00
1.764669999999999961e+00
1.771700000000000053e+00
1.785760000000000014e+00
1.792790000000000106e+00
1.806850000000000067e+00
1.813890000000000002e+00
1.820920000000000094e+00
1.834980000000000055e+00
1.842009999999999925e+00
1.856070000000000109e+00
1.863099999999999978e+00
1.870130000000000070e+00
1.884190000000000031e+00
1.891219999999999901e+00
1.905280000000000085e+00
1.912309999999999954e+00
1.926369999999999916e+00
1.933410000000000073e+00
1.940439999999999943e+00
1.954499999999999904e+00
1.961529999999999996e+00
1.975589999999999957e+00
1.982620000000000049e+00
1.996680000000000010e+00
2.003709999999999880e+00
2.010740000000000194e+00
2.024799999999999933e+00
2.031829999999999803e+00
2.045889999999999986e+00
2.052919999999999856e+00
2.066990000000000105e+00
2.074019999999999975e+00
2.081049999999999844e+00
2.095110000000000028e+00
2.102139999999999898e+00
2.116200000000000081e+00
2.123229999999999951e+00
2.130259999999999820e+00
2.144320000000000004e+00
2.151349999999999874e+00
2.165410000000000057e+00
2.172439999999999927e+00
2.186510000000000176e+00
2.193540000000000045e+00
2.200569999999999915e+00
2.214630000000000098e+00
2.221659999999999968e+00
2.235720000000000152e+00
2.242750000000000021e+00
2.256810000000000205e+00
2.263840000000000074e+00
2.270869999999999944e+00
2.284930000000000128e+00
2.291959999999999997e+00
2.306029999999999802e+00
2.313060000000000116e+00
2.320089999999999986e+00
2.334150000000000169e+00
2.341180000000000039e+00
2.355239999999999778e+00
2.362270000000000092e+00
2.376329999999999831e+00
2.383360000000000145e+00
2.390390000000000015e+00
2.404450000000000198e+00
2.411480000000000068e+00
2.425549999999999873e+00
2.432580000000000187e+00
2.446639999999999926e+00
2.453669999999999796e+00
2.460700000000000109e+00
2.474759999999999849e+00
2.481790000000000163e+00
2.495849999999999902e+00
2.502880000000000216e+00
2.516939999999999955e+00
2.523969999999999825e+00
2.531000000000000139e+00
2.545069999999999943e+00
2.552099999999999813e+00
2.566159999999999997e+00
2.573189999999999866e+00
2.580220000000000180e+00
2.594279999999999919e+00
2.601309999999999789e+00
2.615369999999999973e+00
2.622399999999999842e+00
2.636460000000000026e+00
2.643489999999999895e+00
2.650520000000000209e+00
2.664579999999999949e+00
2.671619999999999884e+00
2.685680000000000067e+00
2.692709999999999937e+00
2.706770000000000120e+00
2.713799999999999990e+00
2.720829999999999860e+00
2.734890000000000043e+00
2.741919999999999913e+00
2.755980000000000096e+00
2.763009999999999966e+00
2.770039999999999836e+00
2.784100000000000019e+00
2.791139999999999954e+00
2.805200000000000138e+00
2.812230000000000008e+00
2.826290000000000191e+00
2.833320000000000061e+00
2.840349999999999930e+00
2.854410000000000114e+00
2.861439999999999984e+00
2.875500000000000167e+00
2.882530000000000037e+00
2.896590000000000220e+00
2.903620000000000090e+00
2.910660000000000025e+00
2.924720000000000208e+00
2.931750000000000078e+00
2.945809999999999818e+00
2.952840000000000131e+00
2.966899999999999871e+00
2.973930000000000184e+00
2.980960000000000054e+00
2.995019999999999794e+00
3.002050000000000107e+00
3.016109999999999847e+00
3.023140000000000160e+00
3.030180000000000096e+00
3.044239999999999835e+00
3.051270000000000149e+00
3.065329999999999888e+00
3.072360000000000202e+00
3.086419999999999941e+00
3.093449999999999811e+00
3.100480000000000125e+00
3.114539999999999864e+00
3.121570000000000178e+00
3.135629999999999917e+00
3.142659999999999787e+00
3.156730000000000036e+00
3.163759999999999906e+00
3.170790000000000219e+00
3.184849999999999959e+00
3.191879999999999828e+00
3.205940000000000012e+00
3.212969999999999882e+00
3.220000000000000195e+00
3.234059999999999935e+00
3.241089999999999804e+00
3.255149999999999988e+00
3.262179999999999858e+00
3.276250000000000107e+00
3.283279999999999976e+00
3.290309999999999846e+00
3.304370000000000029e+00
3.311399999999999899e+00
3.325460000000000083e+00
3.332489999999999952e+00
3.346550000000000136e+00
3.353580000000000005e+00
3.360609999999999875e+00
3.374670000000000059e+00
3.381699999999999928e+00
3.395770000000000177e+00
3.402800000000000047e+00
3.416859999999999786e+00
3.423890000000000100e+00
3.430919999999999970e+00
3.444980000000000153e+00
3.452010000000000023e+00
3.466070000000000206e+00
3.473100000000000076e+00
3.480129999999999946e+00
3.494190000000000129e+00
3.501219999999999999e+00
3.515289999999999804e+00
3.522320000000000118e+00
3.536379999999999857e+00
3.543410000000000171e+00
3.550440000000000040e+00
3.564499999999999780e+00
3.571530000000000094e+00
3.585589999999999833e+00
3.592620000000000147e+00
3.606679999999999886e+00
3.613710000000000200e+00
3.620740000000000069e+00
3.634809999999999874e+00
3.641840000000000188e+00
3.655899999999999928e+00
3.662929999999999797e+00
3.676989999999999981e+00
3.684019999999999850e+00
3.691050000000000164e+00
3.705109999999999904e+00
3.712140000000000217e+00
3.726199999999999957e+00
3.733229999999999826e+00
3.740260000000000140e+00
3.754329999999999945e+00
3.761359999999999815e+00
3.775419999999999998e+00
3.782449999999999868e+00
3.796510000000000051e+00
3.803539999999999921e+00
3.810569999999999791e+00
3.824629999999999974e+00
3.831659999999999844e+00
3.845720000000000027e+00
3.852749999999999897e+00
3.866810000000000080e+00
3.873850000000000016e+00
3.880879999999999885e+00
3.894940000000000069e+00
3.901969999999999938e+00
3.916030000000000122e+00
3.923059999999999992e+00
3.930089999999999861e+00
3.944150000000000045e+00
3.951179999999999914e+00
3.965240000000000098e+00
3.972269999999999968e+00
3.986330000000000151e+00
3.993370000000000086e+00
4.000399999999999956e+00
4.014459999999999695e+00
4.021490000000000009e+00
4.035549999999999748e+00
4.042580000000000062e+00
4.056639999999999802e+00
4.063670000000000115e+00
4.070700000000000429e+00
4.084760000000000169e+00
4.091789999999999594e+00
4.105850000000000222e+00
4.112890000000000157e+00
4.126949999999999896e+00
4.133980000000000210e+00
4.141009999999999636e+00
4.155070000000000263e+00
4.162099999999999689e+00
4.176160000000000316e+00
4.183189999999999742e+00
4.190220000000000056e+00
4.204279999999999795e+00
4.211310000000000109e+00
4.225369999999999848e+00
4.232409999999999783e+00
4.246470000000000411e+00
4.253499999999999837e+00
4.260530000000000150e+00
4.274589999999999890e+00
4.281620000000000203e+00
4.295679999999999943e+00
4.302710000000000257e+00
4.316769999999999996e+00
4.323800000000000310e+00
4.330829999999999735e+00
4.344890000000000363e+00
4.351930000000000298e+00
4.365990000000000038e+00
4.373020000000000351e+00
4.380049999999999777e+00
4.394110000000000404e+00
4.401139999999999830e+00
4.415199999999999569e+00
4.422229999999999883e+00
4.436289999999999623e+00
4.443319999999999936e+00
4.450350000000000250e+00
4.464409999999999989e+00
4.471449999999999925e+00
4.485509999999999664e+00
4.492539999999999978e+00
4.506599999999999717e+00
4.513630000000000031e+00
4.520660000000000345e+00
4.534720000000000084e+00
4.541750000000000398e+00
4.555810000000000137e+00
4.562839999999999563e+00
4.576900000000000190e+00
4.583929999999999616e+00
4.590970000000000439e+00
4.605030000000000179e+00
4.612059999999999604e+00
4.626120000000000232e+00
4.633149999999999658e+00
4.640179999999999971e+00
4.654239999999999711e+00
4.661270000000000024e+00
4.675329999999999764e+00
4.682360000000000078e+00
4.696419999999999817e+00
4.703450000000000131e+00
4.710490000000000066e+00
4.724549999999999805e+00
4.731580000000000119e+00
4.745639999999999858e+00
4.752670000000000172e+00
4.766729999999999912e+00
4.773760000000000225e+00
4.780789999999999651e+00
4.794850000000000279e+00
4.801879999999999704e+00
4.815940000000000332e+00
4.822969999999999757e+00
4.830009999999999692e+00
4.844070000000000320e+00
4.851099999999999746e+00
4.865160000000000373e+00
4.872189999999999799e+00
4.886250000000000426e+00
4.893279999999999852e+00
4.900310000000000166e+00
4.914369999999999905e+00
4.921400000000000219e+00
4.935459999999999958e+00
4.942490000000000272e+00
4.956559999999999633e+00
4.963589999999999947e+00
4.970620000000000260e+00
4.984680000000000000e+00
4.991710000000000313e+00
5.000000000000000000e+00
