6.000999808311462402e-01
6.000997424125671387e-01
6.000996828079223633e-01
6.000996232032775879e-01
6.000995635986328125e-01
6.000995039939880371e-01
6.000994443893432617e-01
6.000994443893432617e-01
6.000993251800537109e-01
6.000993251800537109e-01
6.000992655754089355e-01
6.000992655754089355e-01
6.000992059707641602e-01
6.000991463661193848e-01
6.000991463661193848e-01
6.000990867614746094e-01
6.000990867614746094e-01
6.000990271568298340e-01
6.000990271568298340e-01
6.000989675521850586e-01
6.000989675521850586e-01
6.000989675521850586e-01
6.000989079475402832e-01
6.000988483428955078e-01
6.000988483428955078e-01
6.000988483428955078e-01
6.000987887382507324e-01
6.000987887382507324e-01
6.000987887382507324e-01
6.000987291336059570e-01
6.000986695289611816e-01
6.000986695289611816e-01
6.000986695289611816e-01
6.000986099243164062e-01
6.000986099243164062e-01
6.000985503196716309e-01
6.000985503196716309e-01
6.000984907150268555e-01
6.000984907150268555e-01
6.000984311103820801e-01
6.000984311103820801e-01
6.000984311103820801e-01
6.000983715057373047e-01
6.000983715057373047e-01
6.000983119010925293e-01
6.000983119010925293e-01
6.000983119010925293e-01
6.000982522964477539e-01
6.000982522964477539e-01
6.000982522964477539e-01
6.000981926918029785e-01
6.000981926918029785e-01
6.000981926918029785e-01
6.000981330871582031e-01
6.000981330871582031e-01
6.000980734825134277e-01
6.000980734825134277e-01
6.000980734825134277e-01
6.000980734825134277e-01
6.000980734825134277e-01
6.000980138778686523e-01
6.000980138778686523e-01
6.000980138778686523e-01
6.000979542732238770e-01
6.000979542732238770e-01
6.000979542732238770e-01
6.000979542732238770e-01
6.000978946685791016e-01
6.000978946685791016e-01
6.000978946685791016e-01
6.000978946685791016e-01
6.000978350639343262e-01
6.000978350639343262e-01
6.000978350639343262e-01
6.000977754592895508e-01
6.000977754592895508e-01
6.000977754592895508e-01
6.000977754592895508e-01
6.000977754592895508e-01
6.000977158546447754e-01
6.000977158546447754e-01
6.000977158546447754e-01
6.000976562500000000e-01
6.000976562500000000e-01
6.000976562500000000e-01
6.000975966453552246e-01
6.000975966453552246e-01
6.000975966453552246e-01
6.000975370407104492e-01
6.000975370407104492e-01
6.000975370407104492e-01
6.000975370407104492e-01
6.000974774360656738e-01
6.000974774360656738e-01
6.000974774360656738e-01
6.000974178314208984e-01
6.000974178314208984e-01
6.000974178314208984e-01
6.000974178314208984e-01
6.000973582267761230e-01
6.000973582267761230e-01
6.000973582267761230e-01
6.000972986221313477e-01
6.000972986221313477e-01
6.000972986221313477e-01
6.000972986221313477e-01
6.000972986221313477e-01
6.000972390174865723e-01
6.000972390174865723e-01
6.000972390174865723e-01
6.000972390174865723e-01
6.000972390174865723e-01
6.000971794128417969e-01
6.000971794128417969e-01
6.000971794128417969e-01
6.000971794128417969e-01
6.000971794128417969e-01
6.000971794128417969e-01
6.000971198081970215e-01
6.000971198081970215e-01
6.000971198081970215e-01
6.000971198081970215e-01
6.000970602035522461e-01
6.000970602035522461e-01
6.000970602035522461e-01
6.000970602035522461e-01
6.000970602035522461e-01
6.000970602035522461e-01
6.000970005989074707e-01
6.000970005989074707e-01
6.000970005989074707e-01
6.000970005989074707e-01
6.000969409942626953e-01
6.000969409942626953e-01
6.000969409942626953e-01
6.000969409942626953e-01
6.000968813896179199e-01
6.000968813896179199e-01
6.000968813896179199e-01
6.000968813896179199e-01
6.000968217849731445e-01
6.000968217849731445e-01
6.000968217849731445e-01
6.000967621803283691e-01
6.000967621803283691e-01
6.000967621803283691e-01
6.000967621803283691e-01
6.000967621803283691e-01
6.000967025756835938e-01
6.000967025756835938e-01
6.000967025756835938e-01
6.000967025756835938e-01
6.000966429710388184e-01
6.000966429710388184e-01
6.000966429710388184e-01
6.000966429710388184e-01
6.000966429710388184e-01
6.000966429710388184e-01
6.000965833663940430e-01
6.000965833663940430e-01
6.000965833663940430e-01
6.000965833663940430e-01
6.000965833663940430e-01
6.000965833663940430e-01
6.000965833663940430e-01
6.000965237617492676e-01
6.000965237617492676e-01
6.000965237617492676e-01
6.000965237617492676e-01
6.000965237617492676e-01
6.000965237617492676e-01
6.000964641571044922e-01
6.000964641571044922e-01
6.000964641571044922e-01
6.000964641571044922e-01
6.000964641571044922e-01
6.000964641571044922e-01
6.000964641571044922e-01
6.000964045524597168e-01
6.000964045524597168e-01
6.000964045524597168e-01
6.000964045524597168e-01
6.000963449478149414e-01
6.000963449478149414e-01
6.000963449478149414e-01
6.000963449478149414e-01
6.000962853431701660e-01
6.000962853431701660e-01
6.000962853431701660e-01
6.000962853431701660e-01
6.000962853431701660e-01
6.000962257385253906e-01
6.000962257385253906e-01
6.000962257385253906e-01
6.000962257385253906e-01
6.000961661338806152e-01
6.000961661338806152e-01
6.000961661338806152e-01
6.000961661338806152e-01
6.000961661338806152e-01
6.000961065292358398e-01
6.000961065292358398e-01
6.000961065292358398e-01
6.000961065292358398e-01
6.000961065292358398e-01
6.000961065292358398e-01
6.000960469245910645e-01
6.000960469245910645e-01
6.000960469245910645e-01
6.000960469245910645e-01
6.000960469245910645e-01
6.000960469245910645e-01
6.000960469245910645e-01
6.000960469245910645e-01
6.000959873199462891e-01
6.000959873199462891e-01
6.000959873199462891e-01
6.000959873199462891e-01
6.000959873199462891e-01
6.000959873199462891e-01
6.000959873199462891e-01
6.000959277153015137e-01
6.000959277153015137e-01
6.000959277153015137e-01
6.000959277153015137e-01
6.000959277153015137e-01
6.000959277153015137e-01
6.000959277153015137e-01
6.000958681106567383e-01
6.000958681106567383e-01
6.000958681106567383e-01
6.000958681106567383e-01
6.000958681106567383e-01
6.000958085060119629e-01
6.000958085060119629e-01
6.000958085060119629e-01
6.000958085060119629e-01
6.000958085060119629e-01
6.000957489013671875e-01
6.000957489013671875e-01
6.000957489013671875e-01
6.000957489013671875e-01
6.000956892967224121e-01
6.000956892967224121e-01
6.000956892967224121e-01
6.000956892967224121e-01
6.000956892967224121e-01
6.000956892967224121e-01
6.000956892967224121e-01
6.000956296920776367e-01
6.000956296920776367e-01
6.000956296920776367e-01
6.000956296920776367e-01
6.000955700874328613e-01
6.000955700874328613e-01
6.000955700874328613e-01
6.000955700874328613e-01
6.000955700874328613e-01
6.000955700874328613e-01
6.000955700874328613e-01
6.000955700874328613e-01
6.000955700874328613e-01
6.000955104827880859e-01
6.000955104827880859e-01
6.000955104827880859e-01
6.000955104827880859e-01
6.000955104827880859e-01
6.000955104827880859e-01
6.000955104827880859e-01
6.000955104827880859e-01
6.000954508781433105e-01
6.000954508781433105e-01
6.000954508781433105e-01
6.000954508781433105e-01
6.000954508781433105e-01
6.000954508781433105e-01
6.000954508781433105e-01
6.000954508781433105e-01
6.000954508781433105e-01
6.000953912734985352e-01
6.000953912734985352e-01
6.000953912734985352e-01
6.000953912734985352e-01
6.000953912734985352e-01
6.000953316688537598e-01
6.000953316688537598e-01
6.000953316688537598e-01
6.000953316688537598e-01
6.000953316688537598e-01
6.000952720642089844e-01
6.000952720642089844e-01
6.000952720642089844e-01
6.000952720642089844e-01
6.000952720642089844e-01
6.000952124595642090e-01
6.000952124595642090e-01
6.000952124595642090e-01
6.000952124595642090e-01
6.000952124595642090e-01
6.000952124595642090e-01
6.000951528549194336e-01
6.000951528549194336e-01
6.000951528549194336e-01
6.000951528549194336e-01
6.000951528549194336e-01
6.000951528549194336e-01
6.000951528549194336e-01
6.000950932502746582e-01
6.000950932502746582e-01
6.000950932502746582e-01
6.000950932502746582e-01
6.000950932502746582e-01
6.000950932502746582e-01
6.000950932502746582e-01
6.000950932502746582e-01
6.000950932502746582e-01
6.000950932502746582e-01
6.000950932502746582e-01
6.000950336456298828e-01
6.000950336456298828e-01
6.000950336456298828e-01
6.000950336456298828e-01
6.000950336456298828e-01
6.000950336456298828e-01
6.000950336456298828e-01
6.000950336456298828e-01
6.000949740409851074e-01
6.000949740409851074e-01
6.000949740409851074e-01
6.000949740409851074e-01
6.000949740409851074e-01
6.000949740409851074e-01
6.000949740409851074e-01
6.000949144363403320e-01
6.000949144363403320e-01
6.000949144363403320e-01
6.000949144363403320e-01
6.000949144363403320e-01
6.000948548316955566e-01
6.000948548316955566e-01
6.000948548316955566e-01
6.000948548316955566e-01
6.000948548316955566e-01
6.000947952270507812e-01
6.000947952270507812e-01
6.000947952270507812e-01
6.000947952270507812e-01
6.000947952270507812e-01
6.000947952270507812e-01
6.000947952270507812e-01
6.000947356224060059e-01
6.000947356224060059e-01
6.000947356224060059e-01
6.000947356224060059e-01
6.000947356224060059e-01
6.000947356224060059e-01
6.000947356224060059e-01
6.000946760177612305e-01
6.000946760177612305e-01
6.000946760177612305e-01
6.000946760177612305e-01
6.000946760177612305e-01
6.000946760177612305e-01
6.000946760177612305e-01
6.000946760177612305e-01
6.000946760177612305e-01
6.000946760177612305e-01
6.000946760177612305e-01
6.000946760177612305e-01
6.000946164131164551e-01
6.000946164131164551e-01
6.000946164131164551e-01
6.000946164131164551e-01
6.000946164131164551e-01
6.000946164131164551e-01
6.000946164131164551e-01
6.000946164131164551e-01
6.000946164131164551e-01
6.000946164131164551e-01
6.000945568084716797e-01
6.000945568084716797e-01
6.000945568084716797e-01
6.000945568084716797e-01
6.000945568084716797e-01
6.000944972038269043e-01
6.000944972038269043e-01
6.000944972038269043e-01
6.000944972038269043e-01
6.000944972038269043e-01
6.000944972038269043e-01
6.000944375991821289e-01
6.000944375991821289e-01
6.000944375991821289e-01
6.000944375991821289e-01
6.000944375991821289e-01
6.000944375991821289e-01
6.000943779945373535e-01
6.000943779945373535e-01
6.000943779945373535e-01
6.000943779945373535e-01
6.000943779945373535e-01
6.000943779945373535e-01
6.000943183898925781e-01
6.000943183898925781e-01
6.000943183898925781e-01
6.000943183898925781e-01
6.000943183898925781e-01
6.000943183898925781e-01
6.000943183898925781e-01
6.000943183898925781e-01
6.000943183898925781e-01
6.000943183898925781e-01
6.000943183898925781e-01
6.000943183898925781e-01
6.000942587852478027e-01
6.000942587852478027e-01
6.000942587852478027e-01
6.000942587852478027e-01
6.000942587852478027e-01
6.000942587852478027e-01
6.000942587852478027e-01
6.000942587852478027e-01
6.000942587852478027e-01
6.000942587852478027e-01
6.000941991806030273e-01
6.000941991806030273e-01
6.000941991806030273e-01
6.000941991806030273e-01
6.000941991806030273e-01
6.000941991806030273e-01
6.000941991806030273e-01
6.000941991806030273e-01
6.000941395759582520e-01
6.000941395759582520e-01
6.000941395759582520e-01
6.000941395759582520e-01
6.000941395759582520e-01
6.000941395759582520e-01
6.000940799713134766e-01
6.000940799713134766e-01
6.000940799713134766e-01
6.000940799713134766e-01
6.000940799713134766e-01
6.000940799713134766e-01
6.000940203666687012e-01
6.000940203666687012e-01
6.000940203666687012e-01
6.000940203666687012e-01
6.000940203666687012e-01
6.000940203666687012e-01
6.000940203666687012e-01
6.000939607620239258e-01
6.000939607620239258e-01
6.000939607620239258e-01
6.000939607620239258e-01
6.000939607620239258e-01
6.000939607620239258e-01
6.000939607620239258e-01
6.000939607620239258e-01
6.000939607620239258e-01
6.000939607620239258e-01
6.000939607620239258e-01
6.000939011573791504e-01
6.000939011573791504e-01
6.000939011573791504e-01
6.000939011573791504e-01
6.000939011573791504e-01
6.000939011573791504e-01
6.000939011573791504e-01
6.000939011573791504e-01
6.000939011573791504e-01
6.000939011573791504e-01
6.000939011573791504e-01
6.000939011573791504e-01
6.000938415527343750e-01
6.000938415527343750e-01
6.000938415527343750e-01
6.000938415527343750e-01
6.000938415527343750e-01
6.000938415527343750e-01
6.000938415527343750e-01
6.000938415527343750e-01
6.000938415527343750e-01
6.000937819480895996e-01
6.000937819480895996e-01
6.000937819480895996e-01
6.000937819480895996e-01
6.000937819480895996e-01
6.000937223434448242e-01
6.000937223434448242e-01
6.000937223434448242e-01
6.000937223434448242e-01
6.000937223434448242e-01
6.000937223434448242e-01
6.000937223434448242e-01
6.000936627388000488e-01
6.000936627388000488e-01
6.000936627388000488e-01
6.000936627388000488e-01
6.000936627388000488e-01
6.000936627388000488e-01
6.000936627388000488e-01
