6.000999808311462402e-01
6.000997424125671387e-01
6.000995039939880371e-01
6.000992655754089355e-01
6.000990867614746094e-01
6.000989079475402832e-01
6.000986695289611816e-01
6.000984907150268555e-01
6.000983715057373047e-01
6.000981926918029785e-01
6.000980734825134277e-01
6.000979542732238770e-01
6.000978350639343262e-01
6.000977158546447754e-01
6.000976562500000000e-01
6.000975966453552246e-01
6.000975370407104492e-01
6.000974774360656738e-01
6.000974178314208984e-01
6.000974178314208984e-01
6.000973582267761230e-01
6.000973582267761230e-01
6.000973582267761230e-01
6.000973582267761230e-01
6.000973582267761230e-01
6.000973582267761230e-01
6.000973582267761230e-01
6.000973582267761230e-01
6.000973582267761230e-01
6.000973582267761230e-01
6.000972986221313477e-01
6.000972986221313477e-01
6.000972390174865723e-01
6.000971794128417969e-01
6.000971198081970215e-01
6.000970602035522461e-01
6.000969409942626953e-01
6.000968813896179199e-01
6.000967621803283691e-01
6.000966429710388184e-01
6.000965237617492676e-01
6.000963449478149414e-01
6.000961661338806152e-01
6.000960469245910645e-01
6.000958681106567383e-01
6.000956892967224121e-01
6.000955104827880859e-01
6.000952720642089844e-01
6.000950932502746582e-01
6.000949144363403320e-01
6.000946760177612305e-01
6.000944972038269043e-01
6.000943183898925781e-01
6.000940799713134766e-01
6.000939011573791504e-01
6.000937223434448242e-01
6.000935435295104980e-01
6.000934243202209473e-01
6.000932455062866211e-01
6.000931262969970703e-01
6.000930070877075195e-01
6.000928878784179688e-01
6.000927686691284180e-01
6.000926494598388672e-01
6.000925898551940918e-01
6.000925302505493164e-01
6.000924706459045410e-01
6.000924706459045410e-01
6.000924110412597656e-01
6.000924110412597656e-01
6.000923514366149902e-01
6.000923514366149902e-01
6.000923514366149902e-01
6.000923514366149902e-01
6.000923514366149902e-01
6.000923514366149902e-01
6.000923514366149902e-01
6.000923514366149902e-01
6.000923514366149902e-01
6.000923514366149902e-01
6.000922918319702148e-01
6.000922918319702148e-01
6.000922322273254395e-01
6.000921726226806641e-01
6.000921130180358887e-01
6.000920534133911133e-01
6.000919938087463379e-01
6.000918745994567871e-01
6.000918149948120117e-01
6.000916957855224609e-01
6.000915169715881348e-01
6.000913977622985840e-01
6.000912785530090332e-01
6.000910997390747070e-01
6.000909209251403809e-01
6.000907421112060547e-01
6.000905632972717285e-01
6.000903844833374023e-01
6.000902056694030762e-01
6.000900268554687500e-01
6.000898480415344238e-01
6.000896096229553223e-01
6.000894308090209961e-01
6.000892519950866699e-01
6.000890731811523438e-01
6.000888943672180176e-01
6.000887751579284668e-01
6.000885963439941406e-01
6.000884771347045898e-01
6.000882983207702637e-01
6.000881791114807129e-01
6.000881195068359375e-01
6.000880002975463867e-01
6.000878810882568359e-01
6.000878214836120605e-01
6.000877618789672852e-01
6.000877022743225098e-01
6.000877022743225098e-01
6.000876426696777344e-01
6.000876426696777344e-01
6.000875830650329590e-01
6.000875830650329590e-01
6.000875830650329590e-01
6.000875830650329590e-01
6.000875830650329590e-01
6.000875830650329590e-01
6.000875830650329590e-01
6.000875830650329590e-01
6.000875830650329590e-01
6.000875830650329590e-01
6.000875830650329590e-01
6.000875234603881836e-01
6.000875234603881836e-01
6.000874638557434082e-01
6.000874042510986328e-01
6.000873446464538574e-01
6.000872850418090820e-01
6.000871658325195312e-01
6.000870466232299805e-01
6.000869274139404297e-01
6.000868678092956543e-01
6.000866889953613281e-01
6.000865697860717773e-01
6.000863909721374512e-01
6.000862717628479004e-01
6.000860929489135742e-01
6.000859141349792480e-01
6.000857353210449219e-01
6.000855565071105957e-01
6.000853776931762695e-01
6.000851988792419434e-01
6.000850200653076172e-01
6.000848412513732910e-01
6.000846624374389648e-01
6.000845432281494141e-01
6.000843644142150879e-01
6.000841856002807617e-01
6.000840663909912109e-01
6.000839471817016602e-01
6.000837683677673340e-01
6.000837087631225586e-01
6.000835895538330078e-01
6.000834703445434570e-01
6.000834107398986816e-01
6.000833511352539062e-01
6.000832915306091309e-01
6.000832319259643555e-01
6.000831723213195801e-01
6.000831723213195801e-01
6.000831723213195801e-01
6.000831127166748047e-01
6.000831127166748047e-01
6.000831127166748047e-01
6.000831127166748047e-01
6.000831127166748047e-01
6.000831127166748047e-01
6.000831127166748047e-01
6.000831127166748047e-01
6.000831127166748047e-01
6.000831127166748047e-01
6.000830531120300293e-01
6.000830531120300293e-01
6.000829935073852539e-01
6.000829935073852539e-01
6.000829339027404785e-01
6.000828742980957031e-01
6.000828146934509277e-01
6.000826954841613770e-01
6.000826358795166016e-01
6.000825166702270508e-01
6.000823974609375000e-01
6.000822782516479492e-01
6.000821590423583984e-01
6.000819802284240723e-01
6.000818610191345215e-01
6.000816822052001953e-01
6.000815033912658691e-01
6.000813841819763184e-01
6.000812053680419922e-01
6.000810265541076660e-01
6.000808477401733398e-01
6.000806689262390137e-01
6.000804901123046875e-01
6.000803709030151367e-01
6.000801920890808105e-01
6.000800132751464844e-01
6.000798940658569336e-01
6.000797748565673828e-01
6.000795960426330566e-01
6.000794768333435059e-01
6.000793576240539551e-01
6.000792980194091797e-01
6.000791788101196289e-01
6.000791192054748535e-01
6.000790596008300781e-01
6.000789999961853027e-01
6.000789403915405273e-01
6.000789403915405273e-01
6.000788807868957520e-01
6.000788807868957520e-01
6.000788807868957520e-01
6.000788211822509766e-01
6.000788211822509766e-01
6.000788211822509766e-01
6.000788211822509766e-01
6.000788211822509766e-01
6.000788211822509766e-01
6.000788211822509766e-01
6.000788211822509766e-01
6.000788211822509766e-01
6.000788211822509766e-01
6.000787615776062012e-01
6.000787615776062012e-01
6.000787019729614258e-01
6.000786423683166504e-01
6.000785827636718750e-01
6.000785231590270996e-01
6.000784635543823242e-01
6.000783443450927734e-01
6.000782847404479980e-01
6.000781655311584473e-01
6.000780463218688965e-01
6.000779271125793457e-01
6.000778079032897949e-01
6.000776290893554688e-01
6.000775098800659180e-01
6.000773310661315918e-01
6.000772118568420410e-01
6.000770330429077148e-01
6.000768542289733887e-01
6.000767350196838379e-01
6.000765562057495117e-01
6.000763773918151855e-01
6.000762581825256348e-01
6.000760793685913086e-01
6.000759601593017578e-01
6.000757813453674316e-01
6.000756621360778809e-01
6.000755429267883301e-01
6.000754237174987793e-01
6.000753045082092285e-01
6.000752449035644531e-01
6.000751256942749023e-01
6.000750660896301270e-01
6.000750064849853516e-01
6.000749468803405762e-01
6.000748872756958008e-01
6.000748872756958008e-01
6.000748276710510254e-01
6.000748276710510254e-01
6.000748276710510254e-01
6.000748276710510254e-01
6.000748276710510254e-01
6.000748276710510254e-01
6.000748276710510254e-01
6.000748276710510254e-01
6.000748276710510254e-01
6.000748276710510254e-01
6.000748276710510254e-01
6.000747680664062500e-01
6.000747680664062500e-01
6.000747680664062500e-01
6.000747084617614746e-01
6.000747084617614746e-01
6.000746488571166992e-01
6.000745892524719238e-01
6.000745296478271484e-01
6.000744700431823730e-01
6.000743508338928223e-01
6.000742912292480469e-01
6.000741720199584961e-01
6.000740528106689453e-01
6.000739336013793945e-01
6.000738143920898438e-01
6.000736951828002930e-01
6.000735163688659668e-01
6.000733971595764160e-01
6.000732183456420898e-01
6.000730991363525391e-01
6.000729203224182129e-01
6.000728011131286621e-01
6.000726222991943359e-01
6.000725030899047852e-01
6.000723242759704590e-01
6.000722050666809082e-01
6.000720262527465820e-01
6.000719070434570312e-01
6.000717878341674805e-01
6.000716686248779297e-01
6.000715494155883789e-01
6.000714898109436035e-01
6.000713706016540527e-01
6.000713109970092773e-01
6.000712513923645020e-01
6.000711321830749512e-01
6.000711321830749512e-01
6.000710725784301758e-01
6.000710129737854004e-01
6.000710129737854004e-01
6.000710129737854004e-01
6.000709533691406250e-01
6.000709533691406250e-01
6.000709533691406250e-01
6.000709533691406250e-01
6.000709533691406250e-01
6.000709533691406250e-01
6.000709533691406250e-01
6.000709533691406250e-01
6.000709533691406250e-01
6.000709533691406250e-01
6.000709533691406250e-01
6.000708937644958496e-01
6.000708937644958496e-01
6.000708341598510742e-01
6.000708341598510742e-01
6.000707745552062988e-01
6.000707149505615234e-01
6.000706553459167480e-01
6.000705361366271973e-01
6.000704765319824219e-01
6.000703573226928711e-01
6.000702381134033203e-01
6.000701189041137695e-01
6.000699996948242188e-01
6.000698804855346680e-01
6.000697612762451172e-01
6.000696420669555664e-01
6.000695228576660156e-01
6.000693440437316895e-01
6.000692248344421387e-01
6.000690460205078125e-01
6.000689268112182617e-01
6.000687479972839355e-01
6.000686287879943848e-01
6.000685095787048340e-01
6.000683307647705078e-01
6.000682115554809570e-01
6.000680923461914062e-01
6.000680327415466309e-01
6.000679135322570801e-01
6.000677943229675293e-01
6.000677347183227539e-01
6.000676751136779785e-01
6.000675559043884277e-01
6.000674962997436523e-01
6.000674962997436523e-01
6.000674366950988770e-01
6.000673770904541016e-01
6.000673770904541016e-01
6.000673770904541016e-01
6.000673174858093262e-01
6.000673174858093262e-01
6.000673174858093262e-01
6.000673174858093262e-01
6.000673174858093262e-01
6.000673174858093262e-01
6.000673174858093262e-01
6.000673174858093262e-01
6.000673174858093262e-01
6.000673174858093262e-01
6.000673174858093262e-01
6.000672578811645508e-01
6.000672578811645508e-01
6.000672578811645508e-01
6.000671982765197754e-01
6.000671386718750000e-01
6.000670790672302246e-01
6.000670194625854492e-01
6.000669598579406738e-01
6.000668406486511230e-01
6.000667810440063477e-01
6.000666618347167969e-01
6.000665426254272461e-01
6.000664234161376953e-01
6.000663042068481445e-01
6.000661849975585938e-01
6.000660657882690430e-01
6.000659465789794922e-01
6.000658273696899414e-01
6.000656485557556152e-01
6.000655293464660645e-01
6.000654101371765137e-01
6.000652313232421875e-01
6.000651121139526367e-01
6.000649929046630859e-01
6.000648736953735352e-01
6.000647544860839844e-01
6.000646352767944336e-01
6.000645160675048828e-01
6.000643968582153320e-01
6.000643372535705566e-01
6.000642180442810059e-01
6.000641584396362305e-01
6.000640988349914551e-01
6.000640392303466797e-01
6.000640392303466797e-01
6.000639796257019043e-01
6.000639200210571289e-01
6.000639200210571289e-01
6.000639200210571289e-01
6.000638604164123535e-01
6.000638604164123535e-01
6.000638604164123535e-01
6.000638604164123535e-01
6.000638604164123535e-01
6.000638604164123535e-01
6.000638604164123535e-01
6.000638604164123535e-01
6.000638604164123535e-01
6.000638604164123535e-01
6.000638604164123535e-01
6.000638604164123535e-01
6.000638008117675781e-01
6.000638008117675781e-01
6.000637412071228027e-01
6.000636816024780273e-01
6.000636219978332520e-01
6.000635623931884766e-01
6.000635027885437012e-01
6.000634431838989258e-01
6.000633239746093750e-01
6.000632643699645996e-01
6.000631451606750488e-01
6.000630259513854980e-01
6.000629067420959473e-01
6.000627875328063965e-01
6.000626683235168457e-01
6.000625491142272949e-01
6.000624299049377441e-01
6.000623106956481934e-01
6.000621914863586426e-01
6.000620722770690918e-01
6.000618934631347656e-01
6.000617742538452148e-01
6.000616550445556641e-01
6.000615358352661133e-01
6.000614166259765625e-01
6.000612974166870117e-01
6.000612378120422363e-01
6.000611186027526855e-01
6.000610589981079102e-01
6.000609397888183594e-01
6.000608801841735840e-01
6.000608205795288086e-01
6.000607609748840332e-01
6.000607609748840332e-01
6.000607013702392578e-01
6.000606417655944824e-01
6.000606417655944824e-01
6.000606417655944824e-01
6.000606417655944824e-01
6.000605821609497070e-01
6.000605821609497070e-01
6.000605821609497070e-01
6.000605821609497070e-01
6.000605821609497070e-01
6.000605821609497070e-01
6.000605821609497070e-01
6.000605821609497070e-01
6.000605821609497070e-01
6.000605821609497070e-01
6.000605821609497070e-01
6.000605225563049316e-01
6.000605225563049316e-01
6.000604629516601562e-01
6.000604629516601562e-01
6.000604033470153809e-01
6.000603437423706055e-01
6.000602841377258301e-01
6.000601649284362793e-01
6.000601053237915039e-01
6.000600457191467285e-01
6.000599265098571777e-01
6.000598073005676270e-01
6.000596880912780762e-01
6.000595688819885254e-01
6.000595092773437500e-01
6.000593900680541992e-01
6.000592708587646484e-01
6.000590920448303223e-01
6.000589728355407715e-01
6.000588536262512207e-01
6.000587344169616699e-01
6.000586152076721191e-01
6.000584959983825684e-01
6.000583767890930176e-01
6.000582575798034668e-01
6.000581979751586914e-01
6.000580787658691406e-01
6.000580191612243652e-01
6.000578999519348145e-01
6.000578403472900391e-01
6.000577807426452637e-01
6.000577211380004883e-01
6.000576615333557129e-01
6.000576019287109375e-01
6.000576019287109375e-01
6.000575423240661621e-01
6.000575423240661621e-01
6.000575423240661621e-01
6.000574827194213867e-01
6.000574827194213867e-01
6.000574827194213867e-01
6.000574827194213867e-01
6.000574827194213867e-01
6.000574827194213867e-01
6.000574827194213867e-01
6.000574827194213867e-01
6.000574827194213867e-01
6.000574827194213867e-01
6.000574827194213867e-01
6.000574827194213867e-01
6.000574231147766113e-01
6.000574231147766113e-01
6.000573635101318359e-01
6.000573635101318359e-01
6.000573039054870605e-01
6.000572443008422852e-01
6.000571846961975098e-01
6.000571250915527344e-01
6.000570058822631836e-01
6.000569462776184082e-01
6.000568270683288574e-01
6.000567674636840820e-01
6.000566482543945312e-01
6.000565290451049805e-01
6.000564098358154297e-01
6.000563502311706543e-01
6.000562310218811035e-01
6.000561118125915527e-01
6.000559926033020020e-01
6.000558733940124512e-01
6.000557541847229004e-01
6.000556349754333496e-01
6.000555157661437988e-01
6.000553965568542480e-01
6.000552773475646973e-01
6.000552177429199219e-01
6.000550985336303711e-01
6.000550389289855957e-01
6.000549197196960449e-01
6.000548601150512695e-01
6.000548005104064941e-01
6.000547409057617188e-01
6.000547409057617188e-01
6.000546813011169434e-01
6.000546216964721680e-01
6.000546216964721680e-01
6.000545620918273926e-01
6.000545620918273926e-01
6.000545620918273926e-01
6.000545620918273926e-01
6.000545620918273926e-01
6.000545620918273926e-01
6.000545620918273926e-01
6.000545620918273926e-01
6.000545620918273926e-01
6.000545620918273926e-01
6.000545620918273926e-01
6.000545620918273926e-01
6.000545620918273926e-01
6.000545024871826172e-01
6.000545024871826172e-01
6.000544428825378418e-01
6.000544428825378418e-01
6.000543832778930664e-01
6.000543832778930664e-01
6.000543236732482910e-01
6.000542640686035156e-01
6.000542044639587402e-01
6.000540852546691895e-01
6.000540256500244141e-01
6.000539660453796387e-01
6.000538468360900879e-01
6.000537276268005371e-01
6.000536680221557617e-01
6.000535488128662109e-01
6.000534296035766602e-01
6.000533103942871094e-01
6.000532507896423340e-01
6.000531315803527832e-01
6.000530123710632324e-01
6.000528931617736816e-01
6.000527739524841309e-01
6.000526547431945801e-01
6.000525951385498047e-01
6.000524759292602539e-01
6.000523567199707031e-01
6.000522971153259277e-01
6.000521779060363770e-01
6.000521183013916016e-01
6.000520586967468262e-01
6.000519990921020508e-01
6.000519394874572754e-01
6.000518798828125000e-01
6.000518798828125000e-01
6.000518202781677246e-01
6.000518202781677246e-01
6.000517606735229492e-01
6.000517606735229492e-01
6.000517606735229492e-01
6.000517606735229492e-01
6.000517606735229492e-01
6.000517606735229492e-01
6.000517606735229492e-01
6.000517606735229492e-01
6.000517606735229492e-01
6.000517606735229492e-01
6.000517606735229492e-01
6.000517606735229492e-01
6.000517606735229492e-01
6.000517010688781738e-01
6.000517010688781738e-01
6.000517010688781738e-01
6.000516414642333984e-01
6.000516414642333984e-01
6.000515818595886230e-01
6.000515222549438477e-01
6.000514626502990723e-01
6.000514030456542969e-01
6.000513434410095215e-01
6.000512838363647461e-01
6.000511646270751953e-01
6.000511050224304199e-01
6.000509858131408691e-01
6.000509262084960938e-01
6.000508069992065430e-01
6.000506877899169922e-01
6.000506281852722168e-01
6.000505089759826660e-01
6.000503897666931152e-01
6.000502705574035645e-01
6.000502109527587891e-01
6.000500917434692383e-01
6.000499725341796875e-01
6.000498533248901367e-01
6.000497937202453613e-01
6.000496745109558105e-01
6.000496149063110352e-01
6.000495553016662598e-01
6.000494360923767090e-01
6.000493764877319336e-01
6.000493168830871582e-01
6.000493168830871582e-01
6.000492572784423828e-01
6.000491976737976074e-01
6.000491976737976074e-01
6.000491380691528320e-01
6.000491380691528320e-01
6.000491380691528320e-01
6.000491380691528320e-01
6.000490784645080566e-01
6.000490784645080566e-01
6.000490784645080566e-01
6.000490784645080566e-01
6.000490784645080566e-01
6.000490784645080566e-01
6.000490784645080566e-01
6.000490784645080566e-01
6.000490784645080566e-01
6.000490784645080566e-01
6.000490784645080566e-01
6.000490784645080566e-01
6.000490188598632812e-01
6.000490188598632812e-01
6.000489592552185059e-01
6.000489592552185059e-01
6.000488996505737305e-01
6.000488400459289551e-01
6.000487804412841797e-01
6.000487208366394043e-01
6.000486612319946289e-01
6.000485420227050781e-01
6.000484824180603027e-01
6.000484228134155273e-01
6.000483036041259766e-01
6.000481843948364258e-01
6.000481247901916504e-01
6.000480055809020996e-01
6.000478863716125488e-01
6.000478267669677734e-01
6.000477075576782227e-01
6.000475883483886719e-01
6.000475287437438965e-01
6.000474095344543457e-01
6.000473499298095703e-01
6.000472307205200195e-01
6.000471711158752441e-01
6.000470519065856934e-01
6.000469923019409180e-01
6.000469326972961426e-01
6.000468730926513672e-01
6.000468134880065918e-01
6.000467538833618164e-01
6.000467538833618164e-01
6.000466942787170410e-01
6.000466346740722656e-01
6.000466346740722656e-01
6.000466346740722656e-01
6.000465750694274902e-01
6.000465750694274902e-01
6.000465750694274902e-01
6.000465750694274902e-01
6.000465750694274902e-01
6.000465750694274902e-01
6.000465750694274902e-01
6.000465750694274902e-01
6.000465750694274902e-01
6.000465750694274902e-01
6.000465750694274902e-01
6.000465750694274902e-01
6.000465750694274902e-01
6.000465154647827148e-01
6.000465154647827148e-01
6.000465154647827148e-01
6.000464558601379395e-01
6.000463962554931641e-01
6.000463962554931641e-01
6.000463366508483887e-01
6.000462770462036133e-01
6.000462174415588379e-01
6.000461578369140625e-01
6.000460982322692871e-01
6.000459790229797363e-01
6.000459194183349609e-01
6.000458598136901855e-01
6.000457406044006348e-01
6.000456213951110840e-01
6.000455617904663086e-01
6.000454425811767578e-01
6.000453829765319824e-01
6.000452637672424316e-01
6.000452041625976562e-01
6.000450849533081055e-01
6.000449657440185547e-01
6.000449061393737793e-01
6.000448465347290039e-01
6.000447273254394531e-01
6.000446677207946777e-01
6.000446081161499023e-01
6.000445485115051270e-01
6.000444889068603516e-01
6.000444293022155762e-01
6.000443696975708008e-01
6.000443100929260254e-01
6.000443100929260254e-01
6.000442504882812500e-01
6.000442504882812500e-01
6.000442504882812500e-01
6.000441908836364746e-01
6.000441908836364746e-01
6.000441908836364746e-01
6.000441908836364746e-01
6.000441908836364746e-01
6.000441908836364746e-01
6.000441908836364746e-01
6.000441908836364746e-01
6.000441908836364746e-01
6.000441908836364746e-01
6.000441908836364746e-01
6.000441908836364746e-01
6.000441908836364746e-01
6.000441312789916992e-01
6.000441312789916992e-01
6.000441312789916992e-01
6.000440716743469238e-01
6.000440716743469238e-01
6.000440120697021484e-01
6.000439524650573730e-01
6.000438928604125977e-01
6.000438332557678223e-01
6.000437736511230469e-01
6.000437140464782715e-01
6.000436544418334961e-01
6.000435948371887207e-01
6.000434756278991699e-01
6.000434160232543945e-01
6.000432968139648438e-01
6.000432372093200684e-01
6.000431180000305176e-01
6.000430583953857422e-01
6.000429391860961914e-01
6.000428795814514160e-01
6.000427603721618652e-01
6.000427007675170898e-01
6.000425815582275391e-01
6.000425219535827637e-01
6.000424623489379883e-01
6.000424027442932129e-01
6.000422835350036621e-01
6.000422239303588867e-01
6.000421643257141113e-01
6.000421643257141113e-01
6.000421047210693359e-01
6.000420451164245605e-01
6.000420451164245605e-01
6.000419855117797852e-01
6.000419855117797852e-01
6.000419855117797852e-01
6.000419259071350098e-01
6.000419259071350098e-01
6.000419259071350098e-01
6.000419259071350098e-01
6.000419259071350098e-01
6.000419259071350098e-01
6.000419259071350098e-01
6.000419259071350098e-01
6.000419259071350098e-01
6.000419259071350098e-01
6.000419259071350098e-01
6.000419259071350098e-01
6.000419259071350098e-01
6.000418663024902344e-01
6.000418663024902344e-01
6.000418663024902344e-01
6.000418066978454590e-01
6.000418066978454590e-01
6.000417470932006836e-01
6.000416874885559082e-01
6.000416874885559082e-01
6.000416278839111328e-01
6.000415682792663574e-01
6.000414490699768066e-01
6.000413894653320312e-01
6.000413298606872559e-01
6.000412702560424805e-01
6.000411510467529297e-01
6.000410914421081543e-01
6.000410318374633789e-01
6.000409126281738281e-01
6.000408530235290527e-01
6.000407338142395020e-01
6.000406742095947266e-01
6.000406146049499512e-01
6.000404953956604004e-01
6.000404357910156250e-01
6.000403761863708496e-01
6.000402569770812988e-01
6.000401973724365234e-01
6.000401377677917480e-01
6.000400781631469727e-01
6.000400185585021973e-01
6.000399589538574219e-01
6.000399589538574219e-01
6.000398993492126465e-01
6.000398993492126465e-01
6.000398397445678711e-01
6.000398397445678711e-01
6.000398397445678711e-01
6.000397801399230957e-01
6.000397801399230957e-01
6.000397801399230957e-01
6.000397801399230957e-01
6.000397801399230957e-01
6.000397801399230957e-01
6.000397801399230957e-01
6.000397801399230957e-01
6.000397801399230957e-01
6.000397801399230957e-01
6.000397801399230957e-01
6.000397801399230957e-01
6.000397801399230957e-01
6.000397205352783203e-01
6.000397205352783203e-01
6.000397205352783203e-01
6.000396609306335449e-01
6.000396609306335449e-01
6.000396013259887695e-01
6.000396013259887695e-01
6.000395417213439941e-01
6.000394821166992188e-01
6.000394225120544434e-01
6.000393629074096680e-01
6.000393033027648926e-01
6.000392436981201172e-01
6.000391244888305664e-01
6.000390648841857910e-01
6.000390052795410156e-01
6.000388860702514648e-01
6.000388264656066895e-01
6.000387668609619141e-01
6.000386476516723633e-01
6.000385880470275879e-01
6.000385284423828125e-01
6.000384092330932617e-01
6.000383496284484863e-01
6.000382900238037109e-01
6.000382304191589355e-01
6.000381708145141602e-01
6.000381112098693848e-01
6.000380516052246094e-01
6.000379920005798340e-01
6.000379323959350586e-01
6.000378727912902832e-01
6.000378727912902832e-01
6.000378131866455078e-01
6.000378131866455078e-01
6.000378131866455078e-01
6.000377535820007324e-01
6.000377535820007324e-01
6.000377535820007324e-01
6.000377535820007324e-01
6.000377535820007324e-01
6.000377535820007324e-01
6.000377535820007324e-01
6.000377535820007324e-01
6.000377535820007324e-01
6.000377535820007324e-01
6.000377535820007324e-01
6.000377535820007324e-01
6.000377535820007324e-01
6.000376939773559570e-01
6.000376939773559570e-01
6.000376939773559570e-01
6.000376939773559570e-01
6.000376343727111816e-01
6.000376343727111816e-01
6.000375747680664062e-01
6.000375151634216309e-01
6.000375151634216309e-01
6.000374555587768555e-01
6.000373959541320801e-01
6.000373363494873047e-01
6.000372767448425293e-01
6.000372171401977539e-01
6.000371575355529785e-01
6.000370979309082031e-01
6.000369787216186523e-01
6.000369191169738770e-01
6.000368595123291016e-01
6.000367403030395508e-01
6.000366806983947754e-01
6.000366210937500000e-01
6.000365614891052246e-01
6.000364422798156738e-01
6.000363826751708984e-01
6.000363230705261230e-01
6.000362634658813477e-01
6.000362038612365723e-01
6.000361442565917969e-01
6.000360846519470215e-01
6.000360250473022461e-01
6.000360250473022461e-01
6.000359654426574707e-01
6.000359058380126953e-01
6.000359058380126953e-01
6.000358462333679199e-01
6.000358462333679199e-01
6.000358462333679199e-01
6.000358462333679199e-01
6.000358462333679199e-01
6.000357866287231445e-01
6.000357866287231445e-01
6.000357866287231445e-01
6.000357866287231445e-01
6.000357866287231445e-01
6.000357866287231445e-01
6.000357866287231445e-01
6.000357866287231445e-01
6.000357866287231445e-01
6.000357866287231445e-01
6.000357866287231445e-01
6.000357866287231445e-01
6.000357866287231445e-01
6.000357270240783691e-01
6.000357270240783691e-01
6.000356674194335938e-01
6.000356674194335938e-01
6.000356078147888184e-01
6.000356078147888184e-01
6.000355482101440430e-01
6.000354886054992676e-01
6.000354290008544922e-01
6.000353693962097168e-01
6.000353097915649414e-01
6.000352501869201660e-01
6.000351905822753906e-01
6.000351309776306152e-01
6.000350117683410645e-01
6.000349521636962891e-01
6.000348925590515137e-01
6.000348329544067383e-01
6.000347137451171875e-01
6.000346541404724121e-01
6.000345945358276367e-01
6.000345349311828613e-01
6.000344753265380859e-01
6.000344157218933105e-01
6.000343561172485352e-01
6.000342965126037598e-01
6.000342369079589844e-01
6.000341773033142090e-01
6.000341773033142090e-01
6.000341176986694336e-01
6.000340580940246582e-01
6.000340580940246582e-01
6.000340580940246582e-01
6.000339984893798828e-01
6.000339984893798828e-01
6.000339984893798828e-01
6.000339984893798828e-01
6.000339984893798828e-01
6.000339984893798828e-01
6.000339984893798828e-01
6.000339984893798828e-01
6.000339984893798828e-01
6.000339984893798828e-01
6.000339984893798828e-01
6.000339984893798828e-01
6.000339388847351074e-01
6.000339388847351074e-01
6.000339388847351074e-01
6.000339388847351074e-01
6.000339388847351074e-01
6.000339388847351074e-01
6.000338792800903320e-01
6.000338792800903320e-01
6.000338196754455566e-01
6.000338196754455566e-01
6.000337600708007812e-01
6.000337004661560059e-01
6.000336408615112305e-01
6.000336408615112305e-01
6.000335812568664551e-01
6.000335216522216797e-01
6.000334620475769043e-01
6.000334024429321289e-01
6.000332832336425781e-01
6.000332236289978027e-01
6.000331640243530273e-01
6.000331044197082520e-01
6.000330448150634766e-01
6.000329852104187012e-01
6.000328660011291504e-01
6.000328063964843750e-01
6.000327467918395996e-01
6.000326871871948242e-01
6.000326275825500488e-01
6.000325679779052734e-01
6.000325083732604980e-01
6.000325083732604980e-01
6.000324487686157227e-01
6.000323891639709473e-01
6.000323891639709473e-01
6.000323295593261719e-01
6.000323295593261719e-01
6.000322699546813965e-01
6.000322699546813965e-01
6.000322699546813965e-01
6.000322699546813965e-01
6.000322103500366211e-01
6.000322103500366211e-01
6.000322103500366211e-01
6.000322103500366211e-01
6.000322103500366211e-01
6.000322103500366211e-01
6.000322103500366211e-01
6.000322103500366211e-01
6.000322103500366211e-01
6.000322103500366211e-01
6.000322103500366211e-01
6.000322103500366211e-01
6.000322103500366211e-01
6.000322103500366211e-01
6.000321507453918457e-01
6.000321507453918457e-01
6.000321507453918457e-01
6.000320911407470703e-01
6.000320911407470703e-01
6.000320315361022949e-01
6.000319719314575195e-01
6.000319719314575195e-01
6.000319123268127441e-01
6.000318527221679688e-01
6.000317931175231934e-01
6.000317335128784180e-01
6.000316739082336426e-01
6.000316143035888672e-01
6.000315546989440918e-01
6.000314950942993164e-01
6.000314354896545410e-01
6.000313162803649902e-01
6.000312566757202148e-01
6.000311970710754395e-01
6.000311374664306641e-01
6.000310778617858887e-01
6.000310182571411133e-01
6.000309586524963379e-01
6.000308990478515625e-01
6.000308394432067871e-01
6.000308394432067871e-01
6.000307798385620117e-01
6.000307202339172363e-01
6.000307202339172363e-01
6.000306606292724609e-01
6.000306606292724609e-01
6.000306606292724609e-01
6.000306010246276855e-01
6.000306010246276855e-01
6.000306010246276855e-01
6.000306010246276855e-01
6.000306010246276855e-01
6.000306010246276855e-01
6.000306010246276855e-01
6.000306010246276855e-01
6.000306010246276855e-01
6.000306010246276855e-01
6.000306010246276855e-01
6.000306010246276855e-01
6.000306010246276855e-01
6.000306010246276855e-01
6.000305414199829102e-01
6.000305414199829102e-01
6.000305414199829102e-01
6.000305414199829102e-01
6.000304818153381348e-01
6.000304818153381348e-01
6.000304818153381348e-01
6.000304222106933594e-01
6.000303626060485840e-01
6.000303626060485840e-01
6.000303030014038086e-01
6.000302433967590332e-01
6.000301837921142578e-01
6.000301837921142578e-01
6.000301241874694824e-01
6.000300645828247070e-01
6.000300049781799316e-01
6.000299453735351562e-01
6.000298857688903809e-01
6.000298261642456055e-01
6.000297665596008301e-01
6.000296473503112793e-01
6.000295877456665039e-01
6.000295281410217285e-01
6.000294685363769531e-01
6.000294089317321777e-01
6.000294089317321777e-01
6.000293493270874023e-01
6.000292897224426270e-01
6.000292301177978516e-01
6.000292301177978516e-01
6.000291705131530762e-01
6.000291109085083008e-01
6.000291109085083008e-01
6.000291109085083008e-01
6.000290513038635254e-01
6.000290513038635254e-01
6.000290513038635254e-01
6.000290513038635254e-01
6.000289916992187500e-01
6.000289916992187500e-01
6.000289916992187500e-01
6.000289916992187500e-01
6.000289916992187500e-01
6.000289916992187500e-01
6.000289916992187500e-01
6.000289916992187500e-01
6.000289916992187500e-01
6.000289916992187500e-01
6.000289916992187500e-01
6.000289916992187500e-01
6.000289916992187500e-01
6.000289916992187500e-01
6.000289916992187500e-01
6.000289320945739746e-01
6.000289320945739746e-01
6.000288724899291992e-01
6.000288724899291992e-01
6.000288128852844238e-01
6.000288128852844238e-01
6.000287532806396484e-01
6.000286936759948730e-01
6.000286936759948730e-01
6.000286340713500977e-01
6.000285744667053223e-01
6.000285148620605469e-01
6.000284552574157715e-01
6.000283956527709961e-01
6.000283360481262207e-01
6.000282764434814453e-01
6.000282168388366699e-01
6.000281572341918945e-01
6.000280976295471191e-01
6.000280380249023438e-01
6.000279784202575684e-01
6.000279188156127930e-01
6.000278592109680176e-01
6.000278592109680176e-01
6.000277996063232422e-01
6.000277400016784668e-01
6.000276803970336914e-01
6.000276803970336914e-01
6.000276207923889160e-01
6.000276207923889160e-01
6.000276207923889160e-01
6.000275611877441406e-01
6.000275611877441406e-01
6.000275611877441406e-01
6.000275611877441406e-01
6.000275611877441406e-01
6.000275015830993652e-01
6.000275015830993652e-01
6.000275015830993652e-01
6.000275015830993652e-01
6.000275015830993652e-01
6.000275015830993652e-01
6.000275015830993652e-01
6.000275015830993652e-01
6.000275015830993652e-01
6.000275015830993652e-01
6.000275015830993652e-01
6.000275015830993652e-01
6.000275015830993652e-01
6.000275015830993652e-01
6.000274419784545898e-01
6.000274419784545898e-01
6.000274419784545898e-01
6.000273823738098145e-01
6.000273823738098145e-01
6.000273227691650391e-01
6.000272631645202637e-01
6.000272631645202637e-01
6.000272035598754883e-01
6.000271439552307129e-01
6.000270843505859375e-01
6.000270247459411621e-01
6.000270247459411621e-01
6.000269651412963867e-01
6.000269055366516113e-01
6.000268459320068359e-01
6.000267863273620605e-01
6.000267267227172852e-01
6.000266671180725098e-01
6.000266075134277344e-01
6.000265479087829590e-01
6.000264883041381836e-01
6.000264286994934082e-01
6.000264286994934082e-01
6.000263690948486328e-01
6.000263094902038574e-01
6.000263094902038574e-01
6.000262498855590820e-01
6.000262498855590820e-01
6.000261902809143066e-01
6.000261902809143066e-01
6.000261902809143066e-01
6.000261306762695312e-01
6.000261306762695312e-01
6.000261306762695312e-01
6.000261306762695312e-01
6.000261306762695312e-01
6.000261306762695312e-01
6.000261306762695312e-01
6.000261306762695312e-01
6.000261306762695312e-01
6.000261306762695312e-01
6.000261306762695312e-01
6.000261306762695312e-01
6.000261306762695312e-01
6.000261306762695312e-01
6.000261306762695312e-01
6.000260710716247559e-01
6.000260710716247559e-01
6.000260710716247559e-01
6.000260710716247559e-01
6.000260114669799805e-01
6.000260114669799805e-01
6.000260114669799805e-01
6.000259518623352051e-01
6.000259518623352051e-01
6.000258922576904297e-01
6.000258326530456543e-01
6.000258326530456543e-01
6.000257730484008789e-01
6.000257134437561035e-01
6.000256538391113281e-01
6.000255942344665527e-01
6.000255346298217773e-01
6.000255346298217773e-01
6.000254750251770020e-01
6.000254154205322266e-01
6.000253558158874512e-01
6.000252962112426758e-01
6.000252366065979004e-01
6.000251770019531250e-01
6.000251173973083496e-01
6.000251173973083496e-01
6.000250577926635742e-01
6.000249981880187988e-01
6.000249981880187988e-01
6.000249385833740234e-01
6.000249385833740234e-01
6.000248789787292480e-01
6.000248789787292480e-01
6.000248193740844727e-01
6.000248193740844727e-01
6.000248193740844727e-01
6.000248193740844727e-01
6.000247597694396973e-01
6.000247597694396973e-01
6.000247597694396973e-01
6.000247597694396973e-01
6.000247597694396973e-01
6.000247597694396973e-01
6.000247597694396973e-01
6.000247597694396973e-01
6.000247597694396973e-01
6.000247597694396973e-01
6.000247597694396973e-01
6.000247597694396973e-01
6.000247597694396973e-01
6.000247597694396973e-01
6.000247597694396973e-01
6.000247597694396973e-01
6.000247001647949219e-01
6.000247001647949219e-01
6.000247001647949219e-01
6.000246405601501465e-01
6.000246405601501465e-01
6.000245809555053711e-01
6.000245809555053711e-01
6.000245213508605957e-01
6.000244617462158203e-01
6.000244617462158203e-01
6.000244021415710449e-01
6.000243425369262695e-01
6.000242829322814941e-01
6.000242829322814941e-01
6.000242233276367188e-01
6.000241637229919434e-01
6.000241041183471680e-01
6.000240445137023926e-01
6.000239849090576172e-01
6.000239253044128418e-01
6.000239253044128418e-01
6.000238656997680664e-01
6.000238060951232910e-01
6.000237464904785156e-01
6.000237464904785156e-01
6.000236868858337402e-01
6.000236868858337402e-01
6.000236272811889648e-01
6.000236272811889648e-01
6.000235676765441895e-01
6.000235676765441895e-01
6.000235676765441895e-01
6.000235676765441895e-01
6.000235080718994141e-01
6.000235080718994141e-01
6.000235080718994141e-01
6.000235080718994141e-01
6.000235080718994141e-01
6.000235080718994141e-01
6.000235080718994141e-01
6.000235080718994141e-01
6.000235080718994141e-01
6.000235080718994141e-01
6.000235080718994141e-01
6.000235080718994141e-01
6.000235080718994141e-01
6.000235080718994141e-01
6.000235080718994141e-01
6.000235080718994141e-01
6.000234484672546387e-01
6.000234484672546387e-01
6.000234484672546387e-01
6.000233888626098633e-01
6.000233888626098633e-01
6.000233888626098633e-01
6.000233292579650879e-01
6.000233292579650879e-01
6.000232696533203125e-01
6.000232100486755371e-01
6.000232100486755371e-01
6.000231504440307617e-01
6.000230908393859863e-01
6.000230312347412109e-01
6.000230312347412109e-01
6.000229716300964355e-01
6.000229120254516602e-01
6.000228524208068848e-01
6.000227928161621094e-01
6.000227928161621094e-01
6.000227332115173340e-01
6.000226736068725586e-01
6.000226140022277832e-01
6.000226140022277832e-01
6.000225543975830078e-01
6.000224947929382324e-01
6.000224947929382324e-01
6.000224351882934570e-01
6.000224351882934570e-01
6.000223755836486816e-01
6.000223755836486816e-01
6.000223755836486816e-01
6.000223159790039062e-01
6.000223159790039062e-01
6.000223159790039062e-01
6.000223159790039062e-01
6.000223159790039062e-01
6.000223159790039062e-01
6.000223159790039062e-01
6.000223159790039062e-01
6.000223159790039062e-01
6.000223159790039062e-01
6.000223159790039062e-01
6.000223159790039062e-01
6.000223159790039062e-01
6.000223159790039062e-01
6.000223159790039062e-01
6.000223159790039062e-01
6.000222563743591309e-01
6.000222563743591309e-01
6.000222563743591309e-01
6.000222563743591309e-01
6.000222563743591309e-01
6.000221967697143555e-01
6.000221967697143555e-01
6.000221967697143555e-01
6.000221371650695801e-01
6.000221371650695801e-01
6.000220775604248047e-01
6.000220179557800293e-01
6.000220179557800293e-01
6.000219583511352539e-01
6.000218987464904785e-01
6.000218987464904785e-01
6.000218391418457031e-01
6.000217795372009277e-01
6.000217199325561523e-01
6.000217199325561523e-01
6.000216603279113770e-01
6.000216007232666016e-01
6.000215411186218262e-01
6.000215411186218262e-01
6.000214815139770508e-01
6.000214219093322754e-01
6.000214219093322754e-01
6.000213623046875000e-01
6.000213623046875000e-01
6.000213027000427246e-01
6.000213027000427246e-01
6.000212430953979492e-01
6.000212430953979492e-01
6.000212430953979492e-01
6.000211834907531738e-01
6.000211834907531738e-01
6.000211834907531738e-01
6.000211834907531738e-01
6.000211834907531738e-01
6.000211834907531738e-01
6.000211834907531738e-01
6.000211834907531738e-01
6.000211834907531738e-01
6.000211834907531738e-01
6.000211834907531738e-01
6.000211834907531738e-01
6.000211834907531738e-01
6.000211834907531738e-01
6.000211834907531738e-01
6.000211238861083984e-01
6.000211238861083984e-01
6.000211238861083984e-01
6.000211238861083984e-01
6.000211238861083984e-01
6.000211238861083984e-01
6.000210642814636230e-01
6.000210642814636230e-01
6.000210642814636230e-01
6.000210046768188477e-01
6.000210046768188477e-01
6.000209450721740723e-01
6.000208854675292969e-01
6.000208854675292969e-01
6.000208258628845215e-01
6.000208258628845215e-01
6.000207662582397461e-01
6.000207066535949707e-01
6.000206470489501953e-01
6.000206470489501953e-01
6.000206470489501953e-01
