8.944492583395913243e-05
8.939868712332099676e-05
8.937578240875154734e-05
8.935204823501408100e-05
8.933213393902406096e-05
8.930744661483913660e-05
8.928065653890371323e-05
8.924509893404319882e-05
8.920617256080731750e-05
8.915516809793189168e-05
8.909711323212832212e-05
8.902923582354560494e-05
8.894675556803122163e-05
8.886098657967522740e-05
8.875289495335891843e-05
8.864841947797685862e-05
8.852322207530960441e-05
8.839382644509896636e-05
8.825259283185005188e-05
8.810219151200726628e-05
8.794810128165408969e-05
8.778081974014639854e-05
8.761813660385087132e-05
8.744319347897544503e-05
8.727249951334670186e-05
8.709447865840047598e-05
8.692179835634306073e-05
8.674871060065925121e-05
8.657738362671807408e-05
8.641472959425300360e-05
8.625371992820873857e-05
8.610234363004565239e-05
8.595212420914322138e-05
8.582005830248817801e-05
8.569021156290546060e-05
8.557450200896710157e-05
8.546796016162261367e-05
8.537244139006361365e-05
8.528769831173121929e-05
8.521035488229244947e-05
8.514970249962061644e-05
8.509323379257693887e-05
8.505174628226086497e-05
8.501718548359349370e-05
8.499037357978522778e-05
8.497326052747666836e-05
8.496220834786072373e-05
8.495475776726379991e-05
8.495119982399046421e-05
8.495084330206736922e-05
8.495161455357447267e-05
8.495298970956355333e-05
8.494986832374706864e-05
8.494386565871536732e-05
8.493061613989993930e-05
8.491196058457717299e-05
8.488749153912067413e-05
8.485381840728223324e-05
8.481573604512959719e-05
8.476206130580976605e-05
8.470433385809883475e-05
8.463094127364456654e-05
8.454889757558703423e-05
8.445505227427929640e-05
8.434786286670714617e-05
8.423581311944872141e-05
8.410256850766018033e-05
8.397219062317162752e-05
8.382040687138214707e-05
8.367095870198681951e-05
8.350510324817150831e-05
8.333948790095746517e-05
8.316688035847619176e-05
8.298696775455027819e-05
8.281033660750836134e-05
8.262369374278932810e-05
8.244854689110070467e-05
8.226268255384638906e-05
8.209251973312348127e-05
8.191892993636429310e-05
8.175282709999009967e-05
8.159416756825521588e-05
8.143884042510762811e-05
8.129928028210997581e-05
8.115830132737755775e-05
8.104093285510316491e-05
8.092337520793080330e-05
8.082366548478603363e-05
8.073054777923971415e-05
8.064933354035019875e-05
8.058062667259946465e-05
8.051739132497459650e-05
8.047169103519991040e-05
8.042995614232495427e-05
8.039957174332812428e-05
8.037746738409623504e-05
8.036189683480188251e-05
8.035250357352197170e-05
8.034913480514660478e-05
8.034717757254838943e-05
8.034542406676337123e-05
8.034388156374916434e-05
8.034022903302684426e-05
8.033598714973777533e-05
8.032771438593044877e-05
8.031567267607897520e-05
8.029828313738107681e-05
8.027272269828245044e-05
8.024238923098891973e-05
8.019976667128503323e-05
8.015313505893573165e-05
8.009232988115400076e-05
8.002473623491823673e-05
7.994666520971804857e-05
7.985797856235876679e-05
7.975995686138048768e-05
7.964928227011114359e-05
7.953440945129841566e-05
7.940440264064818621e-05
7.927455590106546879e-05
7.913244189694523811e-05
7.899027696112170815e-05
7.883673242758959532e-05
7.868377724662423134e-05
7.852628186810761690e-05
7.836724398657679558e-05
7.821089820936322212e-05
7.805063069099560380e-05
7.790360541548579931e-05
7.774888945277780294e-05
7.760799053357914090e-05
7.746670598862692714e-05
7.733549864497035742e-05
7.721145084360614419e-05
7.709316560067236423e-05
7.699106936343014240e-05
7.688721962040290236e-05
7.680557610001415014e-05
7.672379433643072844e-05
7.665854354854673147e-05
7.659864058950915933e-05
7.654912042198702693e-05
7.651052146684378386e-05
7.647722668480128050e-05
7.645418372703716159e-05
7.643762364750728011e-05
7.642633136129006743e-05
7.641934644198045135e-05
7.641768752364441752e-05
7.641758566023781896e-05
7.641837873961776495e-05
7.641967386007308960e-05
7.641781121492385864e-05
7.641282718395814300e-05
7.640328112756833434e-05
7.638670649612322450e-05
7.636718510184437037e-05
7.633785571670159698e-05
7.630413892911747098e-05
7.625733996974304318e-05
7.620846736244857311e-05
7.614077912876382470e-05
7.607354928040876985e-05
7.598820957355201244e-05
7.589763845317065716e-05
7.579472730867564678e-05
7.568187720607966185e-05
7.556249329354614019e-05
7.542961247963830829e-05
7.529623690061271191e-05
7.515012839576229453e-05
7.500251376768574119e-05
7.484477828256785870e-05
7.468953845091164112e-05
7.452807039953768253e-05
7.436657324433326721e-05
7.420634210575371981e-05
7.404709322145208716e-05
7.388940866803750396e-05
7.373355037998408079e-05
7.358676521107554436e-05
7.344056939473375678e-05
7.330688094953075051e-05
7.317768177017569542e-05
7.305954204639419913e-05
7.294738315977156162e-05
7.284428284037858248e-05
7.275372627191245556e-05
7.266691682161763310e-05
7.259850099217146635e-05
7.253278454300016165e-05
7.248244946822524071e-05
7.243639265652745962e-05
7.240014383569359779e-05
7.237312820507213473e-05
7.235279917949810624e-05
7.233866199385374784e-05
7.233147334773093462e-05
7.232779898913577199e-05
7.232549978652969003e-05
7.232498319353908300e-05
7.232344069052487612e-05
7.232131611090153456e-05
7.231668132590129972e-05
7.231008203234523535e-05
7.229804759845137596e-05
7.228342292364686728e-05
7.226142770377919078e-05
7.223335705930367112e-05
7.219691906357184052e-05
7.215400546556338668e-05
7.209858449641615152e-05
7.204118446679785848e-05
7.196552905952557921e-05
7.189063035184517503e-05
7.179868407547473907e-05
7.170363824116066098e-05
7.159637607401236892e-05
7.148320582928135991e-05
7.136484055081382394e-05
7.123429531930014491e-05
7.110635488061234355e-05
7.096368790371343493e-05
7.082996307872235775e-05
7.068361446727067232e-05
7.054420711938291788e-05
7.040087803034111857e-05
7.025803643045946956e-05
7.012041896814480424e-05
6.998039316385984421e-05
6.985276559134945273e-05
6.972031405894085765e-05
6.960576865822076797e-05
6.949009548407047987e-05
6.938583101145923138e-05
6.928816583240404725e-05
6.919762381585314870e-05
6.911941454745829105e-05
6.904370820848271251e-05
6.898539868416264653e-05
6.892785313539206982e-05
6.888555071782320738e-05
6.884715548949316144e-05
6.881725857965648174e-05
6.879576540086418390e-05
6.877927080495283008e-05
6.876801489852368832e-05
6.876289262436330318e-05
6.876051338622346520e-05
6.876004044897854328e-05
6.876150291645899415e-05
6.876203406136482954e-05
6.876130646560341120e-05
6.875646795378997922e-05
6.874940299894660711e-05
6.873600068502128124e-05
6.871801451779901981e-05
6.869430944789201021e-05
6.866256444482132792e-05
6.862507871119305491e-05
6.857846165075898170e-05
6.852433580206707120e-05
6.846088217571377754e-05
6.838643457740545273e-05
6.830641359556466341e-05
6.821203714935109019e-05
6.811598723288625479e-05
6.800627306802198291e-05
6.789511826355010271e-05
6.777028465876355767e-05
6.764414138160645962e-05
6.750935426680371165e-05
6.737167859682813287e-05
6.723083788529038429e-05
6.708556611556559801e-05
6.694575859000906348e-05
6.679597572656348348e-05
6.665765249636024237e-05
6.651316653005778790e-05
6.637773185502737761e-05
6.624289380852133036e-05
6.611417484236881137e-05
6.599487096536904573e-05
6.587403913727030158e-05
6.577125168405473232e-05
6.566692172782495618e-05
6.557877350132912397e-05
6.549377576448023319e-05
6.542020855704322457e-05
6.535579450428485870e-05
6.529613892780616879e-05
6.525088247144594789e-05
6.520783063024282455e-05
6.517761357827112079e-05
6.515198765555396676e-05
6.513314292533323169e-05
6.512157415272668004e-05
6.511464744107797742e-05
6.511071114800870419e-05
6.510885577881708741e-05
6.510855018859729171e-05
6.510690582217648625e-05
6.510567618533968925e-05
6.510125967906787992e-05
6.509559898404404521e-05
6.508559454232454300e-05
6.507145735668018460e-05
6.505288183689117432e-05
6.502642645500600338e-05
6.499631854239851236e-05
6.495542766060680151e-05
6.490938540082424879e-05
6.485427002189680934e-05
6.478943396359682083e-05
6.471998494816944003e-05
6.463613681262359023e-05
6.455260154325515032e-05
6.445380131481215358e-05
6.435481918742880225e-05
6.424440653063356876e-05
6.413103983504697680e-05
6.401191058102995157e-05
6.388732435880228877e-05
6.376292731147259474e-05
6.363396823871880770e-05
6.350519834086298943e-05
6.337293598335236311e-05
6.324680725811049342e-05
6.311830657068639994e-05
6.299584492808207870e-05
6.287625728873535991e-05
6.276246131164953113e-05
6.265262345550581813e-05
6.254792970139533281e-05
6.245321856113150716e-05
6.236014451133087277e-05
6.228234997252002358e-05
6.220684008440002799e-05
6.214394670678302646e-05
6.208488775882869959e-05
6.203541852300986648e-05
6.199393101269379258e-05
6.195739115355536342e-05
6.193167064338922501e-05
6.191050488268956542e-05
6.189453415572643280e-05
6.188506085891276598e-05
6.187958206282928586e-05
6.187689723446965218e-05
6.187666440382599831e-05
6.187800318002700806e-05
6.187813414726406336e-05
6.187811959534883499e-05
6.187453982420265675e-05
6.186801329022273421e-05
6.185739039210602641e-05
6.184072117321193218e-05
6.182091601658612490e-05
6.179195770528167486e-05
6.176144961500540376e-05
6.171727727632969618e-05
6.167271931190043688e-05
6.161370401969179511e-05
6.155168375698849559e-05
6.147789827082306147e-05
6.139778997749090195e-05
6.131108239060267806e-05
6.121267506387084723e-05
6.111340917414054275e-05
6.099980600993148983e-05
6.089031739975325763e-05
6.076704084989614785e-05
6.064765693736262619e-05
6.052074240869842470e-05
6.039247455191798508e-05
6.026417031534947455e-05
6.013246093061752617e-05
6.000680878059938550e-05
5.987553595332428813e-05
5.975653766654431820e-05
5.963398871244862676e-05
5.952072388026863337e-05
5.941016570432111621e-05
5.930574843659996986e-05
5.920994226471520960e-05
5.911670450586825609e-05
5.903752753511071205e-05
5.895922731724567711e-05
5.889544991077855229e-05
5.883379708393476903e-05
5.878429510630667210e-05
5.874003909411840141e-05
5.870286986464634538e-05
5.867486106581054628e-05
5.865137791261076927e-05
5.863483238499611616e-05
5.862440593773499131e-05
5.861759564140811563e-05
5.861363388248719275e-05
5.861269164597615600e-05
5.861192039446905255e-05
5.861119643668644130e-05
5.860955570824444294e-05
5.860638339072465897e-05
5.860050441697239876e-05
5.859231896465644240e-05
5.857869837200269103e-05
5.856289863004349172e-05
5.853982656844891608e-05
5.851238165632821620e-05
5.847539796377532184e-05
5.843569306307472289e-05
5.838321158080361784e-05
5.832904571434482932e-05
5.826348206028342247e-05
5.819389480166137218e-05
5.811388473375700414e-05
5.802854138892143965e-05
5.793661330244503915e-05
5.783739470643922687e-05
5.773565862909890711e-05
5.762511500506661832e-05
5.751871503889560699e-05
5.740094275097362697e-05
5.728802352678030729e-05
5.716874147765338421e-05
5.705269359168596566e-05
5.693568527931347489e-05
5.682006303686648607e-05
5.671110557159408927e-05
5.659728776663541794e-05
5.649780359817668796e-05
5.639504161081276834e-05
5.630368468700908124e-05
5.621448872261680663e-05
5.613338726107031107e-05
5.606067497865296900e-05
5.599009091383777559e-05
5.593353125732392073e-05
5.587678970186971128e-05
5.583485472016036510e-05
5.579427670454606414e-05
5.576341936830431223e-05
5.573806629399769008e-05
5.571736619458533823e-05
5.570363646256737411e-05
5.569424683926627040e-05
5.568853157456032932e-05
5.568574852077290416e-05
5.568607957684434950e-05
5.568679625866934657e-05
5.568759297602809966e-05
5.568718916038051248e-05
5.568484630202874541e-05
5.567859261645935476e-05
5.567009429796598852e-05
5.565628089243546128e-05
5.563834201893769205e-05
5.561484067584387958e-05
5.558535485761240125e-05
5.554875315283425152e-05
5.550770947593264282e-05
5.545494059333577752e-05
5.540136407944373786e-05
5.533391959033906460e-05
5.526542372535914183e-05
5.518537363968789577e-05
5.510127812158316374e-05
5.500992483575828373e-05
5.491200863616541028e-05
5.481142579810693860e-05
5.470477481139823794e-05
5.459510430227965117e-05
5.448041702038608491e-05
5.436727951746433973e-05
5.424938353826291859e-05
5.413486724137328565e-05
5.401928137871436775e-05
5.390750447986647487e-05
5.379528010962530971e-05
5.368717029341496527e-05
5.358406269806437194e-05
5.348251943360082805e-05
5.339137715054675937e-05
5.330202475306577981e-05
5.322361539583653212e-05
5.314738518791273236e-05
5.308028994477353990e-05
5.301989949657581747e-05
5.296469316817820072e-05
5.292014247970655560e-05
5.287808016873896122e-05
5.284782309900037944e-05
5.281997800921089947e-05
5.279920515022240579e-05
5.278454045765101910e-05
5.277444506646133959e-05
5.276789306662976742e-05
5.276489173411391675e-05
5.276369483908638358e-05
5.276266165310516953e-05
5.276252340991050005e-05
5.276065348880365491e-05
5.275836520013399422e-05
5.275251896819099784e-05
5.274575960356742144e-05
5.273456918075680733e-05
5.271934423944912851e-05
5.270025212666951120e-05
5.267401866149157286e-05
5.264376159175299108e-05
5.260579928290098906e-05
5.256117219687439501e-05
5.251204856904223561e-05
5.245124702923931181e-05
5.239035453996621072e-05
5.231591421761550009e-05
5.224244887358509004e-05
5.215723285800777376e-05
5.207110007177107036e-05
5.197841892368160188e-05
5.188048089621588588e-05
5.178177525522187352e-05
5.167595372768118978e-05
5.157422856427729130e-05
5.146390321897342801e-05
5.136227991897612810e-05
5.125532334204763174e-05
5.115252861287444830e-05
5.105102172819897532e-05
5.095144297229126096e-05
5.085840166429989040e-05
5.076484376331791282e-05
5.068290920462459326e-05
5.059988325228914618e-05
5.052877895650453866e-05
5.045948273618705571e-05
5.039892494096420705e-05
5.034418791183270514e-05
5.029471140005625784e-05
5.025458085583522916e-05
5.021718607167713344e-05
5.018961019231937826e-05
5.016507202526554465e-05
5.014667112845927477e-05
5.013382906327024102e-05
5.012454130337573588e-05
5.011883331462740898e-05
5.011693792766891420e-05
5.011674147681333125e-05
5.011713074054569006e-05
5.011832399759441614e-05
5.011768007534556091e-05
5.011619577999226749e-05
5.011123721487820148e-05
5.010353561374358833e-05
5.009209780837409198e-05
5.007542131352238357e-05
5.005588172934949398e-05
5.002841862733475864e-05
4.999844168196432292e-05
4.995952258468605578e-05
4.991727837477810681e-05
4.986600470147095621e-05
4.980902667739428580e-05
4.974584953743033111e-05
4.967463246430270374e-05
4.960019941790960729e-05
4.951604205416515470e-05
4.943356179865077138e-05
4.933931268169544637e-05
4.924677705275826156e-05
4.914633245789445937e-05
4.904643719783052802e-05
4.894279481959529221e-05
4.883849396719597280e-05
4.873676152783446014e-05
4.862928108195774257e-05
4.853105565416626632e-05
4.842781345359981060e-05
4.833360435441136360e-05
4.823846393264830112e-05
4.815007923753000796e-05
4.806694414583034813e-05
4.798522786586545408e-05
4.791474202647805214e-05
4.784335396834649146e-05
4.778601942234672606e-05
4.772884494741447270e-05
4.768215512740425766e-05
4.763959441334009171e-05
4.760300362249836326e-05
4.757411807077005506e-05
4.754836845677345991e-05
4.753076427732594311e-05
4.751688538817688823e-05
4.750724474433809519e-05
4.750159132527187467e-05
4.749889194499701262e-05
4.749738218379206955e-05
4.749678555526770651e-05
4.749646541313268244e-05
4.749498111777938902e-05
4.749283471028320491e-05
4.748853461933322251e-05
4.748154970002360642e-05
4.747224375023506582e-05
4.745786282001063228e-05
4.744152829516679049e-05
4.741722659673541784e-05
4.739188443636521697e-05
4.735629772767424583e-05
4.731889930553734303e-05
4.727242048829793930e-05
4.722114681499078870e-05
4.716407056548632681e-05
4.709903805633075535e-05
4.703190279542468488e-05
4.695632742368616164e-05
4.687844557338394225e-05
4.679249468608759344e-05
4.670742055168375373e-05
4.661597995436750352e-05
4.652366260415874422e-05
4.642942440113984048e-05
4.633486969396471977e-05
4.623867789632640779e-05
4.614279168890789151e-05
4.604970672517083585e-05
4.595533391693606973e-05
4.586835711961612105e-05
4.578147854772396386e-05
4.569990051095373929e-05
4.562295362120494246e-05
4.555056875688023865e-05
4.548357901512645185e-05
4.542008537100628018e-05
4.536601409199647605e-05
4.531338709057308733e-05
4.527156124822795391e-05
4.523223833530209959e-05
4.520092625170946121e-05
4.517339039011858404e-05
4.515065666055306792e-05
4.513451858656480908e-05
4.512197847361676395e-05
4.511298902798444033e-05
4.510820508585311472e-05
4.510616781772114336e-05
4.510566577664576471e-05
4.510629150900058448e-05
4.510727740125730634e-05
4.510709186433814466e-05
4.510564394877292216e-05
4.510192957241088152e-05
4.509460632107220590e-05
4.508519850787706673e-05
4.507103585638105869e-05
4.505316610448062420e-05
4.502980300458148122e-05
4.500282011576928198e-05
4.496746987570077181e-05
4.493133747018873692e-05
4.488363629207015038e-05
4.483574230107478797e-05
4.477742913877591491e-05
4.471658030524849892e-05
4.464814264792948961e-05
4.457550312508828938e-05
4.449956395546905696e-05
4.441549754119478166e-05
4.433294816408306360e-05
4.424086000653915107e-05
4.415394505485892296e-05
4.405892104841768742e-05
4.396791700855828822e-05
4.387427179608494043e-05
4.378054654807783663e-05
4.368997906567528844e-05
4.359759986982680857e-05
4.351291136117652059e-05
4.342506144894286990e-05
4.334820550866425037e-05
4.327083661337383091e-05
4.320017251302488148e-05
4.313411045586690307e-05
4.307206108933314681e-05
4.301839726394973695e-05
4.296581391827203333e-05
4.292497396818362176e-05
4.288439231459051371e-05
4.285379691282287240e-05
4.282574082026258111e-05
4.280363282305188477e-05
4.278705819160677493e-05
4.277402331354096532e-05
4.276514664525166154e-05
4.276045365259051323e-05
4.275757601135410368e-05
4.275592073099687696e-05
4.275582978152669966e-05
4.275517130736261606e-05
4.275436003808863461e-05
4.275197716196998954e-05
4.274862658348865807e-05
4.274187085684388876e-05
4.273408558219671249e-05
4.272185469744727015e-05
4.270661520422436297e-05
4.268642805982381105e-05
4.266234827809967101e-05
4.263217851985245943e-05
4.259795969119295478e-05
4.255536623531952500e-05
4.251113932696171105e-05
4.245773016009479761e-05
4.240223643137142062e-05
4.233976142131723464e-05
4.227440149406902492e-05
4.220244227326475084e-05
4.212753628962673247e-05
4.204911965643987060e-05
4.196670488454401493e-05
4.188413367955945432e-05
4.179691313765943050e-05
4.171420368948020041e-05
4.162536424701102078e-05
4.154134512646123767e-05
4.145523416809737682e-05
4.137248834013007581e-05
4.129179433220997453e-05
4.121271194890141487e-05
4.114118564757518470e-05
4.106767664779908955e-05
4.100471778656356037e-05
4.094174073543399572e-05
4.088675996172241867e-05
4.083539533894509077e-05
4.078920392203144729e-05
4.075043398188427091e-05
4.071260991622693837e-05
4.068553971592336893e-05
4.065908069605939090e-05
4.063990490976721048e-05
4.062390507897362113e-05
4.061185245518572628e-05
4.060406354255974293e-05
4.059947241330519319e-05
4.059717684867791831e-05
4.059652201249264181e-05
4.059745333506725729e-05
4.059812272316776216e-05
4.059842103742994368e-05
4.059685306856408715e-05
4.059409548062831163e-05
4.058805279782973230e-05
4.057943806401453912e-05
4.056764373672194779e-05
4.055106182931922376e-05
4.053194425068795681e-05
4.050655479659326375e-05
4.047736365464515984e-05
4.044322849949821830e-05
4.040211933897808194e-05
4.035879828734323382e-05
4.030559648526832461e-05
4.025310408906079829e-05
4.019082552986219525e-05
4.012757926830090582e-05
4.005759910796768963e-05
3.998488318757154047e-05
3.990891855210065842e-05
3.982872294727712870e-05
3.974891296820715070e-05
3.966556687373667955e-05
3.958240995416417718e-05
3.949653546442277730e-05
3.941452087019570172e-05
3.933096377295441926e-05
3.925044438801705837e-05
3.917209687642753124e-05
3.909678707714192569e-05
3.902420576196163893e-05
3.895439658663235605e-05
3.889118306688033044e-05
3.882925375364720821e-05
3.877598646795377135e-05
3.872517481795512140e-05
3.868146086460910738e-05
3.864108293782919645e-05
3.860601282212883234e-05
3.857701813103631139e-05
3.855061731883324683e-05
3.853193629765883088e-05
3.851603105431422591e-05
3.850403663818724453e-05
3.849656422971747816e-05
3.849179120152257383e-05
3.848887354251928627e-05
3.848772757919505239e-05
3.848739652312360704e-05
3.848661799565888941e-05
3.848618507618084550e-05
3.848393680527806282e-05
3.848106643999926746e-05
3.847564221359789371e-05
3.846808976959437132e-05
3.845785249723121524e-05
3.844353341264650226e-05
3.842720980173908174e-05
3.840391946141608059e-05
3.837898839265108109e-05
3.834668314084410667e-05
3.831099820672534406e-05
3.826969259534962475e-05
3.822282087639905512e-05
3.817359174718149006e-05
3.811529313679784536e-05
3.805823507718741894e-05
3.799179103225469589e-05
3.792674033320508897e-05
3.785443186643533409e-05
3.778250538744032383e-05
3.770760667975991964e-05
3.762972846743650734e-05
3.755353100132197142e-05
3.747307346202433109e-05
3.739805833902209997e-05
3.731845208676531911e-05
3.724603084265254438e-05
3.717224171850830317e-05
3.710203964146785438e-05
3.703523543663322926e-05
3.697012652992270887e-05
3.691205711220391095e-05
3.685355841298587620e-05
3.680548252305015922e-05
3.675712287076748908e-05
3.671725426102057099e-05
3.667967393994331360e-05
3.664790710899978876e-05
3.662092058220878243e-05
3.659677895484492183e-05
3.657961497083306313e-05
3.656458648038096726e-05
3.655353066278621554e-05
3.654650572570972145e-05
3.654187821666710079e-05
3.653949897852726281e-05
3.653918611234985292e-05
3.653988096630200744e-05
3.654031024780124426e-05
3.654095417005009949e-05
3.653981548268347979e-05
3.653732710517942905e-05
3.653255043900571764e-05
3.652445593615993857e-05
3.651455335784703493e-05
3.649987411336041987e-05
3.648309211712330580e-05
3.645961987785995007e-05
3.643534000730141997e-05
3.640311842900700867e-05
3.636897235992364585e-05
3.632853258750401437e-05
3.628457852755673230e-05
3.623477459768764675e-05
3.618070695665664971e-05
3.612305954447947443e-05
3.605998426792211831e-05
3.599576666601933539e-05
3.592581197153776884e-05
3.585766535252332687e-05
3.578275573090650141e-05
3.571001434465870261e-05
3.563367499737069011e-05
3.555856892489828169e-05
3.548319000401534140e-05
3.540796751622110605e-05
3.533731796778738499e-05
3.526345972204580903e-05
3.519780148053541780e-05
3.513061164994724095e-05
3.506983557599596679e-05
3.501102764857932925e-05
3.495657074381597340e-05
3.490818562568165362e-05
3.486021159915253520e-05
3.482206011540256441e-05
3.478362486930564046e-05
3.475410267128609121e-05
3.472602838883176446e-05
3.470388037385419011e-05
3.468586146482266486e-05
3.467076385277323425e-05
3.466066482360474765e-05
3.465342160779982805e-05
3.464869951130822301e-05
3.464590190560556948e-05
3.464515248197130859e-05
3.464453038759529591e-05
3.464425753918476403e-05
3.464350447757169604e-05
3.464196561253629625e-05
3.463896791799925268e-05
3.463462417130358517e-05
3.462737731751985848e-05
3.461895539658144116e-05
3.460622247075662017e-05
3.459137587924487889e-05
3.457078491919673979e-05
3.454896432231180370e-05
3.451872180448845029e-05
3.448886491241864860e-05
3.445068432483822107e-05
3.441047738306224346e-05
3.436460610828362405e-05
3.431455479585565627e-05
3.426161492825485766e-05
3.420281063881702721e-05
3.414395177969709039e-05
3.407949770917184651e-05
3.401467256480827928e-05
3.394544546608813107e-05
3.387754986761137843e-05
3.380710404599085450e-05
3.373678555362857878e-05
3.366734381415881217e-05
3.359837864991277456e-05
3.353053034516051412e-05
3.346343146404251456e-05
3.340082184877246618e-05
3.333848508191294968e-05
3.328188176965340972e-05
3.322737029520794749e-05
3.317784648970700800e-05
3.313112756586633623e-05
3.308843588456511497e-05
3.305137579445727170e-05
3.301593824289739132e-05
3.298861702205613256e-05
3.296245631645433605e-05
3.294279667898081243e-05
3.292514520580880344e-05
3.291130269644781947e-05
3.290162203484214842e-05
3.289468804723583162e-05
3.289015876362100244e-05
3.288807783974334598e-05
3.288785956101492047e-05
3.288826337666250765e-05
3.288902007625438273e-05
3.288939478807151318e-05
3.288881634944118559e-05
3.288635343778878450e-05
3.288255174993537366e-05
3.287576328148134053e-05
3.286666469648480415e-05
3.285470302216708660e-05
3.283867772552184761e-05
3.281962926848791540e-05
3.279659358668141067e-05
3.276855568401515484e-05
3.273865877417847514e-05
3.270048910053446889e-05
3.266311250627040863e-05
3.261713573010638356e-05
3.257075150031596422e-05
3.251770976930856705e-05
3.246312189730815589e-05
3.240508885937742889e-05
3.234273754060268402e-05
3.228052446502260864e-05
3.221287624910473824e-05
3.214835305698215961e-05
3.207822737749665976e-05
3.201262006768956780e-05
3.194427335984073579e-05
3.187751281075179577e-05
3.181220745318569243e-05
3.174716766807250679e-05
3.168688272126019001e-05
3.162536086165346205e-05
3.157183891744352877e-05
3.151767305098474026e-05
3.146993549307808280e-05
3.142435161862522364e-05
3.138317333650775254e-05
3.134676808258518577e-05
3.131259290967136621e-05
3.128552270936779678e-05
3.125920557067729533e-05
3.124027352896519005e-05
3.122292037005536258e-05
3.120979818049818277e-05
3.120040128123946488e-05
3.119346365565434098e-05
3.118890163023024797e-05
3.118688982794992626e-05
3.118577296845614910e-05
3.118499807897023857e-05
3.118503445875830948e-05
3.118409949820488691e-05
3.118305176030844450e-05
3.118013773928396404e-05
3.117661253781989217e-05
3.117052619927562773e-05
3.116254447377286851e-05
3.115202343906275928e-05
3.113792990916408598e-05
3.112114791292697191e-05
3.110014949925243855e-05
3.107576048932969570e-05
3.104710049228742719e-05
3.101352194789797068e-05
3.097748412983492017e-05
3.093502164119854569e-05
3.089196979999542236e-05
3.084288255195133388e-05
3.079323141719214618e-05
3.073766492889262736e-05
3.068153819185681641e-05
3.062184623559005558e-05
3.056085188291035593e-05
3.049883162020705640e-05
3.043475953745655715e-05
3.037360511370934546e-05
3.030813786608632654e-05
3.024778561666607857e-05
3.018507413798943162e-05
3.012632987520191818e-05
3.006828228535596281e-05
3.001283221237827092e-05
2.996197872562333941e-05
2.991031942656263709e-05
2.986704748764168471e-05
2.982308433274738491e-05
2.978630982397589833e-05
2.975102870550472289e-05
2.972078436869196594e-05
2.969456363643985242e-05
2.967047657875809819e-05
2.965257954201661050e-05
2.963589213322848082e-05
2.962408507301006466e-05
2.961467362183611840e-05
2.960795791295822710e-05
2.960385609185323119e-05
2.960209531011059880e-05
2.960162055387627333e-05
2.960188612632919103e-05
2.960282472486142069e-05
2.960304664156865329e-05
2.960284291475545615e-05
2.960082383651752025e-05
2.959743869723752141e-05
2.959189987450372428e-05
2.958338700409512967e-05
2.957326796604320407e-05
2.955847048724535853e-05
2.954267802124377340e-05
2.952110662590712309e-05
2.949774352600798011e-05
2.946960921690333635e-05
2.943750951089896262e-05
2.940268132078927010e-05
2.936187956947833300e-05
2.932054849225096405e-05
2.927297646238002926e-05
2.922458406828809530e-05
2.917106576205696911e-05
2.911702540586702526e-05
2.905971450672950596e-05
2.900081562984269112e-05
2.894138015108183026e-05
2.888080598495434970e-05
2.881970249291043729e-05
2.875797326851170510e-05
2.869846321118529886e-05
2.863807640096638352e-05
2.858138941519428045e-05
2.852547004295047373e-05
2.847308314812835306e-05
2.842201502062380314e-05
2.837411557266023010e-05
2.833029793691821396e-05
2.828788456099573523e-05
2.825213960022665560e-05
2.821744055836461484e-05
2.818919165292754769e-05
2.816223422996699810e-05
2.814022991515230387e-05
2.812149432429578155e-05
2.810533260344527662e-05
2.809414581861346960e-05
2.808517456287518144e-05
2.807862074405420572e-05
2.807482815114781260e-05
2.807273995131254196e-05
2.807149394357111305e-05
2.807110467983875424e-05
2.807085911626927555e-05
2.807019336614757776e-05
2.806912561936769634e-05
2.806691918522119522e-05
2.806337215588428080e-05
2.805839903885498643e-05
2.805083749990444630e-05
2.804192990879528224e-05
2.802887320285663009e-05
2.801513437589164823e-05
2.799510184559039772e-05
2.797479828586801887e-05
2.794794454530347139e-05
2.791968108795117587e-05
2.788619349303189665e-05
2.784983553283382207e-05
2.781068724289070815e-05
2.776623296085745096e-05
2.772166772047057748e-05
2.767058504105079919e-05
2.762171061476692557e-05
2.756676076387520880e-05
2.751353895291686058e-05
2.745728670561220497e-05
2.740038144111167639e-05
2.734386180236469954e-05
2.728572872001677752e-05
2.723077159316744655e-05
2.717314418987371027e-05
2.712149762373883277e-05
2.706835039134602994e-05
2.701928679016418755e-05
2.697176932997535914e-05
2.692688758543226868e-05
2.688615495571866632e-05
2.684644823602866381e-05
2.681327350728679448e-05
2.678030978131573647e-05
2.675406358321197331e-05
2.672869413800071925e-05
2.670855610631406307e-05
2.669081004569306970e-05
2.667591979843564332e-05
2.666511318238917738e-05
2.665624742803629488e-05
2.664985913725104183e-05
2.664644489414058626e-05
2.664455496415030211e-05
2.664394378371071070e-05
2.664435851329471916e-05
2.664516250661108643e-05
2.664550265762954950e-05
2.664534986251965165e-05
2.664394014573190361e-05
2.664067687874194235e-05
2.663613486220128834e-05
2.662865699676331133e-05
2.661960206751246005e-05
2.660738755366764963e-05
2.659252095327246934e-05
2.657360892044380307e-05
2.655302341736387461e-05
2.652657349244691432e-05
2.649972157087177038e-05
2.646727079991251230e-05
2.643336301844101399e-05
2.639424201333895326e-05
2.635319651744794101e-05
2.630867857078555971e-05
2.626142850203905255e-05
2.621256680868100375e-05
2.616034907987341285e-05
2.610959018056746572e-05
2.605378540465608239e-05
2.600087827886454761e-05
2.594469879113603383e-05
2.589067844382952899e-05
2.583588502602651715e-05
2.578239582362584770e-05
2.573161873442586511e-05
2.567927549534942955e-05
2.563318594184238464e-05
2.558577398303896189e-05
2.554412458266597241e-05
2.550320095906499773e-05
2.546646646806038916e-05
2.543326081649865955e-05
2.540152490837499499e-05
2.537586260586977005e-05
2.535029125283472240e-05
2.533170300011988729e-05
2.531367135816253722e-05
2.530021629354450852e-05
2.528930235712323338e-05
2.528067489038221538e-05
2.527502874727360904e-05
2.527145261410623789e-05
2.526926618884317577e-05
2.526798198232427239e-05
2.526783646317198873e-05
2.526738171582110226e-05
2.526706521166488528e-05
2.526585376472212374e-05
2.526419302739668638e-05
2.526072785258293152e-05
2.525663148844614625e-05
2.525024137867148966e-05
2.524209776311181486e-05
2.523139846744015813e-05
2.521804526622872800e-05
2.520127236493863165e-05
2.518253131711389869e-05
2.515828418836463243e-05
2.513377330615185201e-05
2.510291415092069656e-05
2.507166936993598938e-05
2.503531686670612544e-05
2.499709262338001281e-05
2.495584703865461051e-05
2.491158556949812919e-05
2.486642915755510330e-05
2.481847332092002034e-05
2.476950976415537298e-05
2.471819607308134437e-05
2.466799378453288227e-05
2.461577423673588783e-05
2.456501897540874779e-05
2.451415821269620210e-05
2.446491453156340867e-05
2.441587639623321593e-05
2.436852992104832083e-05
2.432385190331842750e-05
2.427967774565331638e-05
2.424059130134992301e-05
2.420229429844766855e-05
2.416880124656017870e-05
2.413653055555187166e-05
2.410819433862343431e-05
2.408304317214060575e-05
2.406003295618575066e-05
2.404188671789597720e-05
2.402486825303640217e-05
2.401261735940352082e-05
2.400169250904582441e-05
2.399336881353519857e-05
2.398798642389010638e-05
2.398452124907635152e-05
2.398260039626620710e-05
2.398198012087959796e-05
2.398254582658410072e-05
2.398314791207667440e-05
2.398371725575998425e-05
2.398346259724348783e-05
2.398250035184901208e-05
2.397960997768677771e-05
2.397566458967048675e-05
2.396947456873022020e-05
2.396097988821566105e-05
2.395087540207896382e-05
2.393680733803194016e-05
2.392128226347267628e-05
2.390187182754743844e-05
2.387965650996193290e-05
2.385472362220752984e-05
2.382555794611107558e-05
2.379565376031678170e-05
2.375954863964579999e-05
2.372423841734416783e-05
2.368326931900810450e-05
2.364229294471442699e-05
2.359738573431968689e-05
2.355187461944296956e-05
2.350509384996257722e-05
2.345555731153581291e-05
2.340765786357223988e-05
2.335623867111280560e-05
2.330878123757429421e-05
2.325830973859410733e-05
2.321152351214550436e-05
2.316449172212742269e-05
2.311882963113021106e-05
2.307597424078267068e-05
2.303332985320594162e-05
2.299580955877900124e-05
2.295758167747408152e-05
2.292584940732922405e-05
2.289440635649953038e-05
2.286729977640789002e-05
2.284263791807461530e-05
2.282068089698441327e-05
2.280279841215815395e-05
2.278593819937668741e-05
2.277441126352641732e-05
2.276402847201097757e-05
2.275629049108829349e-05
2.275126826134510338e-05
2.274774669785983860e-05
2.274554935866035521e-05
2.274468170071486384e-05
2.274427970405668020e-05
2.274386679346207529e-05
2.274361031595617533e-05
2.274252983625046909e-05
2.274106918775942177e-05
2.273833524668589234e-05
2.273435347888153046e-05
2.272902747790794820e-05
2.272138590342365205e-05
2.271245284646283835e-05
2.269993456138763577e-05
2.268613934575114399e-05
2.266830415464937687e-05
2.264822796860244125e-05
2.262522139062639326e-05
2.259896609757561237e-05
2.257004416605923325e-05
2.253742422908544540e-05
2.250355100841261446e-05
2.246538133476860821e-05
2.242713708255905658e-05
2.238543311250396073e-05
2.234367093478795141e-05
2.229862548119854182e-05
2.225378011644352227e-05
2.220758142357226461e-05
2.216100438090506941e-05
2.211512037320062518e-05
2.206821045547258109e-05
2.202502582804299891e-05
2.197969115513842553e-05
2.193831096519716084e-05
2.189686347264796495e-05
2.185830453527159989e-05
2.182184834964573383e-05
2.178705290134530514e-05
2.175699228246230632e-05
2.172653330489993095e-05
2.170228799514006823e-05
2.167823913623578846e-05
2.165877776860725135e-05
2.164104807889088988e-05
2.162615601264405996e-05
2.161452721338719130e-05
2.160428994102403522e-05
2.159719770133960992e-05
2.159196628781501204e-05
2.158854476874694228e-05
2.158666939067188650e-05
2.158636380045209080e-05
2.158670577045995742e-05
2.158720963052473962e-05
2.158790084649808705e-05
2.158766619686502963e-05
2.158696588594466448e-05
2.158476672775577754e-05
2.158097049687057734e-05
2.157594462914858013e-05
2.156804657715838403e-05
2.155926449631806463e-05
2.154632966266945004e-05
2.153331843146588653e-05
2.151507942471653223e-05
2.149657120753545314e-05
2.147358827642165124e-05
2.144857717212289572e-05
2.142076482414267957e-05
2.138953277608379722e-05
2.135714748874306679e-05
2.132028748746961355e-05
2.128397863998543471e-05
2.124340971931815147e-05
2.120309181918855757e-05
2.115995994245167822e-05
2.111679896188434213e-05
2.107262844219803810e-05
2.102771213685628027e-05
2.098390177707187831e-05
2.093964030791539699e-05
2.089653753500897437e-05
2.085323467326816171e-05
2.081320053548552096e-05
2.077335193462204188e-05
2.073626637866254896e-05
2.070118716801516712e-05
2.066847991955000907e-05
2.063814645225647837e-05
2.060965198324993253e-05
2.058534482785034925e-05
2.056176526821218431e-05
2.054328069789335132e-05
2.052588570222724229e-05
2.051224146271124482e-05
2.050037983281072229e-05
2.049071190413087606e-05
2.048415262834168971e-05
2.047927409876137972e-05
2.047587076958734542e-05
2.047400084848050028e-05
2.047315683739725500e-05
2.047258203674573451e-05
2.047241287073120475e-05
2.047198358923196793e-05
2.047125417448114604e-05
2.046971894742455333e-05
2.046754889306612313e-05
2.046375993813853711e-05
2.045928704319521785e-05
2.045270412054378539e-05
2.044453867711126804e-05
2.043376662186346948e-05
2.042143023572862148e-05
2.040506842604372650e-05
2.038842103502247483e-05
2.036645128100644797e-05
2.034427234320901334e-05
2.031748226727358997e-05
2.028949347732122988e-05
2.025823232543189079e-05
2.022504304477479309e-05
2.019058774749282748e-05
2.015240170294418931e-05
2.011517426581121981e-05
2.007373404921963811e-05
2.003461668209638447e-05
1.999210689973551780e-05
1.995137427002191544e-05
1.990975033550057560e-05
1.986802635656204075e-05
1.982803951250389218e-05
1.978714499273337424e-05
1.975004124687984586e-05
1.971159872482530773e-05
1.967801108548883349e-05
1.964443981705699116e-05
1.961380985449068248e-05
1.958545180968940258e-05
1.955880543391685933e-05
1.953609171323478222e-05
1.951374906639102846e-05
1.949678335222415626e-05
1.947993405337911099e-05
1.946728480106685311e-05
1.945586882357019931e-05
1.944679934240411967e-05
1.944026735145598650e-05
1.943524694070219994e-05
1.943194365594536066e-05
1.943048664543312043e-05
1.943006645888090134e-05
1.943027382367290556e-05
1.943089591804891825e-05
1.943146889971103519e-05
1.943153984029777348e-05
1.943076313182245940e-05
1.942914241226390004e-05
1.942569360835477710e-05
1.942127710208296776e-05
1.941484515555202961e-05
1.940641595865599811e-05
1.939593857969157398e-05
1.938336936291307211e-05
1.936816624947823584e-05
1.935095679073128849e-05
1.933012208610307425e-05
1.930838516273070127e-05
1.928251003846526146e-05
1.925583637785166502e-05
1.922585579450242221e-05
1.919478381751105189e-05
1.916052679007407278e-05
1.912522748170886189e-05
1.908816739160101861e-05
1.904961573018226773e-05
1.901085306599270552e-05
1.897016409202478826e-05
1.893173066491726786e-05
1.889048508019186556e-05
1.885175151983276010e-05
1.881200114439707249e-05
1.877409340522717685e-05
1.873706969490740448e-05
1.870105916168540716e-05
1.866844286269042641e-05
1.863503530330490321e-05
1.860666270658839494e-05
1.857822826423216611e-05
1.855362643254920840e-05
1.853060166467912495e-05
1.851009619713295251e-05
1.849288491939660162e-05
1.847628846007864922e-05
1.846450868470128626e-05
1.845320730353705585e-05
1.844510370574425906e-05
1.843865902628749609e-05
1.843398422352038324e-05
1.843092832132242620e-05
1.842928213591221720e-05
1.842829988163430244e-05
1.842775782279204577e-05
1.842775782279204577e-05
