6.000999808311462402e-01
6.001201272010803223e-01
6.001393198966979980e-01
6.001580357551574707e-01
6.001762747764587402e-01
6.001945137977600098e-01
6.002113819122314453e-01
6.002274155616760254e-01
6.002426147460937500e-01
6.002568602561950684e-01
6.002705693244934082e-01
6.002827882766723633e-01
6.002938151359558105e-01
6.003037691116333008e-01
6.003128290176391602e-01
6.003203988075256348e-01
6.003266572952270508e-01
6.003316044807434082e-01
6.003353595733642578e-01
6.003378629684448242e-01
6.003389358520507812e-01
6.003386974334716797e-01
6.003371477127075195e-01
6.003343462944030762e-01
6.003299951553344727e-01
6.003245711326599121e-01
6.003178954124450684e-01
6.003099679946899414e-01
6.003005504608154297e-01
6.002902388572692871e-01
6.002789139747619629e-01
6.002665162086486816e-01
6.002530455589294434e-01
6.002381443977355957e-01
6.002228856086730957e-01
6.002067327499389648e-01
6.001899242401123047e-01
6.001724004745483398e-01
6.001536250114440918e-01
6.001350283622741699e-01
6.001161336898803711e-01
6.000969409942626953e-01
6.000771522521972656e-01
6.000586152076721191e-01
6.000418066978454590e-01
6.000301241874694824e-01
6.000304818153381348e-01
6.000431180000305176e-01
6.000601053237915039e-01
6.000786423683166504e-01
6.000975370407104492e-01
6.001164913177490234e-01
6.001358628273010254e-01
6.001541614532470703e-01
6.001718640327453613e-01
6.001890301704406738e-01
6.002060770988464355e-01
6.002216935157775879e-01
6.002364754676818848e-01
6.002503633499145508e-01
6.002632379531860352e-01
6.002755761146545410e-01
6.002863645553588867e-01
6.002960205078125000e-01
6.003045439720153809e-01
6.003118753433227539e-01
6.003182530403137207e-01
6.003230810165405273e-01
6.003266572952270508e-01
6.003290414810180664e-01
6.003301143646240234e-01
6.003298759460449219e-01
6.003283262252807617e-01
6.003255844116210938e-01
6.003215312957763672e-01
6.003160476684570312e-01
6.003094911575317383e-01
6.003018021583557129e-01
6.002929210662841797e-01
6.002829670906066895e-01
6.002714633941650391e-01
6.002593636512756348e-01
6.002463102340698242e-01
6.002323031425476074e-01
6.002168655395507812e-01
6.002011895179748535e-01
6.001847982406616211e-01
6.001677513122558594e-01
6.001501679420471191e-01
6.001313924789428711e-01
6.001129150390625000e-01
6.000942587852478027e-01
6.000756621360778809e-01
6.000576019287109375e-01
6.000406146049499512e-01
6.000292897224426270e-01
6.000297069549560547e-01
6.000415086746215820e-01
6.000586748123168945e-01
6.000767350196838379e-01
6.000951528549194336e-01
6.001135706901550293e-01
6.001318097114562988e-01
6.001502871513366699e-01
6.001675724983215332e-01
6.001842617988586426e-01
6.002002954483032227e-01
6.002155542373657227e-01
6.002305150032043457e-01
6.002439856529235840e-01
6.002565622329711914e-01
6.002681255340576172e-01
6.002790331840515137e-01
6.002884507179260254e-01
6.002967357635498047e-01
6.003038287162780762e-01
6.003097891807556152e-01
6.003147363662719727e-01
6.003181934356689453e-01
6.003204584121704102e-01
6.003215312957763672e-01
6.003212928771972656e-01
6.003197431564331055e-01
6.003170609474182129e-01
6.003130674362182617e-01
6.003079414367675781e-01
6.003013253211975098e-01
6.002938151359558105e-01
6.002851724624633789e-01
6.002754569053649902e-01
6.002646684646606445e-01
6.002524495124816895e-01
6.002396941184997559e-01
6.002261042594909668e-01
6.002116203308105469e-01
6.001963615417480469e-01
6.001797914505004883e-01
6.001632213592529297e-01
6.001460552215576172e-01
6.001284718513488770e-01
6.001098155975341797e-01
6.000916957855224609e-01
6.000735759735107422e-01
6.000559926033020020e-01
6.000400185585021973e-01
6.000285148620605469e-01
6.000289916992187500e-01
6.000405550003051758e-01
6.000566482543945312e-01
6.000741720199584961e-01
6.000928282737731934e-01
6.001108288764953613e-01
6.001285314559936523e-01
6.001458764076232910e-01
6.001634001731872559e-01
6.001796722412109375e-01
6.001952290534973145e-01
6.002100706100463867e-01
6.002241373062133789e-01
6.002377867698669434e-01
6.002500057220458984e-01
6.002612709999084473e-01
6.002715229988098145e-01
6.002807021141052246e-01
6.002891063690185547e-01
6.002960205078125000e-01
6.003018021583557129e-01
6.003064513206481934e-01
6.003099679946899414e-01
6.003121733665466309e-01
6.003131270408630371e-01
6.003128886222839355e-01
6.003114581108093262e-01
6.003087162971496582e-01
6.003049015998840332e-01
6.002998352050781250e-01
6.002936363220214844e-01
6.002863645553588867e-01
6.002776622772216797e-01
6.002681851387023926e-01
6.002576351165771484e-01
6.002461910247802734e-01
6.002333164215087891e-01
6.002200245857238770e-01
6.002059578895568848e-01
6.001911163330078125e-01
6.001755595207214355e-01
6.001588106155395508e-01
6.001421213150024414e-01
6.001249551773071289e-01
6.001074910163879395e-01
6.000898480415344238e-01
6.000715494155883789e-01
6.000544428825378418e-01
6.000388860702514648e-01
6.000279784202575684e-01
6.000282764434814453e-01
6.000396013259887695e-01
6.000552773475646973e-01
6.000723838806152344e-01
6.000899076461791992e-01
6.001080870628356934e-01
6.001253724098205566e-01
6.001422405242919922e-01
6.001586914062500000e-01
6.001745462417602539e-01
6.001903414726257324e-01
6.002047657966613770e-01
6.002184152603149414e-01
6.002312898635864258e-01
6.002436280250549316e-01
6.002545952796936035e-01
6.002645492553710938e-01
6.002734899520874023e-01
6.002813577651977539e-01
6.002883911132812500e-01
6.002940535545349121e-01
6.002985239028930664e-01
6.003018021583557129e-01
6.003040075302124023e-01
6.003050208091735840e-01
6.003047227859497070e-01
6.003033518791198730e-01
6.003007888793945312e-01
6.002969145774841309e-01
6.002919673919677734e-01
6.002859473228454590e-01
6.002787947654724121e-01
6.002706289291381836e-01
6.002610921859741211e-01
6.002508401870727539e-01
6.002396941184997559e-01
6.002275943756103516e-01
6.002146601676940918e-01
6.002004742622375488e-01
6.001859903335571289e-01
6.001708507537841797e-01
6.001551151275634766e-01
6.001382470130920410e-01
6.001215577125549316e-01
6.001045703887939453e-01
6.000873446464538574e-01
6.000701785087585449e-01
6.000528931617736816e-01
6.000377535820007324e-01
6.000272035598754883e-01
6.000273227691650391e-01
6.000381112098693848e-01
6.000539660453796387e-01
6.000705957412719727e-01
6.000877022743225098e-01
6.001047492027282715e-01
6.001222133636474609e-01
6.001387238502502441e-01
6.001546978950500488e-01
6.001701354980468750e-01
6.001849770545959473e-01
6.001995801925659180e-01
6.002128720283508301e-01
6.002253890037536621e-01
6.002370119094848633e-01
6.002476811408996582e-01
6.002578139305114746e-01
6.002664566040039062e-01
6.002741456031799316e-01
6.002807617187500000e-01
6.002864241600036621e-01
6.002907752990722656e-01
6.002939939498901367e-01
6.002960801124572754e-01
6.002970337867736816e-01
6.002967953681945801e-01
6.002954244613647461e-01
6.002929210662841797e-01
6.002892851829528809e-01
6.002845168113708496e-01
6.002784371376037598e-01
6.002714633941650391e-01
6.002635359764099121e-01
6.002545356750488281e-01
6.002441644668579102e-01
6.002333164215087891e-01
6.002215743064880371e-01
6.002089381217956543e-01
6.001956462860107422e-01
6.001809835433959961e-01
6.001662611961364746e-01
6.001509428024291992e-01
6.001351475715637207e-01
6.001189351081848145e-01
6.001017093658447266e-01
6.000849604606628418e-01
6.000682711601257324e-01
6.000519990921020508e-01
6.000366806983947754e-01
6.000264286994934082e-01
6.000266671180725098e-01
6.000372171401977539e-01
6.000520586967468262e-01
6.000688672065734863e-01
6.000854969024658203e-01
6.001021265983581543e-01
6.001185774803161621e-01
6.001346111297607422e-01
6.001508235931396484e-01
6.001658439636230469e-01
6.001802682876586914e-01
6.001940369606018066e-01
6.002074480056762695e-01
6.002196669578552246e-01
6.002309322357177734e-01
6.002413630485534668e-01
6.002508401870727539e-01
6.002596020698547363e-01
6.002670526504516602e-01
6.002734899520874023e-01
6.002788543701171875e-01
6.002830862998962402e-01
6.002863645553588867e-01
6.002883911132812500e-01
6.002893447875976562e-01
6.002891063690185547e-01
6.002877354621887207e-01
6.002852320671081543e-01
6.002817153930664062e-01
6.002770662307739258e-01
6.002713441848754883e-01
6.002643108367919922e-01
6.002565622329711914e-01
6.002478003501892090e-01
6.002380847930908203e-01
6.002275347709655762e-01
6.002156734466552734e-01
6.002033948898315430e-01
6.001904010772705078e-01
6.001766920089721680e-01
6.001617908477783203e-01
6.001468896865844727e-01
6.001315116882324219e-01
6.001156568527221680e-01
6.000995635986328125e-01
6.000826358795166016e-01
6.000663638114929199e-01
6.000505685806274414e-01
6.000361442565917969e-01
6.000259518623352051e-01
6.000260114669799805e-01
6.000363230705261230e-01
6.000508069992065430e-01
6.000666022300720215e-01
6.000834107398986816e-01
6.000996232032775879e-01
6.001155972480773926e-01
6.001312136650085449e-01
6.001464724540710449e-01
6.001616716384887695e-01
6.001756787300109863e-01
6.001890897750854492e-01
6.002017259597778320e-01
6.002135872840881348e-01
6.002250313758850098e-01
6.002351641654968262e-01
6.002444028854370117e-01
6.002526283264160156e-01
6.002601981163024902e-01
6.002664566040039062e-01
6.002716422080993652e-01
6.002757549285888672e-01
6.002788543701171875e-01
6.002809405326843262e-01
6.002817749977111816e-01
6.002815365791320801e-01
6.002802848815917969e-01
6.002779006958007812e-01
6.002743244171142578e-01
6.002697944641113281e-01
6.002641916275024414e-01
6.002576351165771484e-01
6.002498269081115723e-01
6.002412438392639160e-01
6.002318263053894043e-01
6.002215147018432617e-01
6.002103686332702637e-01
6.001979708671569824e-01
6.001853346824645996e-01
6.001719832420349121e-01
6.001580357551574707e-01
6.001435518264770508e-01
6.001279354095458984e-01
6.001125574111938477e-01
6.000968813896179199e-01
6.000809669494628906e-01
6.000645160675048828e-01
6.000491380691528320e-01
6.000351309776306152e-01
6.000252366065979004e-01
6.000251173973083496e-01
6.000354290008544922e-01
6.000495553016662598e-01
6.000649929046630859e-01
6.000807285308837891e-01
6.000965237617492676e-01
6.001126766204833984e-01
6.001279354095458984e-01
6.001427769660949707e-01
6.001570224761962891e-01
6.001712679862976074e-01
6.001842617988586426e-01
6.001965999603271484e-01
6.002081632614135742e-01
6.002188920974731445e-01
6.002291440963745117e-01
6.002380847930908203e-01
6.002461314201354980e-01
6.002532243728637695e-01
6.002593636512756348e-01
6.002646088600158691e-01
6.002686023712158203e-01
6.002716422080993652e-01
6.002735495567321777e-01
6.002744436264038086e-01
6.002742052078247070e-01
6.002729535102844238e-01
6.002706289291381836e-01
6.002672910690307617e-01
6.002627015113830566e-01
6.002572774887084961e-01
6.002508997917175293e-01
6.002435088157653809e-01
6.002352237701416016e-01
6.002256870269775391e-01
6.002156734466552734e-01
6.002048254013061523e-01
6.001932024955749512e-01
6.001803874969482422e-01
6.001673936843872070e-01
6.001538038253784180e-01
6.001396775245666504e-01
6.001250743865966797e-01
6.001095175743103027e-01
6.000941991806030273e-01
6.000787615776062012e-01
6.000633239746093750e-01
6.000483632087707520e-01
6.000341773033142090e-01
6.000245809555053711e-01
6.000245213508605957e-01
6.000341176986694336e-01
6.000483632087707520e-01
6.000633835792541504e-01
6.000787615776062012e-01
6.000941395759582520e-01
6.001092791557312012e-01
6.001247167587280273e-01
6.001391410827636719e-01
6.001530885696411133e-01
6.001663804054260254e-01
6.001791357994079590e-01
6.001915931701660156e-01
6.002027988433837891e-01
6.002132892608642578e-01
6.002228856086730957e-01
6.002320051193237305e-01
6.002398133277893066e-01
6.002467274665832520e-01
6.002526283264160156e-01
6.002575755119323730e-01
6.002616882324218750e-01
6.002645492553710938e-01
6.002664566040039062e-01
6.002672910690307617e-01
6.002671122550964355e-01
6.002658605575561523e-01
6.002635955810546875e-01
6.002603173255920410e-01
6.002560257911682129e-01
6.002505421638488770e-01
6.002442836761474609e-01
6.002371311187744141e-01
6.002290248870849609e-01
6.002200841903686523e-01
6.002099514007568359e-01
6.001994013786315918e-01
6.001880764961242676e-01
6.001760959625244141e-01
6.001634001731872559e-01
6.001496911048889160e-01
6.001359224319458008e-01
6.001217365264892578e-01
6.001071333885192871e-01
6.000916957855224609e-01
6.000766158103942871e-01
6.000615954399108887e-01
6.000469923019409180e-01
6.000336408615112305e-01
6.000238656997680664e-01
6.000239253044128418e-01
6.000333428382873535e-01
6.000466346740722656e-01
6.000612378120422363e-01
6.000767946243286133e-01
6.000917553901672363e-01
6.001065373420715332e-01
6.001210212707519531e-01
6.001356244087219238e-01
6.001491546630859375e-01
6.001621484756469727e-01
6.001745462417602539e-01
6.001862287521362305e-01
6.001976132392883301e-01
6.002078056335449219e-01
6.002171635627746582e-01
6.002256870269775391e-01
6.002333760261535645e-01
6.002403497695922852e-01
6.002461314201354980e-01
6.002508997917175293e-01
6.002547740936279297e-01
6.002576947212219238e-01
6.002595424652099609e-01
6.002603769302368164e-01
6.002601385116577148e-01
6.002589464187622070e-01
6.002566814422607422e-01
6.002534627914428711e-01
6.002492904663085938e-01
6.002441644668579102e-01
6.002381443977355957e-01
6.002308726310729980e-01
6.002230048179626465e-01
6.002143025398254395e-01
6.002048254013061523e-01
6.001940965652465820e-01
6.001830697059631348e-01
6.001713871955871582e-01
6.001590490341186523e-01
6.001462340354919434e-01
6.001322865486145020e-01
6.001184582710266113e-01
6.001042127609252930e-01
6.000897288322448730e-01
6.000750660896301270e-01
6.000599265098571777e-01
6.000456809997558594e-01
6.000326871871948242e-01
6.000234484672546387e-01
6.000233292579650879e-01
6.000325083732604980e-01
6.000455021858215332e-01
6.000597476959228516e-01
6.000743508338928223e-01
6.000894904136657715e-01
6.001039147377014160e-01
6.001179814338684082e-01
6.001316905021667480e-01
6.001449227333068848e-01
6.001580357551574707e-01
6.001700758934020996e-01
6.001814603805541992e-01
6.001921892166137695e-01
6.002024412155151367e-01
6.002116203308105469e-01
6.002199053764343262e-01
6.002273559570312500e-01
6.002339124679565430e-01
6.002397537231445312e-01
6.002444624900817871e-01
6.002481579780578613e-01
6.002509593963623047e-01
6.002527475357055664e-01
6.002535820007324219e-01
6.002534031867980957e-01
6.002522110939025879e-01
6.002500653266906738e-01
6.002468466758728027e-01
6.002427935600280762e-01
6.002377867698669434e-01
6.002318859100341797e-01
6.002250909805297852e-01
6.002171635627746582e-01
6.002086400985717773e-01
6.001994013786315918e-01
6.001893877983093262e-01
6.001786589622497559e-01
6.001668572425842285e-01
6.001548171043395996e-01
6.001423001289367676e-01
6.001292467117309570e-01
6.001152396202087402e-01
6.001014113426208496e-01
6.000872850418090820e-01
6.000730395317077637e-01
6.000587940216064453e-01
6.000444293022155762e-01
6.000317931175231934e-01
6.000227928161621094e-01
6.000225543975830078e-01
6.000313162803649902e-01
6.000444293022155762e-01
6.000582575798034668e-01
6.000725030899047852e-01
6.000866889953613281e-01
6.001012921333312988e-01
6.001150012016296387e-01
6.001283526420593262e-01
6.001412272453308105e-01
6.001535654067993164e-01
6.001657247543334961e-01
6.001768112182617188e-01
6.001872420310974121e-01
6.001968979835510254e-01
6.002058386802673340e-01
6.002142429351806641e-01
6.002214550971984863e-01
6.002278327941894531e-01
6.002333760261535645e-01
6.002380847930908203e-01
6.002417206764221191e-01
6.002444028854370117e-01
6.002461910247802734e-01
6.002469658851623535e-01
6.002467870712280273e-01
6.002456545829772949e-01
6.002435684204101562e-01
6.002405285835266113e-01
6.002365946769714355e-01
6.002315282821655273e-01
6.002258062362670898e-01
6.002191901206970215e-01
6.002117395401000977e-01
6.002031564712524414e-01
6.001941561698913574e-01
6.001843810081481934e-01
6.001739501953125000e-01
6.001628637313842773e-01
6.001507043838500977e-01
6.001385450363159180e-01
6.001257896423339844e-01
6.001126766204833984e-01
6.000986695289611816e-01
6.000849604606628418e-01
6.000710725784301758e-01
6.000571846961975098e-01
6.000436544418334961e-01
6.000308990478515625e-01
6.000221967697143555e-01
6.000220179557800293e-01
6.000305414199829102e-01
6.000428199768066406e-01
6.000568270683288574e-01
6.000707149505615234e-01
6.000845432281494141e-01
6.000981926918029785e-01
6.001120805740356445e-01
6.001250743865966797e-01
6.001376509666442871e-01
6.001496315002441406e-01
6.001610755920410156e-01
6.001722812652587891e-01
6.001824140548706055e-01
6.001918315887451172e-01
6.002005338668823242e-01
6.002084612846374512e-01
6.002157330513000488e-01
6.002219915390014648e-01
6.002273559570312500e-01
6.002317667007446289e-01
6.002354621887207031e-01
6.002380847930908203e-01
6.002397537231445312e-01
6.002405285835266113e-01
6.002403497695922852e-01
6.002392172813415527e-01
6.002371907234191895e-01
6.002342700958251953e-01
6.002303957939147949e-01
6.002256870269775391e-01
6.002198457717895508e-01
6.002134084701538086e-01
6.002061367034912109e-01
6.001980900764465332e-01
6.001890301704406738e-01
6.001794934272766113e-01
6.001693010330200195e-01
6.001585721969604492e-01
6.001471877098083496e-01
6.001348495483398438e-01
6.001224517822265625e-01
6.001096963882446289e-01
6.000965237617492676e-01
6.000831723213195801e-01
6.000691056251525879e-01
6.000556349754333496e-01
6.000424623489379883e-01
6.000304222106933594e-01
6.000216007232666016e-01
6.000214219093322754e-01
6.000298261642456055e-01
6.000418066978454590e-01
6.000549197196960449e-01
6.000689268112182617e-01
6.000823974609375000e-01
6.000957489013671875e-01
6.001087427139282227e-01
6.001214385032653809e-01
6.001341342926025391e-01
6.001458168029785156e-01
6.001569628715515137e-01
6.001675128936767578e-01
6.001777648925781250e-01
6.001869440078735352e-01
6.001953482627868652e-01
6.002030372619628906e-01
6.002099514007568359e-01
6.002162098884582520e-01
6.002214550971984863e-01
6.002258062362670898e-01
6.002292633056640625e-01
6.002318263053894043e-01
6.002335548400878906e-01
6.002342700958251953e-01
6.002340912818908691e-01
6.002330183982849121e-01
6.002309918403625488e-01
6.002281308174133301e-01
6.002243757247924805e-01
6.002197861671447754e-01
6.002143025398254395e-01
6.002078056335449219e-01
6.002007126808166504e-01
6.001929044723510742e-01
6.001843810081481934e-01
6.001751422882080078e-01
6.001648306846618652e-01
6.001543402671813965e-01
6.001432538032531738e-01
6.001316905021667480e-01
6.001191735267639160e-01
6.001067161560058594e-01
6.000939607620239258e-01
6.000809073448181152e-01
6.000677347183227539e-01
6.000540852546691895e-01
6.000412702560424805e-01
6.000295877456665039e-01
6.000211834907531738e-01
6.000207662582397461e-01
6.000291109085083008e-01
6.000407934188842773e-01
6.000536084175109863e-01
6.000667214393615723e-01
6.000803709030151367e-01
6.000933051109313965e-01
6.001060009002685547e-01
6.001183390617370605e-01
6.001302599906921387e-01
6.001420617103576660e-01
6.001529693603515625e-01
6.001632213592529297e-01
6.001728177070617676e-01
6.001817584037780762e-01
6.001903414726257324e-01
6.001978516578674316e-01
6.002045273780822754e-01
6.002104282379150391e-01
6.002157330513000488e-01
6.002199053764343262e-01
6.002233028411865234e-01
6.002258062362670898e-01
6.002274155616760254e-01
6.002281904220581055e-01
6.002280116081237793e-01
6.002269983291625977e-01
6.002250909805297852e-01
6.002222895622253418e-01
6.002184748649597168e-01
6.002140045166015625e-01
6.002086997032165527e-01
6.002026200294494629e-01
6.001954674720764160e-01
6.001878380775451660e-01
6.001794934272766113e-01
6.001704931259155273e-01
6.001608967781066895e-01
6.001502871513366699e-01
6.001394391059875488e-01
6.001281738281250000e-01
6.001164913177490234e-01
6.001043319702148438e-01
6.000914573669433594e-01
6.000787615776062012e-01
6.000658869743347168e-01
6.000530719757080078e-01
6.000401377677917480e-01
6.000287532806396484e-01
6.000205874443054199e-01
6.000202298164367676e-01
6.000280380249023438e-01
6.000397801399230957e-01
6.000522375106811523e-01
6.000650525093078613e-01
6.000778675079345703e-01
6.000905036926269531e-01
6.001033186912536621e-01
6.001153588294982910e-01
6.001269221305847168e-01
6.001380681991577148e-01
6.001490354537963867e-01
6.001589894294738770e-01
6.001684069633483887e-01
6.001771092414855957e-01
6.001851558685302734e-01
6.001927256584167480e-01
6.001992225646972656e-01
6.002050042152404785e-01
6.002099514007568359e-01
6.002140641212463379e-01
6.002175211906433105e-01
6.002199053764343262e-01
6.002215147018432617e-01
6.002222299575805664e-01
6.002220511436462402e-01
6.002210378646850586e-01
6.002191901206970215e-01
6.002165079116821289e-01
6.002129316329956055e-01
6.002084016799926758e-01
6.002032160758972168e-01
6.001973152160644531e-01
6.001905798912048340e-01
6.001831889152526855e-01
6.001747846603393555e-01
6.001660227775573730e-01
6.001566052436828613e-01
6.001466512680053711e-01
6.001357436180114746e-01
6.001247763633728027e-01
6.001133918762207031e-01
6.001015901565551758e-01
6.000894308090209961e-01
6.000766158103942871e-01
6.000640988349914551e-01
6.000516414642333984e-01
6.000394821166992188e-01
6.000283360481262207e-01
6.000200510025024414e-01
6.000197529792785645e-01
6.000273227691650391e-01
6.000383496284484863e-01
6.000509858131408691e-01
6.000634431838989258e-01
6.000759005546569824e-01
6.000881791114807129e-01
6.001002788543701172e-01
6.001124382019042969e-01
6.001237034797668457e-01
6.001344919204711914e-01
6.001448035240173340e-01
6.001545786857604980e-01
6.001640558242797852e-01
6.001725196838378906e-01
6.001803874969482422e-01
6.001874804496765137e-01
6.001940965652465820e-01
6.001996994018554688e-01
6.002045273780822754e-01
6.002085208892822266e-01
6.002117395401000977e-01
6.002141833305358887e-01
6.002157330513000488e-01
6.002164483070373535e-01
6.002163290977478027e-01
6.002153158187866211e-01
6.002134680747985840e-01
6.002108454704284668e-01
6.002073884010314941e-01
6.002030968666076660e-01
6.001979112625122070e-01
6.001921296119689941e-01
6.001855731010437012e-01
6.001783609390258789e-01
6.001704931259155273e-01
6.001616120338439941e-01
6.001524925231933594e-01
6.001427769660949707e-01
6.001325845718383789e-01
6.001219153404235840e-01
6.001103520393371582e-01
6.000988483428955078e-01
6.000870466232299805e-01
6.000750064849853516e-01
6.000623703002929688e-01
6.000502109527587891e-01
6.000384092330932617e-01
6.000275611877441406e-01
6.000196933746337891e-01
6.000192165374755859e-01
6.000266671180725098e-01
6.000374555587768555e-01
6.000492572784423828e-01
6.000613570213317871e-01
6.000739932060241699e-01
6.000859737396240234e-01
6.000977158546447754e-01
6.001091003417968750e-01
6.001205444335937500e-01
6.001310944557189941e-01
6.001411080360412598e-01
6.001505851745605469e-01
6.001595258712768555e-01
6.001681089401245117e-01
6.001757383346557617e-01
6.001826524734497070e-01
6.001888513565063477e-01
6.001943349838256836e-01
6.001992225646972656e-01
6.002031564712524414e-01
6.002062559127807617e-01
6.002085804939270020e-01
6.002101302146911621e-01
6.002108454704284668e-01
6.002106666564941406e-01
6.002097129821777344e-01
6.002079844474792480e-01
6.002053022384643555e-01
6.002019643783569336e-01
6.001977920532226562e-01
6.001929044723510742e-01
6.001873016357421875e-01
6.001807451248168945e-01
6.001737117767333984e-01
6.001660227775573730e-01
6.001576781272888184e-01
6.001484394073486328e-01
6.001390218734741211e-01
6.001290678977966309e-01
6.001186370849609375e-01
6.001078486442565918e-01
6.000962257385253906e-01
6.000847220420837402e-01
6.000729799270629883e-01
6.000611186027526855e-01
6.000493168830871582e-01
6.000373363494873047e-01
6.000267863273620605e-01
6.000191569328308105e-01
6.000186204910278320e-01
6.000260710716247559e-01
6.000365018844604492e-01
6.000480651855468750e-01
6.000598669052124023e-01
6.000716686248779297e-01
6.000838279724121094e-01
6.000952124595642090e-01
6.001063585281372070e-01
6.001170873641967773e-01
6.001273393630981445e-01
6.001375317573547363e-01
6.001467108726501465e-01
6.001554131507873535e-01
6.001634597778320312e-01
6.001712083816528320e-01
6.001779437065124512e-01
6.001839637756347656e-01
6.001892685890197754e-01
6.001939177513122559e-01
6.001978516578674316e-01
6.002008914947509766e-01
6.002031564712524414e-01
6.002046465873718262e-01
6.002053022384643555e-01
6.002051830291748047e-01
6.002042889595031738e-01
6.002025604248046875e-01
6.002000570297241211e-01
6.001966595649719238e-01
6.001926064491271973e-01
6.001878976821899414e-01
6.001824140548706055e-01
6.001762151718139648e-01
6.001691222190856934e-01
6.001616716384887695e-01
6.001535654067993164e-01
6.001448631286621094e-01
6.001356840133666992e-01
6.001256704330444336e-01
6.001155376434326172e-01
6.001049876213073730e-01
6.000940799713134766e-01
6.000824570655822754e-01
6.000710129737854004e-01
6.000595092773437500e-01
6.000479459762573242e-01
6.000367403030395508e-01
6.000260114669799805e-01
6.000186204910278320e-01
6.000181436538696289e-01
6.000250577926635742e-01
6.000352501869201660e-01
6.000468730926513672e-01
6.000583767890930176e-01
6.000698804855346680e-01
6.000812649726867676e-01
6.000928282737731934e-01
6.001036167144775391e-01
6.001140475273132324e-01
6.001240611076354980e-01
6.001335978507995605e-01
6.001429557800292969e-01
6.001514196395874023e-01
6.001592874526977539e-01
6.001664996147155762e-01
6.001731157302856445e-01
6.001791954040527344e-01
6.001843810081481934e-01
6.001888513565063477e-01
6.001926064491271973e-01
6.001957058906555176e-01
6.001978516578674316e-01
6.001993417739868164e-01
6.001999974250793457e-01
6.001998782157897949e-01
6.001989245414733887e-01
6.001972556114196777e-01
6.001948714256286621e-01
6.001916527748107910e-01
6.001877784729003906e-01
6.001829504966735840e-01
6.001776456832885742e-01
6.001716256141662598e-01
6.001649498939514160e-01
6.001573801040649414e-01
6.001495122909545898e-01
6.001410484313964844e-01
6.001321077346801758e-01
6.001226902008056641e-01
6.001124382019042969e-01
6.001021862030029297e-01
6.000915765762329102e-01
6.000806689262390137e-01
6.000695228576660156e-01
6.000578403472900391e-01
6.000466346740722656e-01
6.000356674194335938e-01
6.000256538391113281e-01
6.000180840492248535e-01
6.000176668167114258e-01
6.000244617462158203e-01
6.000343561172485352e-01
6.000452637672424316e-01
6.000568866729736328e-01
6.000680923461914062e-01
6.000791788101196289e-01
6.000900268554687500e-01
6.001005768775939941e-01
6.001111865043640137e-01
6.001209020614624023e-01
6.001302003860473633e-01
6.001389622688293457e-01
6.001475453376770020e-01
6.001551747322082520e-01
6.001622080802917480e-01
6.001686453819274902e-01
6.001743674278259277e-01
6.001796126365661621e-01
6.001839637756347656e-01
6.001875996589660645e-01
6.001905202865600586e-01
6.001926660537719727e-01
6.001941561698913574e-01
6.001947522163391113e-01
6.001946330070495605e-01
6.001937985420227051e-01
6.001921296119689941e-01
6.001897454261779785e-01
6.001866459846496582e-01
6.001828312873840332e-01
6.001783609390258789e-01
6.001729965209960938e-01
6.001670956611633301e-01
6.001605987548828125e-01
6.001535654067993164e-01
6.001458764076232910e-01
6.001373529434204102e-01
6.001286506652832031e-01
6.001194119453430176e-01
6.001098155975341797e-01
6.000994443893432617e-01
6.000891327857971191e-01
6.000785231590270996e-01
6.000676751136779785e-01
6.000567078590393066e-01
6.000453829765319824e-01
6.000347137451171875e-01
6.000249385833740234e-01
6.000177860260009766e-01
6.000171303749084473e-01
6.000238656997680664e-01
6.000335216522216797e-01
6.000441312789916992e-01
6.000550389289855957e-01
6.000664234161376953e-01
6.000772118568420410e-01
6.000877618789672852e-01
6.000980138778686523e-01
6.001079678535461426e-01
6.001178026199340820e-01
6.001268625259399414e-01
6.001353859901428223e-01
6.001434326171875000e-01
6.001508831977844238e-01
6.001580357551574707e-01
6.001642942428588867e-01
6.001698374748229980e-01
6.001747846603393555e-01
6.001791954040527344e-01
6.001827120780944824e-01
6.001855731010437012e-01
6.001876592636108398e-01
6.001890301704406738e-01
6.001896858215332031e-01
6.001895666122436523e-01
6.001887321472167969e-01
6.001871824264526367e-01
6.001849174499511719e-01
6.001817584037780762e-01
6.001780629158020020e-01
6.001737117767333984e-01
6.001686453819274902e-01
6.001627445220947266e-01
6.001563668251037598e-01
6.001495122909545898e-01
6.001420617103576660e-01
6.001340746879577637e-01
6.001252532005310059e-01
6.001162528991699219e-01
6.001069545745849609e-01
6.000971794128417969e-01
6.000871062278747559e-01
6.000763773918151855e-01
6.000658273696899414e-01
6.000552177429199219e-01
6.000445485115051270e-01
6.000337600708007812e-01
6.000242233276367188e-01
6.000173091888427734e-01
6.000167131423950195e-01
6.000229716300964355e-01
6.000326871871948242e-01
6.000430583953857422e-01
6.000536680221557617e-01
6.000643372535705566e-01
6.000748276710510254e-01
6.000855565071105957e-01
6.000955104827880859e-01
6.001051664352416992e-01
6.001144647598266602e-01
6.001235842704772949e-01
6.001319289207458496e-01
6.001397371292114258e-01
6.001470088958740234e-01
6.001536846160888672e-01
6.001600027084350586e-01
6.001654863357543945e-01
6.001702547073364258e-01
6.001744270324707031e-01
6.001778841018676758e-01
6.001807451248168945e-01
6.001827716827392578e-01
6.001841425895690918e-01
6.001847386360168457e-01
6.001846194267272949e-01
6.001838445663452148e-01
6.001822948455810547e-01
6.001800894737243652e-01
6.001771688461303711e-01
6.001734137535095215e-01
6.001691222190856934e-01
6.001642346382141113e-01
6.001586914062500000e-01
6.001525521278381348e-01
6.001455783843994141e-01
6.001383066177368164e-01
6.001304984092712402e-01
6.001222729682922363e-01
6.001132130622863770e-01
6.001040935516357422e-01
6.000946164131164551e-01
6.000847816467285156e-01
6.000747680664062500e-01
6.000640988349914551e-01
6.000536680221557617e-01
6.000432968139648438e-01
6.000332236289978027e-01
6.000238656997680664e-01
6.000168323516845703e-01
6.000162959098815918e-01
6.000224351882934570e-01
6.000315546989440918e-01
6.000419855117797852e-01
6.000523567199707031e-01
6.000627279281616211e-01
6.000729799270629883e-01
6.000829935073852539e-01
6.000931262969970703e-01
6.001024842262268066e-01
6.001114845275878906e-01
6.001201272010803223e-01
6.001282334327697754e-01
6.001361608505249023e-01
6.001431941986083984e-01
6.001497507095336914e-01
6.001556515693664551e-01
6.001611948013305664e-01
6.001658439636230469e-01
6.001698970794677734e-01
6.001732945442199707e-01
6.001759767532348633e-01
6.001780629158020020e-01
6.001793146133422852e-01
6.001799702644348145e-01
6.001798510551452637e-01
6.001790761947631836e-01
6.001775264739990234e-01
6.001753807067871094e-01
6.001725196838378906e-01
6.001690030097961426e-01
6.001647114753723145e-01
6.001599431037902832e-01
6.001545190811157227e-01
6.001485586166381836e-01
6.001420021057128906e-01
6.001346707344055176e-01
6.001271009445190430e-01
6.001190543174743652e-01
6.001105308532714844e-01
6.001017093658447266e-01
6.000921130180358887e-01
6.000825166702270508e-01
6.000727415084838867e-01
6.000627279281616211e-01
6.000522375106811523e-01
6.000421047210693359e-01
6.000322699546813965e-01
6.000232100486755371e-01
6.000165343284606934e-01
6.000158786773681641e-01
6.000218987464904785e-01
6.000307798385620117e-01
6.000405550003051758e-01
6.000506281852722168e-01
6.000611186027526855e-01
6.000711321830749512e-01
6.000808477401733398e-01
6.000903844833374023e-01
6.000998616218566895e-01
6.001086235046386719e-01
6.001170277595520020e-01
6.001248955726623535e-01
6.001323461532592773e-01
6.001394987106323242e-01
6.001458764076232910e-01
6.001516580581665039e-01
6.001568436622619629e-01
6.001615524291992188e-01
6.001654863357543945e-01
6.001687645912170410e-01
6.001713871955871582e-01
6.001733541488647461e-01
6.001746654510498047e-01
6.001752614974975586e-01
6.001752018928527832e-01
6.001744270324707031e-01
6.001729965209960938e-01
6.001707911491394043e-01
6.001680493354797363e-01
6.001645922660827637e-01
6.001605391502380371e-01
6.001557111740112305e-01
6.001504659652709961e-01
6.001446247100830078e-01
6.001383066177368164e-01
6.001313924789428711e-01
6.001237034797668457e-01
6.001158952713012695e-01
6.001076102256774902e-01
6.000989675521850586e-01
6.000900268554687500e-01
6.000803709030151367e-01
6.000707745552062988e-01
6.000610589981079102e-01
6.000512242317199707e-01
6.000409722328186035e-01
6.000313758850097656e-01
6.000225543975830078e-01
6.000160574913024902e-01
6.000153422355651855e-01
6.000213623046875000e-01
6.000300049781799316e-01
6.000396013259887695e-01
6.000493764877319336e-01
6.000592112541198730e-01
6.000692844390869141e-01
6.000788211822509766e-01
6.000880599021911621e-01
6.000970005989074707e-01
6.001058816909790039e-01
6.001139879226684570e-01
6.001217365264892578e-01
6.001289486885070801e-01
6.001356840133666992e-01
6.001421213150024414e-01
6.001477241516113281e-01
6.001527905464172363e-01
6.001572012901306152e-01
6.001610755920410156e-01
6.001644134521484375e-01
6.001669168472290039e-01
6.001688241958618164e-01
6.001700758934020996e-01
6.001707315444946289e-01
6.001706123352050781e-01
6.001698374748229980e-01
6.001684665679931641e-01
6.001664400100708008e-01
6.001636385917663574e-01
6.001603007316589355e-01
6.001563668251037598e-01
6.001518368721008301e-01
6.001467108726501465e-01
6.001408696174621582e-01
6.001346707344055176e-01
6.001279354095458984e-01
6.001207828521728516e-01
6.001128554344177246e-01
6.001048088073730469e-01
6.000963449478149414e-01
6.000875830650329590e-01
6.000785827636718750e-01
6.000689268112182617e-01
6.000594496726989746e-01
6.000497937202453613e-01
6.000402569770812988e-01
6.000308394432067871e-01
6.000219583511352539e-01
6.000156402587890625e-01
6.000149846076965332e-01
6.000205874443054199e-01
6.000292897224426270e-01
6.000385880470275879e-01
6.000481843948364258e-01
6.000577211380004883e-01
6.000671982765197754e-01
6.000767946243286133e-01
6.000857949256896973e-01
6.000944972038269043e-01
6.001028418540954590e-01
6.001107692718505859e-01
6.001185774803161621e-01
6.001256108283996582e-01
6.001321673393249512e-01
6.001381874084472656e-01
6.001439094543457031e-01
6.001487970352172852e-01
6.001531481742858887e-01
6.001569032669067383e-01
6.001600027084350586e-01
6.001626253128051758e-01
6.001644730567932129e-01
6.001656651496887207e-01
6.001662611961364746e-01
6.001662015914916992e-01
6.001654267311096191e-01
6.001640558242797852e-01
6.001620888710021973e-01
6.001594662666320801e-01
6.001561284065246582e-01
6.001522541046142578e-01
6.001478433609008789e-01
6.001428961753845215e-01
6.001373529434204102e-01
6.001310944557189941e-01
6.001245975494384766e-01
6.001175642013549805e-01
6.001101732254028320e-01
6.001023054122924805e-01
6.000938415527343750e-01
6.000852584838867188e-01
6.000764966011047363e-01
6.000674366950988770e-01
6.000578403472900391e-01
6.000484824180603027e-01
6.000391244888305664e-01
6.000300049781799316e-01
6.000216007232666016e-01
6.000152230262756348e-01
6.000145673751831055e-01
6.000200510025024414e-01
6.000282168388366699e-01
6.000372767448425293e-01
6.000469326972961426e-01
6.000562906265258789e-01
6.000654697418212891e-01
6.000745296478271484e-01
6.000836491584777832e-01
6.000921130180358887e-01
6.001002192497253418e-01
6.001079678535461426e-01
6.001152396202087402e-01
6.001223921775817871e-01
6.001287698745727539e-01
6.001346111297607422e-01
6.001399755477905273e-01
6.001448035240173340e-01
6.001491546630859375e-01
6.001528501510620117e-01
6.001558899879455566e-01
6.001582741737365723e-01
6.001601815223693848e-01
6.001613736152648926e-01
6.001619100570678711e-01
6.001618504524230957e-01
6.001611948013305664e-01
6.001598238945007324e-01
6.001578569412231445e-01
6.001552939414978027e-01
6.001521348953247070e-01
6.001484394073486328e-01
6.001439690589904785e-01
6.001391410827636719e-01
6.001337766647338867e-01
6.001278758049011230e-01
6.001213192939758301e-01
6.001144647598266602e-01
6.001072525978088379e-01
6.000996232032775879e-01
6.000916361808776855e-01
6.000829935073852539e-01
6.000744104385375977e-01
6.000655889511108398e-01
6.000566482543945312e-01
6.000475287437438965e-01
6.000380516052246094e-01
6.000291705131530762e-01
6.000210046768188477e-01
6.000149250030517578e-01
6.000142097473144531e-01
6.000195741653442383e-01
6.000275611877441406e-01
6.000363826751708984e-01
6.000454425811767578e-01
6.000548601150512695e-01
6.000638604164123535e-01
6.000726222991943359e-01
6.000811457633972168e-01
6.000894308090209961e-01
6.000976562500000000e-01
6.001051664352416992e-01
6.001122593879699707e-01
6.001189947128295898e-01
6.001254320144653320e-01
6.001311540603637695e-01
6.001363396644592285e-01
6.001410484313964844e-01
6.001451611518859863e-01
6.001488566398620605e-01
6.001518368721008301e-01
6.001541614532470703e-01
6.001559495925903320e-01
6.001571416854858398e-01
6.001577377319335938e-01
6.001576185226440430e-01
6.001569628715515137e-01
6.001557111740112305e-01
6.001537442207336426e-01
6.001512408256530762e-01
6.001482009887695312e-01
6.001445651054382324e-01
6.001403927803039551e-01
6.001355051994323730e-01
6.001302599906921387e-01
6.001245379447937012e-01
6.001183390617370605e-01
6.001117229461669922e-01
6.001044511795043945e-01
6.000970005989074707e-01
6.000891923904418945e-01
6.000811457633972168e-01
6.000724434852600098e-01
6.000638604164123535e-01
6.000550985336303711e-01
6.000462174415588379e-01
6.000373363494873047e-01
6.000283956527709961e-01
6.000204086303710938e-01
6.000145077705383301e-01
6.000137925148010254e-01
6.000188589096069336e-01
6.000268459320068359e-01
6.000354886054992676e-01
6.000441312789916992e-01
6.000441312789916992e-01
