1.000100016593933105e+00
1.000099897384643555e+00
1.000099897384643555e+00
1.000099778175354004e+00
1.000099658966064453e+00
1.000099658966064453e+00
1.000099539756774902e+00
1.000099539756774902e+00
1.000099420547485352e+00
1.000099420547485352e+00
1.000099301338195801e+00
1.000099301338195801e+00
1.000099182128906250e+00
1.000099182128906250e+00
1.000099062919616699e+00
1.000099062919616699e+00
1.000098943710327148e+00
1.000098943710327148e+00
1.000098824501037598e+00
1.000098824501037598e+00
1.000098705291748047e+00
1.000098705291748047e+00
1.000098705291748047e+00
1.000098586082458496e+00
1.000098586082458496e+00
1.000098466873168945e+00
1.000098466873168945e+00
1.000098347663879395e+00
1.000098347663879395e+00
1.000098228454589844e+00
1.000098228454589844e+00
1.000098228454589844e+00
1.000098109245300293e+00
1.000098109245300293e+00
1.000097990036010742e+00
1.000097990036010742e+00
1.000097870826721191e+00
1.000097870826721191e+00
1.000097870826721191e+00
1.000097751617431641e+00
1.000097751617431641e+00
1.000097632408142090e+00
1.000097632408142090e+00
1.000097513198852539e+00
1.000097513198852539e+00
1.000097513198852539e+00
1.000097393989562988e+00
1.000097393989562988e+00
1.000097274780273438e+00
1.000097274780273438e+00
1.000097155570983887e+00
1.000097155570983887e+00
1.000097036361694336e+00
1.000097036361694336e+00
1.000097036361694336e+00
1.000096917152404785e+00
1.000096917152404785e+00
1.000096797943115234e+00
1.000096797943115234e+00
1.000096678733825684e+00
1.000096678733825684e+00
1.000096559524536133e+00
1.000096559524536133e+00
1.000096440315246582e+00
1.000096440315246582e+00
1.000096440315246582e+00
1.000096321105957031e+00
1.000096321105957031e+00
1.000096201896667480e+00
1.000096201896667480e+00
1.000096082687377930e+00
1.000096082687377930e+00
1.000095963478088379e+00
1.000095963478088379e+00
1.000095844268798828e+00
1.000095844268798828e+00
1.000095844268798828e+00
1.000095725059509277e+00
1.000095725059509277e+00
1.000095605850219727e+00
1.000095605850219727e+00
1.000095486640930176e+00
1.000095486640930176e+00
1.000095486640930176e+00
1.000095367431640625e+00
1.000095367431640625e+00
1.000095248222351074e+00
1.000095248222351074e+00
1.000095129013061523e+00
1.000095129013061523e+00
1.000095129013061523e+00
1.000095009803771973e+00
1.000095009803771973e+00
1.000094890594482422e+00
1.000094890594482422e+00
1.000094771385192871e+00
1.000094771385192871e+00
1.000094771385192871e+00
1.000094652175903320e+00
1.000094652175903320e+00
1.000094532966613770e+00
1.000094532966613770e+00
1.000094413757324219e+00
1.000094413757324219e+00
1.000094413757324219e+00
1.000094294548034668e+00
1.000094294548034668e+00
1.000094175338745117e+00
1.000094175338745117e+00
1.000094056129455566e+00
1.000094056129455566e+00
1.000094056129455566e+00
1.000093936920166016e+00
1.000093936920166016e+00
1.000093817710876465e+00
1.000093817710876465e+00
1.000093817710876465e+00
1.000093698501586914e+00
1.000093698501586914e+00
1.000093579292297363e+00
1.000093579292297363e+00
1.000093460083007812e+00
1.000093460083007812e+00
1.000093460083007812e+00
1.000093340873718262e+00
1.000093340873718262e+00
1.000093221664428711e+00
1.000093221664428711e+00
1.000093221664428711e+00
1.000093102455139160e+00
1.000093102455139160e+00
1.000092983245849609e+00
1.000092983245849609e+00
1.000092983245849609e+00
1.000092864036560059e+00
1.000092864036560059e+00
1.000092744827270508e+00
1.000092744827270508e+00
1.000092744827270508e+00
1.000092625617980957e+00
1.000092625617980957e+00
1.000092506408691406e+00
1.000092506408691406e+00
1.000092506408691406e+00
1.000092387199401855e+00
1.000092387199401855e+00
1.000092267990112305e+00
1.000092267990112305e+00
1.000092267990112305e+00
1.000092148780822754e+00
1.000092148780822754e+00
1.000092029571533203e+00
1.000092029571533203e+00
1.000092029571533203e+00
1.000091910362243652e+00
1.000091910362243652e+00
1.000091791152954102e+00
1.000091791152954102e+00
1.000091791152954102e+00
1.000091671943664551e+00
1.000091671943664551e+00
1.000091552734375000e+00
1.000091552734375000e+00
1.000091433525085449e+00
1.000091433525085449e+00
1.000091433525085449e+00
1.000091314315795898e+00
1.000091314315795898e+00
1.000091195106506348e+00
1.000091195106506348e+00
1.000091075897216797e+00
1.000091075897216797e+00
1.000091075897216797e+00
1.000090956687927246e+00
1.000090956687927246e+00
1.000090837478637695e+00
1.000090837478637695e+00
1.000090718269348145e+00
1.000090718269348145e+00
1.000090718269348145e+00
1.000090599060058594e+00
1.000090599060058594e+00
1.000090479850769043e+00
1.000090479850769043e+00
1.000090479850769043e+00
1.000090360641479492e+00
1.000090360641479492e+00
1.000090241432189941e+00
1.000090241432189941e+00
1.000090241432189941e+00
1.000090122222900391e+00
1.000090122222900391e+00
1.000090003013610840e+00
1.000090003013610840e+00
1.000090003013610840e+00
1.000089883804321289e+00
1.000089883804321289e+00
1.000089764595031738e+00
1.000089764595031738e+00
1.000089764595031738e+00
1.000089645385742188e+00
1.000089645385742188e+00
1.000089526176452637e+00
1.000089526176452637e+00
1.000089526176452637e+00
1.000089406967163086e+00
1.000089406967163086e+00
1.000089287757873535e+00
1.000089287757873535e+00
1.000089287757873535e+00
1.000089168548583984e+00
1.000089168548583984e+00
1.000089049339294434e+00
1.000089049339294434e+00
1.000089049339294434e+00
1.000088930130004883e+00
1.000088930130004883e+00
1.000088810920715332e+00
1.000088810920715332e+00
1.000088810920715332e+00
1.000088691711425781e+00
1.000088691711425781e+00
1.000088572502136230e+00
1.000088572502136230e+00
1.000088572502136230e+00
1.000088453292846680e+00
1.000088453292846680e+00
1.000088453292846680e+00
1.000088334083557129e+00
1.000088334083557129e+00
1.000088214874267578e+00
1.000088214874267578e+00
1.000088214874267578e+00
1.000088095664978027e+00
1.000088095664978027e+00
1.000088095664978027e+00
1.000087976455688477e+00
1.000087976455688477e+00
1.000087857246398926e+00
1.000087857246398926e+00
1.000087857246398926e+00
1.000087738037109375e+00
1.000087738037109375e+00
1.000087738037109375e+00
1.000087618827819824e+00
1.000087618827819824e+00
1.000087499618530273e+00
1.000087499618530273e+00
1.000087499618530273e+00
1.000087380409240723e+00
1.000087380409240723e+00
1.000087261199951172e+00
1.000087261199951172e+00
1.000087261199951172e+00
1.000087141990661621e+00
1.000087141990661621e+00
1.000087141990661621e+00
1.000087022781372070e+00
1.000087022781372070e+00
1.000086903572082520e+00
1.000086903572082520e+00
1.000086903572082520e+00
1.000086784362792969e+00
1.000086784362792969e+00
1.000086665153503418e+00
1.000086665153503418e+00
1.000086665153503418e+00
1.000086545944213867e+00
1.000086545944213867e+00
1.000086426734924316e+00
1.000086426734924316e+00
1.000086426734924316e+00
1.000086307525634766e+00
1.000086307525634766e+00
1.000086188316345215e+00
1.000086188316345215e+00
1.000086188316345215e+00
1.000086069107055664e+00
1.000086069107055664e+00
1.000085949897766113e+00
1.000085949897766113e+00
1.000085949897766113e+00
1.000085830688476562e+00
1.000085830688476562e+00
1.000085711479187012e+00
1.000085711479187012e+00
1.000085711479187012e+00
1.000085592269897461e+00
1.000085592269897461e+00
1.000085592269897461e+00
1.000085473060607910e+00
1.000085473060607910e+00
1.000085353851318359e+00
1.000085353851318359e+00
1.000085353851318359e+00
1.000085234642028809e+00
1.000085234642028809e+00
1.000085234642028809e+00
1.000085115432739258e+00
1.000085115432739258e+00
1.000084996223449707e+00
1.000084996223449707e+00
1.000084996223449707e+00
1.000084877014160156e+00
1.000084877014160156e+00
1.000084877014160156e+00
1.000084757804870605e+00
1.000084757804870605e+00
1.000084638595581055e+00
1.000084638595581055e+00
1.000084638595581055e+00
1.000084519386291504e+00
1.000084519386291504e+00
1.000084519386291504e+00
1.000084400177001953e+00
1.000084400177001953e+00
1.000084280967712402e+00
1.000084280967712402e+00
1.000084280967712402e+00
1.000084161758422852e+00
1.000084161758422852e+00
1.000084161758422852e+00
1.000084042549133301e+00
1.000084042549133301e+00
1.000083923339843750e+00
1.000083923339843750e+00
1.000083923339843750e+00
1.000083804130554199e+00
1.000083804130554199e+00
1.000083804130554199e+00
1.000083684921264648e+00
1.000083684921264648e+00
1.000083684921264648e+00
1.000083565711975098e+00
1.000083565711975098e+00
1.000083446502685547e+00
1.000083446502685547e+00
1.000083446502685547e+00
1.000083327293395996e+00
1.000083327293395996e+00
1.000083327293395996e+00
1.000083208084106445e+00
1.000083208084106445e+00
1.000083208084106445e+00
1.000083088874816895e+00
1.000083088874816895e+00
1.000083088874816895e+00
1.000082969665527344e+00
1.000082969665527344e+00
1.000082850456237793e+00
1.000082850456237793e+00
1.000082850456237793e+00
1.000082731246948242e+00
1.000082731246948242e+00
1.000082731246948242e+00
1.000082612037658691e+00
1.000082612037658691e+00
1.000082492828369141e+00
1.000082492828369141e+00
1.000082492828369141e+00
1.000082373619079590e+00
1.000082373619079590e+00
1.000082373619079590e+00
1.000082254409790039e+00
1.000082254409790039e+00
1.000082135200500488e+00
1.000082135200500488e+00
1.000082135200500488e+00
1.000082015991210938e+00
1.000082015991210938e+00
1.000082015991210938e+00
1.000081896781921387e+00
1.000081896781921387e+00
1.000081777572631836e+00
1.000081777572631836e+00
1.000081777572631836e+00
1.000081658363342285e+00
1.000081658363342285e+00
1.000081658363342285e+00
1.000081539154052734e+00
1.000081539154052734e+00
1.000081539154052734e+00
1.000081419944763184e+00
1.000081419944763184e+00
1.000081300735473633e+00
1.000081300735473633e+00
1.000081300735473633e+00
1.000081181526184082e+00
1.000081181526184082e+00
1.000081181526184082e+00
1.000081062316894531e+00
1.000081062316894531e+00
1.000081062316894531e+00
1.000080943107604980e+00
1.000080943107604980e+00
1.000080823898315430e+00
1.000080823898315430e+00
1.000080823898315430e+00
1.000080704689025879e+00
1.000080704689025879e+00
1.000080704689025879e+00
1.000080585479736328e+00
1.000080585479736328e+00
1.000080585479736328e+00
1.000080466270446777e+00
1.000080466270446777e+00
1.000080466270446777e+00
1.000080347061157227e+00
1.000080347061157227e+00
1.000080227851867676e+00
1.000080227851867676e+00
1.000080227851867676e+00
1.000080108642578125e+00
1.000080108642578125e+00
1.000080108642578125e+00
1.000079989433288574e+00
1.000079989433288574e+00
1.000079989433288574e+00
1.000079870223999023e+00
1.000079870223999023e+00
1.000079870223999023e+00
1.000079751014709473e+00
1.000079751014709473e+00
1.000079631805419922e+00
1.000079631805419922e+00
1.000079631805419922e+00
1.000079512596130371e+00
1.000079512596130371e+00
1.000079512596130371e+00
1.000079393386840820e+00
1.000079393386840820e+00
1.000079393386840820e+00
1.000079274177551270e+00
1.000079274177551270e+00
1.000079274177551270e+00
1.000079154968261719e+00
1.000079154968261719e+00
1.000079154968261719e+00
1.000079035758972168e+00
1.000079035758972168e+00
1.000079035758972168e+00
1.000078916549682617e+00
1.000078916549682617e+00
1.000078916549682617e+00
1.000078797340393066e+00
1.000078797340393066e+00
1.000078797340393066e+00
1.000078678131103516e+00
1.000078678131103516e+00
1.000078678131103516e+00
1.000078558921813965e+00
1.000078558921813965e+00
1.000078558921813965e+00
1.000078439712524414e+00
1.000078439712524414e+00
1.000078439712524414e+00
1.000078320503234863e+00
1.000078320503234863e+00
1.000078201293945312e+00
1.000078201293945312e+00
1.000078201293945312e+00
1.000078082084655762e+00
1.000078082084655762e+00
1.000078082084655762e+00
1.000077962875366211e+00
1.000077962875366211e+00
1.000077962875366211e+00
1.000077843666076660e+00
1.000077843666076660e+00
1.000077843666076660e+00
1.000077724456787109e+00
1.000077724456787109e+00
1.000077605247497559e+00
1.000077605247497559e+00
1.000077605247497559e+00
1.000077486038208008e+00
1.000077486038208008e+00
1.000077486038208008e+00
1.000077366828918457e+00
1.000077366828918457e+00
1.000077366828918457e+00
1.000077247619628906e+00
1.000077247619628906e+00
1.000077247619628906e+00
1.000077128410339355e+00
1.000077128410339355e+00
1.000077128410339355e+00
1.000077009201049805e+00
1.000077009201049805e+00
1.000077009201049805e+00
1.000076889991760254e+00
1.000076889991760254e+00
1.000076889991760254e+00
1.000076770782470703e+00
1.000076770782470703e+00
1.000076770782470703e+00
1.000076651573181152e+00
1.000076651573181152e+00
1.000076651573181152e+00
1.000076532363891602e+00
1.000076532363891602e+00
1.000076532363891602e+00
1.000076413154602051e+00
1.000076413154602051e+00
1.000076413154602051e+00
1.000076293945312500e+00
1.000076293945312500e+00
1.000076174736022949e+00
1.000076174736022949e+00
1.000076174736022949e+00
1.000076055526733398e+00
1.000076055526733398e+00
1.000076055526733398e+00
1.000075936317443848e+00
1.000075936317443848e+00
1.000075936317443848e+00
1.000075817108154297e+00
1.000075817108154297e+00
1.000075817108154297e+00
1.000075697898864746e+00
1.000075697898864746e+00
1.000075697898864746e+00
1.000075578689575195e+00
1.000075578689575195e+00
1.000075578689575195e+00
1.000075459480285645e+00
1.000075459480285645e+00
1.000075459480285645e+00
1.000075340270996094e+00
1.000075340270996094e+00
1.000075340270996094e+00
1.000075340270996094e+00
1.000075221061706543e+00
1.000075221061706543e+00
1.000075221061706543e+00
1.000075101852416992e+00
1.000075101852416992e+00
1.000075101852416992e+00
1.000074982643127441e+00
1.000074982643127441e+00
1.000074982643127441e+00
1.000074863433837891e+00
1.000074863433837891e+00
1.000074863433837891e+00
1.000074744224548340e+00
1.000074744224548340e+00
1.000074744224548340e+00
1.000074625015258789e+00
1.000074625015258789e+00
1.000074625015258789e+00
1.000074505805969238e+00
1.000074505805969238e+00
1.000074505805969238e+00
1.000074386596679688e+00
1.000074386596679688e+00
1.000074386596679688e+00
1.000074267387390137e+00
1.000074267387390137e+00
1.000074267387390137e+00
1.000074148178100586e+00
1.000074148178100586e+00
1.000074148178100586e+00
1.000074028968811035e+00
1.000074028968811035e+00
1.000074028968811035e+00
1.000073909759521484e+00
1.000073909759521484e+00
1.000073909759521484e+00
1.000073790550231934e+00
1.000073790550231934e+00
1.000073790550231934e+00
1.000073671340942383e+00
1.000073671340942383e+00
1.000073671340942383e+00
1.000073552131652832e+00
1.000073552131652832e+00
1.000073552131652832e+00
1.000073432922363281e+00
1.000073432922363281e+00
1.000073432922363281e+00
1.000073313713073730e+00
1.000073313713073730e+00
1.000073313713073730e+00
1.000073194503784180e+00
1.000073194503784180e+00
1.000073194503784180e+00
1.000073075294494629e+00
1.000073075294494629e+00
1.000073075294494629e+00
1.000072956085205078e+00
1.000072956085205078e+00
1.000072956085205078e+00
1.000072836875915527e+00
1.000072836875915527e+00
1.000072836875915527e+00
1.000072717666625977e+00
1.000072717666625977e+00
1.000072717666625977e+00
1.000072717666625977e+00
1.000072598457336426e+00
1.000072598457336426e+00
1.000072598457336426e+00
1.000072479248046875e+00
1.000072479248046875e+00
1.000072479248046875e+00
1.000072360038757324e+00
1.000072360038757324e+00
1.000072360038757324e+00
1.000072240829467773e+00
1.000072240829467773e+00
1.000072240829467773e+00
1.000072121620178223e+00
1.000072121620178223e+00
1.000072121620178223e+00
1.000072002410888672e+00
1.000072002410888672e+00
1.000072002410888672e+00
1.000071883201599121e+00
1.000071883201599121e+00
1.000071883201599121e+00
1.000071763992309570e+00
1.000071763992309570e+00
1.000071763992309570e+00
1.000071644783020020e+00
1.000071644783020020e+00
1.000071644783020020e+00
1.000071644783020020e+00
1.000071525573730469e+00
1.000071525573730469e+00
1.000071525573730469e+00
1.000071406364440918e+00
1.000071406364440918e+00
1.000071406364440918e+00
1.000071287155151367e+00
1.000071287155151367e+00
1.000071287155151367e+00
1.000071167945861816e+00
1.000071167945861816e+00
1.000071167945861816e+00
1.000071167945861816e+00
1.000071048736572266e+00
1.000071048736572266e+00
1.000071048736572266e+00
1.000070929527282715e+00
1.000070929527282715e+00
1.000070929527282715e+00
1.000070810317993164e+00
1.000070810317993164e+00
1.000070810317993164e+00
1.000070810317993164e+00
1.000070691108703613e+00
1.000070691108703613e+00
1.000070691108703613e+00
1.000070571899414062e+00
1.000070571899414062e+00
1.000070571899414062e+00
1.000070452690124512e+00
1.000070452690124512e+00
1.000070452690124512e+00
1.000070333480834961e+00
1.000070333480834961e+00
1.000070333480834961e+00
1.000070214271545410e+00
1.000070214271545410e+00
1.000070214271545410e+00
1.000070095062255859e+00
1.000070095062255859e+00
1.000070095062255859e+00
1.000069975852966309e+00
1.000069975852966309e+00
1.000069975852966309e+00
1.000069975852966309e+00
1.000069856643676758e+00
1.000069856643676758e+00
1.000069856643676758e+00
1.000069737434387207e+00
1.000069737434387207e+00
1.000069737434387207e+00
1.000069618225097656e+00
1.000069618225097656e+00
1.000069618225097656e+00
1.000069499015808105e+00
1.000069499015808105e+00
1.000069499015808105e+00
1.000069379806518555e+00
1.000069379806518555e+00
1.000069379806518555e+00
1.000069379806518555e+00
1.000069260597229004e+00
1.000069260597229004e+00
1.000069260597229004e+00
1.000069141387939453e+00
1.000069141387939453e+00
1.000069141387939453e+00
1.000069022178649902e+00
1.000069022178649902e+00
1.000069022178649902e+00
1.000069022178649902e+00
1.000068902969360352e+00
1.000068902969360352e+00
1.000068902969360352e+00
1.000068783760070801e+00
1.000068783760070801e+00
1.000068783760070801e+00
1.000068664550781250e+00
1.000068664550781250e+00
1.000068664550781250e+00
1.000068545341491699e+00
1.000068545341491699e+00
1.000068545341491699e+00
1.000068545341491699e+00
1.000068426132202148e+00
1.000068426132202148e+00
1.000068426132202148e+00
1.000068306922912598e+00
1.000068306922912598e+00
1.000068306922912598e+00
1.000068187713623047e+00
1.000068187713623047e+00
1.000068187713623047e+00
1.000068068504333496e+00
1.000068068504333496e+00
1.000068068504333496e+00
1.000068068504333496e+00
1.000067949295043945e+00
1.000067949295043945e+00
1.000067949295043945e+00
1.000067830085754395e+00
1.000067830085754395e+00
1.000067830085754395e+00
1.000067830085754395e+00
1.000067710876464844e+00
1.000067710876464844e+00
1.000067710876464844e+00
1.000067591667175293e+00
1.000067591667175293e+00
1.000067591667175293e+00
1.000067472457885742e+00
1.000067472457885742e+00
1.000067472457885742e+00
1.000067472457885742e+00
1.000067353248596191e+00
1.000067353248596191e+00
1.000067353248596191e+00
1.000067234039306641e+00
1.000067234039306641e+00
1.000067234039306641e+00
1.000067234039306641e+00
1.000067114830017090e+00
1.000067114830017090e+00
1.000067114830017090e+00
1.000066995620727539e+00
1.000066995620727539e+00
1.000066995620727539e+00
1.000066995620727539e+00
1.000066876411437988e+00
1.000066876411437988e+00
1.000066876411437988e+00
1.000066757202148438e+00
1.000066757202148438e+00
1.000066757202148438e+00
1.000066637992858887e+00
1.000066637992858887e+00
1.000066637992858887e+00
1.000066518783569336e+00
1.000066518783569336e+00
1.000066518783569336e+00
1.000066518783569336e+00
1.000066399574279785e+00
1.000066399574279785e+00
1.000066399574279785e+00
1.000066280364990234e+00
1.000066280364990234e+00
1.000066280364990234e+00
1.000066161155700684e+00
1.000066161155700684e+00
1.000066161155700684e+00
1.000066161155700684e+00
1.000066041946411133e+00
1.000066041946411133e+00
1.000066041946411133e+00
1.000065922737121582e+00
1.000065922737121582e+00
1.000065922737121582e+00
1.000065922737121582e+00
1.000065803527832031e+00
1.000065803527832031e+00
1.000065803527832031e+00
1.000065684318542480e+00
1.000065684318542480e+00
1.000065684318542480e+00
1.000065565109252930e+00
1.000065565109252930e+00
1.000065565109252930e+00
1.000065565109252930e+00
1.000065445899963379e+00
1.000065445899963379e+00
1.000065445899963379e+00
1.000065326690673828e+00
1.000065326690673828e+00
1.000065326690673828e+00
1.000065326690673828e+00
1.000065207481384277e+00
1.000065207481384277e+00
1.000065207481384277e+00
1.000065088272094727e+00
1.000065088272094727e+00
1.000065088272094727e+00
1.000065088272094727e+00
1.000064969062805176e+00
1.000064969062805176e+00
1.000064969062805176e+00
1.000064849853515625e+00
1.000064849853515625e+00
1.000064849853515625e+00
1.000064849853515625e+00
1.000064730644226074e+00
1.000064730644226074e+00
1.000064730644226074e+00
1.000064611434936523e+00
1.000064611434936523e+00
1.000064611434936523e+00
1.000064611434936523e+00
1.000064492225646973e+00
1.000064492225646973e+00
1.000064492225646973e+00
1.000064373016357422e+00
1.000064373016357422e+00
1.000064373016357422e+00
1.000064373016357422e+00
1.000064253807067871e+00
1.000064253807067871e+00
1.000064253807067871e+00
1.000064134597778320e+00
1.000064134597778320e+00
1.000064134597778320e+00
1.000064134597778320e+00
1.000064015388488770e+00
1.000064015388488770e+00
1.000064015388488770e+00
1.000064015388488770e+00
1.000063896179199219e+00
1.000063896179199219e+00
1.000063896179199219e+00
1.000063776969909668e+00
1.000063776969909668e+00
1.000063776969909668e+00
1.000063776969909668e+00
1.000063657760620117e+00
1.000063657760620117e+00
1.000063657760620117e+00
1.000063538551330566e+00
1.000063538551330566e+00
1.000063538551330566e+00
1.000063538551330566e+00
1.000063419342041016e+00
1.000063419342041016e+00
1.000063419342041016e+00
1.000063419342041016e+00
1.000063300132751465e+00
1.000063300132751465e+00
1.000063300132751465e+00
1.000063180923461914e+00
1.000063180923461914e+00
1.000063180923461914e+00
1.000063061714172363e+00
1.000063061714172363e+00
1.000063061714172363e+00
1.000063061714172363e+00
1.000062942504882812e+00
1.000062942504882812e+00
1.000062942504882812e+00
1.000062823295593262e+00
1.000062823295593262e+00
1.000062823295593262e+00
1.000062823295593262e+00
1.000062704086303711e+00
1.000062704086303711e+00
1.000062704086303711e+00
1.000062704086303711e+00
1.000062584877014160e+00
1.000062584877014160e+00
1.000062584877014160e+00
1.000062465667724609e+00
1.000062465667724609e+00
1.000062465667724609e+00
1.000062465667724609e+00
1.000062346458435059e+00
1.000062346458435059e+00
1.000062346458435059e+00
1.000062227249145508e+00
1.000062227249145508e+00
1.000062227249145508e+00
1.000062227249145508e+00
1.000062108039855957e+00
1.000062108039855957e+00
1.000062108039855957e+00
1.000062108039855957e+00
1.000061988830566406e+00
1.000061988830566406e+00
1.000061988830566406e+00
1.000061869621276855e+00
1.000061869621276855e+00
1.000061869621276855e+00
1.000061869621276855e+00
1.000061750411987305e+00
1.000061750411987305e+00
1.000061750411987305e+00
1.000061750411987305e+00
1.000061631202697754e+00
1.000061631202697754e+00
1.000061631202697754e+00
1.000061511993408203e+00
1.000061511993408203e+00
1.000061511993408203e+00
1.000061511993408203e+00
1.000061392784118652e+00
1.000061392784118652e+00
1.000061392784118652e+00
1.000061392784118652e+00
1.000061273574829102e+00
1.000061273574829102e+00
1.000061273574829102e+00
1.000061154365539551e+00
1.000061154365539551e+00
1.000061154365539551e+00
1.000061154365539551e+00
1.000061035156250000e+00
1.000061035156250000e+00
1.000061035156250000e+00
1.000061035156250000e+00
1.000060915946960449e+00
1.000060915946960449e+00
1.000060915946960449e+00
1.000060915946960449e+00
1.000060796737670898e+00
1.000060796737670898e+00
1.000060796737670898e+00
1.000060677528381348e+00
1.000060677528381348e+00
1.000060677528381348e+00
1.000060677528381348e+00
1.000060558319091797e+00
1.000060558319091797e+00
1.000060558319091797e+00
1.000060558319091797e+00
1.000060439109802246e+00
1.000060439109802246e+00
1.000060439109802246e+00
1.000060439109802246e+00
1.000060319900512695e+00
1.000060319900512695e+00
1.000060319900512695e+00
1.000060319900512695e+00
1.000060200691223145e+00
1.000060200691223145e+00
1.000060200691223145e+00
1.000060081481933594e+00
1.000060081481933594e+00
1.000060081481933594e+00
1.000060081481933594e+00
1.000059962272644043e+00
1.000059962272644043e+00
1.000059962272644043e+00
1.000059962272644043e+00
1.000059843063354492e+00
1.000059843063354492e+00
1.000059843063354492e+00
1.000059723854064941e+00
1.000059723854064941e+00
1.000059723854064941e+00
1.000059723854064941e+00
1.000059604644775391e+00
1.000059604644775391e+00
1.000059604644775391e+00
1.000059604644775391e+00
1.000059485435485840e+00
1.000059485435485840e+00
1.000059485435485840e+00
1.000059485435485840e+00
1.000059366226196289e+00
1.000059366226196289e+00
1.000059366226196289e+00
1.000059247016906738e+00
1.000059247016906738e+00
1.000059247016906738e+00
1.000059247016906738e+00
1.000059127807617188e+00
1.000059127807617188e+00
1.000059127807617188e+00
1.000059127807617188e+00
1.000059008598327637e+00
1.000059008598327637e+00
1.000059008598327637e+00
1.000059008598327637e+00
1.000058889389038086e+00
1.000058889389038086e+00
1.000058889389038086e+00
1.000058889389038086e+00
1.000058770179748535e+00
1.000058770179748535e+00
1.000058770179748535e+00
1.000058770179748535e+00
1.000058650970458984e+00
1.000058650970458984e+00
1.000058650970458984e+00
1.000058531761169434e+00
1.000058531761169434e+00
1.000058531761169434e+00
1.000058531761169434e+00
1.000058412551879883e+00
1.000058412551879883e+00
1.000058412551879883e+00
1.000058412551879883e+00
1.000058293342590332e+00
1.000058293342590332e+00
1.000058293342590332e+00
1.000058293342590332e+00
1.000058174133300781e+00
1.000058174133300781e+00
1.000058174133300781e+00
1.000058174133300781e+00
1.000058054924011230e+00
1.000058054924011230e+00
1.000058054924011230e+00
1.000058054924011230e+00
1.000057935714721680e+00
1.000057935714721680e+00
1.000057935714721680e+00
1.000057935714721680e+00
1.000057816505432129e+00
1.000057816505432129e+00
1.000057816505432129e+00
1.000057816505432129e+00
1.000057697296142578e+00
1.000057697296142578e+00
1.000057697296142578e+00
1.000057697296142578e+00
1.000057578086853027e+00
1.000057578086853027e+00
1.000057578086853027e+00
1.000057578086853027e+00
1.000057458877563477e+00
1.000057458877563477e+00
1.000057458877563477e+00
1.000057458877563477e+00
1.000057339668273926e+00
1.000057339668273926e+00
1.000057339668273926e+00
1.000057339668273926e+00
1.000057220458984375e+00
1.000057220458984375e+00
1.000057220458984375e+00
1.000057220458984375e+00
1.000057101249694824e+00
1.000057101249694824e+00
1.000057101249694824e+00
1.000057101249694824e+00
1.000056982040405273e+00
1.000056982040405273e+00
1.000056982040405273e+00
1.000056862831115723e+00
1.000056862831115723e+00
1.000056862831115723e+00
1.000056862831115723e+00
1.000056743621826172e+00
1.000056743621826172e+00
1.000056743621826172e+00
1.000056743621826172e+00
1.000056624412536621e+00
1.000056624412536621e+00
1.000056624412536621e+00
1.000056624412536621e+00
1.000056505203247070e+00
1.000056505203247070e+00
1.000056505203247070e+00
1.000056505203247070e+00
1.000056385993957520e+00
1.000056385993957520e+00
1.000056385993957520e+00
1.000056385993957520e+00
1.000056266784667969e+00
1.000056266784667969e+00
1.000056266784667969e+00
1.000056266784667969e+00
1.000056147575378418e+00
1.000056147575378418e+00
1.000056147575378418e+00
1.000056147575378418e+00
1.000056028366088867e+00
1.000056028366088867e+00
1.000056028366088867e+00
1.000056028366088867e+00
1.000055909156799316e+00
1.000055909156799316e+00
1.000055909156799316e+00
1.000055909156799316e+00
1.000055789947509766e+00
1.000055789947509766e+00
1.000055789947509766e+00
1.000055789947509766e+00
1.000055670738220215e+00
1.000055670738220215e+00
1.000055670738220215e+00
1.000055670738220215e+00
1.000055551528930664e+00
1.000055551528930664e+00
1.000055551528930664e+00
1.000055551528930664e+00
1.000055432319641113e+00
1.000055432319641113e+00
1.000055432319641113e+00
1.000055432319641113e+00
1.000055313110351562e+00
1.000055313110351562e+00
1.000055313110351562e+00
1.000055313110351562e+00
1.000055313110351562e+00
1.000055193901062012e+00
1.000055193901062012e+00
1.000055193901062012e+00
1.000055193901062012e+00
1.000055074691772461e+00
1.000055074691772461e+00
1.000055074691772461e+00
1.000055074691772461e+00
1.000054955482482910e+00
1.000054955482482910e+00
1.000054955482482910e+00
1.000054955482482910e+00
1.000054836273193359e+00
1.000054836273193359e+00
1.000054836273193359e+00
1.000054836273193359e+00
1.000054717063903809e+00
1.000054717063903809e+00
1.000054717063903809e+00
1.000054717063903809e+00
1.000054597854614258e+00
1.000054597854614258e+00
1.000054597854614258e+00
1.000054597854614258e+00
1.000054597854614258e+00
1.000054478645324707e+00
1.000054478645324707e+00
1.000054478645324707e+00
1.000054478645324707e+00
1.000054359436035156e+00
1.000054359436035156e+00
1.000054359436035156e+00
1.000054359436035156e+00
1.000054240226745605e+00
1.000054240226745605e+00
1.000054240226745605e+00
1.000054240226745605e+00
1.000054121017456055e+00
1.000054121017456055e+00
1.000054121017456055e+00
1.000054121017456055e+00
1.000054001808166504e+00
1.000054001808166504e+00
1.000054001808166504e+00
1.000054001808166504e+00
1.000053882598876953e+00
1.000053882598876953e+00
1.000053882598876953e+00
1.000053882598876953e+00
1.000053763389587402e+00
1.000053763389587402e+00
1.000053763389587402e+00
1.000053763389587402e+00
1.000053644180297852e+00
1.000053644180297852e+00
1.000053644180297852e+00
1.000053644180297852e+00
1.000053644180297852e+00
1.000053524971008301e+00
1.000053524971008301e+00
1.000053524971008301e+00
1.000053524971008301e+00
1.000053405761718750e+00
1.000053405761718750e+00
1.000053405761718750e+00
1.000053405761718750e+00
1.000053286552429199e+00
1.000053286552429199e+00
1.000053286552429199e+00
1.000053286552429199e+00
1.000053167343139648e+00
1.000053167343139648e+00
1.000053167343139648e+00
1.000053167343139648e+00
1.000053167343139648e+00
1.000053048133850098e+00
1.000053048133850098e+00
1.000053048133850098e+00
1.000053048133850098e+00
1.000052928924560547e+00
1.000052928924560547e+00
1.000052928924560547e+00
1.000052928924560547e+00
1.000052809715270996e+00
1.000052809715270996e+00
1.000052809715270996e+00
1.000052809715270996e+00
1.000052809715270996e+00
1.000052690505981445e+00
1.000052690505981445e+00
1.000052690505981445e+00
1.000052690505981445e+00
1.000052571296691895e+00
1.000052571296691895e+00
1.000052571296691895e+00
1.000052571296691895e+00
1.000052452087402344e+00
1.000052452087402344e+00
1.000052452087402344e+00
1.000052452087402344e+00
1.000052332878112793e+00
1.000052332878112793e+00
1.000052332878112793e+00
1.000052332878112793e+00
1.000052332878112793e+00
1.000052213668823242e+00
1.000052213668823242e+00
1.000052213668823242e+00
1.000052213668823242e+00
1.000052094459533691e+00
1.000052094459533691e+00
1.000052094459533691e+00
1.000052094459533691e+00
1.000051975250244141e+00
1.000051975250244141e+00
1.000051975250244141e+00
1.000051975250244141e+00
1.000051975250244141e+00
1.000051856040954590e+00
1.000051856040954590e+00
1.000051856040954590e+00
1.000051856040954590e+00
1.000051736831665039e+00
1.000051736831665039e+00
1.000051736831665039e+00
1.000051736831665039e+00
1.000051736831665039e+00
1.000051617622375488e+00
1.000051617622375488e+00
1.000051617622375488e+00
1.000051617622375488e+00
1.000051498413085938e+00
1.000051498413085938e+00
1.000051498413085938e+00
1.000051498413085938e+00
1.000051498413085938e+00
1.000051379203796387e+00
1.000051379203796387e+00
1.000051379203796387e+00
1.000051379203796387e+00
1.000051259994506836e+00
1.000051259994506836e+00
1.000051259994506836e+00
1.000051259994506836e+00
1.000051140785217285e+00
1.000051140785217285e+00
1.000051140785217285e+00
1.000051140785217285e+00
1.000051021575927734e+00
1.000051021575927734e+00
1.000051021575927734e+00
1.000051021575927734e+00
1.000051021575927734e+00
1.000050902366638184e+00
1.000050902366638184e+00
1.000050902366638184e+00
1.000050902366638184e+00
1.000050783157348633e+00
1.000050783157348633e+00
1.000050783157348633e+00
1.000050783157348633e+00
1.000050783157348633e+00
1.000050663948059082e+00
1.000050663948059082e+00
1.000050663948059082e+00
1.000050663948059082e+00
1.000050544738769531e+00
1.000050544738769531e+00
1.000050544738769531e+00
1.000050544738769531e+00
1.000050544738769531e+00
1.000050425529479980e+00
1.000050425529479980e+00
1.000050425529479980e+00
1.000050425529479980e+00
1.000050306320190430e+00
1.000050306320190430e+00
1.000050306320190430e+00
1.000050306320190430e+00
1.000050306320190430e+00
1.000050187110900879e+00
1.000050187110900879e+00
1.000050187110900879e+00
1.000050187110900879e+00
1.000050067901611328e+00
1.000050067901611328e+00
1.000050067901611328e+00
1.000050067901611328e+00
1.000050067901611328e+00
1.000049948692321777e+00
1.000049948692321777e+00
1.000049948692321777e+00
1.000049948692321777e+00
1.000049829483032227e+00
1.000049829483032227e+00
1.000049829483032227e+00
1.000049829483032227e+00
1.000049829483032227e+00
1.000049710273742676e+00
1.000049710273742676e+00
1.000049710273742676e+00
1.000049710273742676e+00
1.000049591064453125e+00
1.000049591064453125e+00
1.000049591064453125e+00
1.000049591064453125e+00
1.000049591064453125e+00
1.000049471855163574e+00
1.000049471855163574e+00
1.000049471855163574e+00
1.000049471855163574e+00
1.000049352645874023e+00
1.000049352645874023e+00
1.000049352645874023e+00
1.000049352645874023e+00
1.000049352645874023e+00
1.000049233436584473e+00
1.000049233436584473e+00
1.000049233436584473e+00
1.000049233436584473e+00
1.000049233436584473e+00
1.000049114227294922e+00
1.000049114227294922e+00
1.000049114227294922e+00
1.000049114227294922e+00
1.000048995018005371e+00
1.000048995018005371e+00
1.000048995018005371e+00
1.000048995018005371e+00
1.000048995018005371e+00
1.000048875808715820e+00
1.000048875808715820e+00
1.000048875808715820e+00
1.000048875808715820e+00
1.000048875808715820e+00
1.000048756599426270e+00
1.000048756599426270e+00
1.000048756599426270e+00
1.000048756599426270e+00
1.000048637390136719e+00
1.000048637390136719e+00
1.000048637390136719e+00
1.000048637390136719e+00
1.000048637390136719e+00
1.000048518180847168e+00
1.000048518180847168e+00
1.000048518180847168e+00
1.000048518180847168e+00
1.000048398971557617e+00
1.000048398971557617e+00
1.000048398971557617e+00
1.000048398971557617e+00
1.000048398971557617e+00
1.000048279762268066e+00
1.000048279762268066e+00
1.000048279762268066e+00
1.000048279762268066e+00
1.000048279762268066e+00
1.000048160552978516e+00
1.000048160552978516e+00
1.000048160552978516e+00
1.000048160552978516e+00
1.000048041343688965e+00
1.000048041343688965e+00
1.000048041343688965e+00
1.000048041343688965e+00
1.000048041343688965e+00
1.000047922134399414e+00
1.000047922134399414e+00
1.000047922134399414e+00
1.000047922134399414e+00
1.000047922134399414e+00
1.000047802925109863e+00
1.000047802925109863e+00
1.000047802925109863e+00
1.000047802925109863e+00
1.000047802925109863e+00
1.000047683715820312e+00
1.000047683715820312e+00
1.000047683715820312e+00
1.000047683715820312e+00
1.000047564506530762e+00
1.000047564506530762e+00
1.000047564506530762e+00
1.000047564506530762e+00
1.000047564506530762e+00
1.000047445297241211e+00
1.000047445297241211e+00
1.000047445297241211e+00
1.000047445297241211e+00
1.000047445297241211e+00
1.000047326087951660e+00
1.000047326087951660e+00
1.000047326087951660e+00
1.000047326087951660e+00
1.000047326087951660e+00
1.000047206878662109e+00
1.000047206878662109e+00
1.000047206878662109e+00
1.000047206878662109e+00
1.000047087669372559e+00
1.000047087669372559e+00
1.000047087669372559e+00
1.000047087669372559e+00
1.000047087669372559e+00
1.000046968460083008e+00
1.000046968460083008e+00
1.000046968460083008e+00
1.000046968460083008e+00
1.000046968460083008e+00
1.000046849250793457e+00
1.000046849250793457e+00
1.000046849250793457e+00
1.000046849250793457e+00
1.000046849250793457e+00
1.000046730041503906e+00
1.000046730041503906e+00
1.000046730041503906e+00
1.000046730041503906e+00
1.000046730041503906e+00
1.000046610832214355e+00
1.000046610832214355e+00
1.000046610832214355e+00
1.000046610832214355e+00
1.000046610832214355e+00
1.000046491622924805e+00
1.000046491622924805e+00
1.000046491622924805e+00
1.000046491622924805e+00
1.000046491622924805e+00
1.000046372413635254e+00
1.000046372413635254e+00
1.000046372413635254e+00
1.000046372413635254e+00
1.000046253204345703e+00
1.000046253204345703e+00
1.000046253204345703e+00
1.000046253204345703e+00
1.000046253204345703e+00
1.000046133995056152e+00
1.000046133995056152e+00
1.000046133995056152e+00
1.000046133995056152e+00
1.000046133995056152e+00
1.000046014785766602e+00
1.000046014785766602e+00
1.000046014785766602e+00
1.000046014785766602e+00
1.000046014785766602e+00
1.000045895576477051e+00
1.000045895576477051e+00
1.000045895576477051e+00
1.000045895576477051e+00
1.000045895576477051e+00
1.000045776367187500e+00
1.000045776367187500e+00
1.000045776367187500e+00
1.000045776367187500e+00
1.000045776367187500e+00
1.000045657157897949e+00
1.000045657157897949e+00
1.000045657157897949e+00
1.000045657157897949e+00
1.000045657157897949e+00
1.000045537948608398e+00
1.000045537948608398e+00
1.000045537948608398e+00
1.000045537948608398e+00
1.000045537948608398e+00
1.000045418739318848e+00
1.000045418739318848e+00
1.000045418739318848e+00
1.000045418739318848e+00
1.000045418739318848e+00
1.000045299530029297e+00
1.000045299530029297e+00
1.000045299530029297e+00
1.000045299530029297e+00
1.000045299530029297e+00
1.000045180320739746e+00
1.000045180320739746e+00
1.000045180320739746e+00
1.000045180320739746e+00
1.000045180320739746e+00
