0.000000000000000000e+00
1.029970000000000017e-02
2.021790000000000045e-02
3.013609999999999900e-02
4.005430000000000101e-02
5.035400000000000292e-02
6.027219999999999800e-02
7.019040000000000001e-02
8.010860000000000203e-02
9.002690000000000692e-02
1.003269999999999995e-01
1.102449999999999958e-01
1.201630000000000059e-01
1.300810000000000022e-01
1.403810000000000058e-01
1.502989999999999882e-01
1.602169999999999983e-01
1.701360000000000094e-01
1.800539999999999918e-01
1.903529999999999944e-01
2.002720000000000056e-01
2.101899999999999880e-01
2.201079999999999981e-01
2.300260000000000082e-01
2.403260000000000118e-01
2.502440000000000220e-01
2.601620000000000044e-01
2.700810000000000155e-01
2.803800000000000181e-01
2.902980000000000005e-01
3.002170000000000116e-01
3.101349999999999940e-01
3.200529999999999764e-01
3.303530000000000078e-01
3.402709999999999901e-01
3.501889999999999725e-01
3.601070000000000104e-01
3.700260000000000216e-01
3.803250000000000242e-01
3.902439999999999798e-01
4.001620000000000177e-01
4.100800000000000001e-01
4.203799999999999759e-01
4.302980000000000138e-01
4.402159999999999962e-01
4.501339999999999786e-01
4.600520000000000165e-01
4.703519999999999923e-01
4.802699999999999747e-01
4.901889999999999858e-01
5.001069999999999682e-01
5.100249999999999506e-01
5.203250000000000375e-01
5.302430000000000199e-01
5.401610000000000023e-01
5.500789999999999846e-01
5.603789999999999605e-01
5.702970000000000539e-01
5.802150000000000363e-01
5.901340000000000474e-01
6.000520000000000298e-01
6.103520000000000056e-01
6.202699999999999880e-01
6.301879999999999704e-01
6.401059999999999528e-01
6.500240000000000462e-01
6.603240000000000220e-01
6.702420000000000044e-01
6.801610000000000156e-01
6.900789999999999980e-01
7.003779999999999450e-01
7.102969999999999562e-01
7.202150000000000496e-01
7.301330000000000320e-01
7.400510000000000144e-01
7.503509999999999902e-01
7.602689999999999726e-01
7.701869999999999550e-01
7.801059999999999661e-01
7.900239999999999485e-01
8.003240000000000354e-01
8.102420000000000178e-01
8.201600000000000001e-01
8.300779999999999825e-01
8.403779999999999584e-01
8.502960000000000518e-01
8.602140000000000342e-01
8.701320000000000165e-01
8.800510000000000277e-01
8.903499999999999748e-01
9.002689999999999859e-01
9.101869999999999683e-01
9.201049999999999507e-01
9.300230000000000441e-01
9.403230000000000199e-01
9.502410000000000023e-01
9.601589999999999847e-01
9.700779999999999959e-01
9.803770000000000540e-01
9.902950000000000363e-01
1.000210000000000043e+00
1.010129999999999972e+00
1.020049999999999901e+00
1.030350000000000099e+00
1.040270000000000028e+00
1.050189999999999957e+00
1.060100000000000042e+00
1.070019999999999971e+00
1.080319999999999947e+00
1.090240000000000098e+00
1.100160000000000027e+00
1.110079999999999956e+00
1.120379999999999932e+00
1.130290000000000017e+00
1.140209999999999946e+00
1.150130000000000097e+00
1.160050000000000026e+00
1.170350000000000001e+00
1.180269999999999930e+00
1.190190000000000081e+00
1.200099999999999945e+00
1.210020000000000095e+00
1.220320000000000071e+00
1.230240000000000000e+00
1.240159999999999929e+00
1.250080000000000080e+00
1.260380000000000056e+00
1.270289999999999919e+00
1.280210000000000070e+00
1.290129999999999999e+00
1.300049999999999928e+00
1.310349999999999904e+00
1.320270000000000055e+00
1.330179999999999918e+00
1.340100000000000069e+00
1.350019999999999998e+00
1.360319999999999974e+00
1.370239999999999903e+00
1.380160000000000053e+00
1.390079999999999982e+00
1.400379999999999958e+00
1.410290000000000044e+00
1.420209999999999972e+00
1.430129999999999901e+00
1.440050000000000052e+00
1.450350000000000028e+00
1.460269999999999957e+00
1.470180000000000042e+00
1.480099999999999971e+00
1.490019999999999900e+00
1.500320000000000098e+00
1.510240000000000027e+00
1.520159999999999956e+00
1.530080000000000107e+00
1.540370000000000017e+00
1.550289999999999946e+00
1.560210000000000097e+00
1.570130000000000026e+00
1.580049999999999955e+00
1.590349999999999930e+00
1.600270000000000081e+00
1.610179999999999945e+00
1.620100000000000096e+00
1.630020000000000024e+00
1.640320000000000000e+00
1.650239999999999929e+00
1.660160000000000080e+00
1.670069999999999943e+00
1.680369999999999919e+00
1.690290000000000070e+00
1.700209999999999999e+00
1.710129999999999928e+00
1.720050000000000079e+00
1.730350000000000055e+00
1.740259999999999918e+00
1.750180000000000069e+00
1.760099999999999998e+00
1.770019999999999927e+00
1.780319999999999903e+00
1.790240000000000054e+00
1.800159999999999982e+00
1.810070000000000068e+00
1.820370000000000044e+00
1.830289999999999973e+00
1.840209999999999901e+00
1.850130000000000052e+00
1.860049999999999981e+00
1.870349999999999957e+00
1.880260000000000042e+00
1.890179999999999971e+00
1.900099999999999900e+00
1.910020000000000051e+00
1.920320000000000027e+00
1.930239999999999956e+00
1.940160000000000107e+00
1.950069999999999970e+00
1.960369999999999946e+00
1.970290000000000097e+00
1.980210000000000026e+00
1.990129999999999955e+00
2.000049999999999883e+00
2.010349999999999859e+00
2.020259999999999945e+00
2.030180000000000096e+00
2.040099999999999802e+00
2.050019999999999953e+00
2.060319999999999929e+00
2.070240000000000080e+00
2.080150000000000166e+00
2.090069999999999872e+00
2.100369999999999848e+00
2.110289999999999999e+00
2.120210000000000150e+00
2.130129999999999857e+00
2.140050000000000008e+00
2.150339999999999918e+00
2.160260000000000069e+00
2.170180000000000220e+00
2.180099999999999927e+00
2.190020000000000078e+00
2.200320000000000054e+00
2.210240000000000204e+00
2.220149999999999846e+00
2.230069999999999997e+00
2.240369999999999973e+00
2.250290000000000123e+00
2.260209999999999830e+00
2.270129999999999981e+00
2.280040000000000067e+00
2.290340000000000042e+00
2.300260000000000193e+00
2.310179999999999900e+00
2.320100000000000051e+00
2.330020000000000202e+00
2.340320000000000178e+00
2.350239999999999885e+00
2.360149999999999970e+00
2.370070000000000121e+00
2.380370000000000097e+00
2.390289999999999804e+00
2.400209999999999955e+00
2.410130000000000106e+00
2.420040000000000191e+00
2.430340000000000167e+00
2.440259999999999874e+00
2.450180000000000025e+00
2.460100000000000176e+00
2.470019999999999882e+00
2.480319999999999858e+00
2.490229999999999944e+00
2.500150000000000095e+00
2.510069999999999801e+00
2.520370000000000221e+00
2.530289999999999928e+00
2.540210000000000079e+00
2.550129999999999786e+00
2.560039999999999871e+00
2.570339999999999847e+00
2.580259999999999998e+00
2.590180000000000149e+00
2.600099999999999856e+00
2.610020000000000007e+00
2.620319999999999983e+00
2.630230000000000068e+00
2.640150000000000219e+00
2.650069999999999926e+00
2.660369999999999902e+00
2.670290000000000052e+00
2.680210000000000203e+00
2.690119999999999845e+00
2.700039999999999996e+00
2.710339999999999971e+00
2.720260000000000122e+00
2.730179999999999829e+00
2.740099999999999980e+00
2.750020000000000131e+00
2.760310000000000041e+00
2.770230000000000192e+00
2.780149999999999899e+00
2.790070000000000050e+00
2.800370000000000026e+00
2.810290000000000177e+00
2.820209999999999884e+00
2.830119999999999969e+00
2.840040000000000120e+00
2.850340000000000096e+00
2.860259999999999803e+00
2.870179999999999954e+00
2.880100000000000104e+00
2.890010000000000190e+00
2.900310000000000166e+00
2.910229999999999873e+00
2.920150000000000023e+00
2.930070000000000174e+00
2.940370000000000150e+00
2.950289999999999857e+00
2.960210000000000008e+00
2.970120000000000093e+00
2.980039999999999800e+00
2.990340000000000220e+00
3.000259999999999927e+00
3.010180000000000078e+00
3.020099999999999785e+00
3.030009999999999870e+00
3.040309999999999846e+00
3.050229999999999997e+00
3.060150000000000148e+00
3.070069999999999855e+00
3.080369999999999830e+00
3.090289999999999981e+00
3.100200000000000067e+00
3.110120000000000218e+00
3.120039999999999925e+00
3.130339999999999900e+00
3.140260000000000051e+00
3.150180000000000202e+00
3.160099999999999909e+00
3.170009999999999994e+00
3.180309999999999970e+00
3.190230000000000121e+00
3.200149999999999828e+00
3.210069999999999979e+00
3.220369999999999955e+00
3.230290000000000106e+00
3.240200000000000191e+00
3.250119999999999898e+00
3.260040000000000049e+00
3.270340000000000025e+00
3.280260000000000176e+00
3.290179999999999882e+00
3.300089999999999968e+00
3.310010000000000119e+00
3.320310000000000095e+00
3.330229999999999801e+00
3.340149999999999952e+00
3.350070000000000103e+00
3.360370000000000079e+00
3.370289999999999786e+00
3.380199999999999871e+00
3.390120000000000022e+00
3.400040000000000173e+00
3.410340000000000149e+00
3.420259999999999856e+00
3.430180000000000007e+00
3.440090000000000092e+00
3.450009999999999799e+00
3.460310000000000219e+00
3.470229999999999926e+00
3.480150000000000077e+00
3.490069999999999784e+00
3.500370000000000203e+00
3.510279999999999845e+00
3.520199999999999996e+00
3.530120000000000147e+00
3.540039999999999853e+00
3.550339999999999829e+00
3.560259999999999980e+00
3.570180000000000131e+00
3.580090000000000217e+00
3.590009999999999923e+00
3.600309999999999899e+00
3.610230000000000050e+00
3.620150000000000201e+00
3.630069999999999908e+00
3.640369999999999884e+00
3.650279999999999969e+00
3.660200000000000120e+00
3.670119999999999827e+00
3.680039999999999978e+00
3.690339999999999954e+00
3.700260000000000105e+00
3.710170000000000190e+00
3.720089999999999897e+00
3.730010000000000048e+00
3.740310000000000024e+00
3.750230000000000175e+00
3.760149999999999881e+00
3.770070000000000032e+00
3.780370000000000008e+00
3.790280000000000094e+00
3.800199999999999800e+00
3.810119999999999951e+00
3.820040000000000102e+00
3.830340000000000078e+00
3.840259999999999785e+00
3.850169999999999870e+00
3.860090000000000021e+00
3.870010000000000172e+00
3.880310000000000148e+00
3.890229999999999855e+00
3.900150000000000006e+00
3.910060000000000091e+00
3.920360000000000067e+00
3.930280000000000218e+00
3.940199999999999925e+00
3.950120000000000076e+00
3.960039999999999782e+00
3.970340000000000202e+00
3.980259999999999909e+00
3.990169999999999995e+00
4.000090000000000146e+00
4.010010000000000296e+00
4.020310000000000272e+00
4.030230000000000423e+00
4.040149999999999686e+00
4.050060000000000215e+00
4.060360000000000191e+00
4.070280000000000342e+00
4.080199999999999605e+00
4.090119999999999756e+00
4.100039999999999907e+00
4.110339999999999883e+00
4.120250000000000412e+00
4.130169999999999675e+00
4.140089999999999826e+00
4.150009999999999977e+00
4.160309999999999953e+00
4.170230000000000103e+00
4.180150000000000254e+00
4.190059999999999896e+00
4.200359999999999872e+00
4.210280000000000022e+00
4.220200000000000173e+00
4.230120000000000324e+00
4.240039999999999587e+00
4.250339999999999563e+00
4.260250000000000092e+00
4.270170000000000243e+00
4.280090000000000394e+00
4.290009999999999657e+00
4.300309999999999633e+00
4.310229999999999784e+00
4.320140000000000313e+00
4.330059999999999576e+00
4.340360000000000440e+00
4.350279999999999703e+00
4.360199999999999854e+00
4.370120000000000005e+00
4.380040000000000155e+00
4.390340000000000131e+00
4.400249999999999773e+00
4.410169999999999924e+00
4.420090000000000074e+00
4.430010000000000225e+00
4.440310000000000201e+00
4.450230000000000352e+00
4.460139999999999993e+00
4.470060000000000144e+00
4.480360000000000120e+00
4.490280000000000271e+00
4.500200000000000422e+00
4.510119999999999685e+00
4.520030000000000214e+00
4.530330000000000190e+00
4.540250000000000341e+00
4.550169999999999604e+00
4.560089999999999755e+00
4.570009999999999906e+00
4.580309999999999881e+00
4.590230000000000032e+00
4.600139999999999674e+00
4.610059999999999825e+00
4.620359999999999800e+00
4.630279999999999951e+00
4.640200000000000102e+00
4.650120000000000253e+00
4.660029999999999895e+00
4.670329999999999870e+00
4.680250000000000021e+00
4.690170000000000172e+00
4.700090000000000323e+00
4.710009999999999586e+00
4.720309999999999562e+00
4.730220000000000091e+00
4.740140000000000242e+00
4.750060000000000393e+00
4.760360000000000369e+00
4.770279999999999632e+00
4.780199999999999783e+00
4.790119999999999933e+00
4.800029999999999575e+00
4.810330000000000439e+00
4.820249999999999702e+00
4.830169999999999852e+00
4.840090000000000003e+00
4.850010000000000154e+00
4.860310000000000130e+00
4.870219999999999771e+00
4.880139999999999922e+00
4.890060000000000073e+00
4.900360000000000049e+00
4.910280000000000200e+00
4.920200000000000351e+00
4.930109999999999992e+00
4.940030000000000143e+00
4.950330000000000119e+00
4.960250000000000270e+00
4.970170000000000421e+00
4.980089999999999684e+00
4.990009999999999835e+00
5.000309999999999810e+00
5.010220000000000340e+00
5.020139999999999603e+00
5.030059999999999754e+00
5.040359999999999729e+00
5.050279999999999880e+00
5.060200000000000031e+00
5.070109999999999673e+00
5.080029999999999824e+00
5.090329999999999799e+00
5.100249999999999950e+00
5.110170000000000101e+00
5.120090000000000252e+00
5.129999999999999893e+00
5.140299999999999869e+00
5.150220000000000020e+00
5.160140000000000171e+00
5.170060000000000322e+00
5.180360000000000298e+00
5.190279999999999561e+00
5.200199999999999712e+00
5.210110000000000241e+00
5.220030000000000392e+00
5.230330000000000368e+00
5.240249999999999631e+00
5.250169999999999781e+00
5.260089999999999932e+00
5.269999999999999574e+00
5.280300000000000438e+00
5.290219999999999700e+00
5.300139999999999851e+00
5.310060000000000002e+00
5.320359999999999978e+00
5.330280000000000129e+00
5.340189999999999770e+00
5.350109999999999921e+00
5.360030000000000072e+00
5.370330000000000048e+00
5.380250000000000199e+00
5.390170000000000350e+00
5.400089999999999613e+00
5.410000000000000142e+00
5.420300000000000118e+00
5.430220000000000269e+00
5.440140000000000420e+00
5.450059999999999683e+00
5.460359999999999658e+00
5.470279999999999809e+00
5.480190000000000339e+00
5.490109999999999602e+00
5.500029999999999752e+00
5.510329999999999728e+00
5.520249999999999879e+00
5.530170000000000030e+00
5.540079999999999671e+00
5.549999999999999822e+00
5.560299999999999798e+00
5.570219999999999949e+00
5.580140000000000100e+00
5.590060000000000251e+00
5.600360000000000227e+00
5.610280000000000378e+00
5.620190000000000019e+00
5.630110000000000170e+00
5.640030000000000321e+00
5.650330000000000297e+00
5.660249999999999559e+00
5.670169999999999710e+00
5.680080000000000240e+00
5.690000000000000391e+00
5.700300000000000367e+00
5.710219999999999629e+00
5.720139999999999780e+00
5.730059999999999931e+00
5.740359999999999907e+00
5.750270000000000437e+00
5.760189999999999699e+00
5.770109999999999850e+00
5.780030000000000001e+00
5.790329999999999977e+00
5.800250000000000128e+00
5.810170000000000279e+00
5.820079999999999920e+00
5.830000000000000071e+00
5.840300000000000047e+00
5.850220000000000198e+00
5.860140000000000349e+00
5.870059999999999611e+00
5.880359999999999587e+00
5.890270000000000117e+00
5.900190000000000268e+00
5.910110000000000419e+00
5.920029999999999681e+00
5.930329999999999657e+00
5.940249999999999808e+00
5.950160000000000338e+00
5.960079999999999600e+00
5.969999999999999751e+00
5.980299999999999727e+00
5.990219999999999878e+00
6.000140000000000029e+00
6.010060000000000180e+00
6.020360000000000156e+00
6.030269999999999797e+00
6.040189999999999948e+00
6.050110000000000099e+00
6.060030000000000250e+00
6.070330000000000226e+00
6.080250000000000377e+00
6.090160000000000018e+00
6.100080000000000169e+00
6.110000000000000320e+00
6.120300000000000296e+00
6.130219999999999558e+00
6.140139999999999709e+00
6.150059999999999860e+00
6.160350000000000215e+00
6.170270000000000366e+00
6.180189999999999628e+00
6.190109999999999779e+00
6.200029999999999930e+00
6.210329999999999906e+00
6.220250000000000057e+00
6.230159999999999698e+00
6.240079999999999849e+00
6.250000000000000000e+00
6.260299999999999976e+00
6.270220000000000127e+00
6.280140000000000278e+00
6.290049999999999919e+00
6.300349999999999895e+00
6.310270000000000046e+00
6.320190000000000197e+00
6.330110000000000348e+00
6.340029999999999610e+00
6.350329999999999586e+00
6.360240000000000116e+00
6.370160000000000267e+00
6.380080000000000418e+00
6.390380000000000393e+00
6.400299999999999656e+00
6.410219999999999807e+00
6.420139999999999958e+00
6.430049999999999599e+00
6.440349999999999575e+00
6.450269999999999726e+00
6.460189999999999877e+00
6.470110000000000028e+00
6.480030000000000179e+00
6.490330000000000155e+00
6.500239999999999796e+00
6.510159999999999947e+00
6.520080000000000098e+00
6.530380000000000074e+00
6.540300000000000225e+00
6.550220000000000375e+00
6.560139999999999638e+00
6.570050000000000168e+00
6.580350000000000144e+00
6.590270000000000294e+00
6.600189999999999557e+00
6.610109999999999708e+00
6.620029999999999859e+00
6.630329999999999835e+00
6.640240000000000364e+00
6.650159999999999627e+00
6.660079999999999778e+00
6.670379999999999754e+00
6.680299999999999905e+00
6.690220000000000056e+00
6.700129999999999697e+00
6.710049999999999848e+00
6.720349999999999824e+00
6.730269999999999975e+00
6.740190000000000126e+00
6.750110000000000277e+00
6.760030000000000427e+00
6.770319999999999894e+00
6.780240000000000045e+00
6.790160000000000196e+00
6.800080000000000346e+00
6.810380000000000322e+00
6.820299999999999585e+00
6.830219999999999736e+00
6.840130000000000265e+00
6.850050000000000416e+00
6.860350000000000392e+00
6.870269999999999655e+00
6.880189999999999806e+00
6.890109999999999957e+00
6.900019999999999598e+00
6.910319999999999574e+00
6.920239999999999725e+00
6.930159999999999876e+00
6.940080000000000027e+00
6.950380000000000003e+00
6.960300000000000153e+00
6.970209999999999795e+00
6.980129999999999946e+00
6.990050000000000097e+00
7.000350000000000072e+00
7.010270000000000223e+00
7.020190000000000374e+00
7.030109999999999637e+00
7.040020000000000167e+00
7.050320000000000142e+00
7.060240000000000293e+00
7.070159999999999556e+00
7.080079999999999707e+00
7.090379999999999683e+00
7.100299999999999834e+00
7.110210000000000363e+00
7.120129999999999626e+00
7.130049999999999777e+00
7.140349999999999753e+00
7.150269999999999904e+00
7.160190000000000055e+00
7.170110000000000205e+00
7.180019999999999847e+00
7.190319999999999823e+00
7.200239999999999974e+00
7.210160000000000124e+00
7.220080000000000275e+00
7.230380000000000251e+00
7.240300000000000402e+00
7.250210000000000043e+00
7.260130000000000194e+00
7.270050000000000345e+00
7.280350000000000321e+00
7.290269999999999584e+00
7.300189999999999735e+00
7.310100000000000264e+00
7.320020000000000415e+00
7.330320000000000391e+00
7.340239999999999654e+00
7.350159999999999805e+00
7.360079999999999956e+00
7.370379999999999932e+00
7.380289999999999573e+00
7.390209999999999724e+00
7.400129999999999875e+00
7.410050000000000026e+00
7.420350000000000001e+00
7.430270000000000152e+00
7.440190000000000303e+00
7.450099999999999945e+00
7.460020000000000095e+00
7.470320000000000071e+00
7.480240000000000222e+00
7.490160000000000373e+00
7.500079999999999636e+00
7.510379999999999612e+00
7.520290000000000141e+00
7.530210000000000292e+00
7.540130000000000443e+00
7.550049999999999706e+00
7.560349999999999682e+00
7.570269999999999833e+00
7.580189999999999984e+00
7.590099999999999625e+00
7.600019999999999776e+00
7.610319999999999752e+00
7.620239999999999903e+00
7.630160000000000053e+00
7.640080000000000204e+00
7.650380000000000180e+00
7.660289999999999822e+00
7.670209999999999972e+00
7.680130000000000123e+00
7.690050000000000274e+00
7.700350000000000250e+00
7.710270000000000401e+00
7.720180000000000042e+00
7.730100000000000193e+00
7.740020000000000344e+00
7.750320000000000320e+00
7.760239999999999583e+00
7.770159999999999734e+00
7.780079999999999885e+00
7.790370000000000239e+00
7.800290000000000390e+00
7.810209999999999653e+00
7.820129999999999804e+00
7.830049999999999955e+00
7.840349999999999930e+00
7.850270000000000081e+00
7.860179999999999723e+00
7.870099999999999874e+00
7.880020000000000024e+00
7.890320000000000000e+00
7.900240000000000151e+00
7.910160000000000302e+00
7.920069999999999943e+00
7.930369999999999919e+00
7.940290000000000070e+00
7.950210000000000221e+00
7.960130000000000372e+00
7.970049999999999635e+00
7.980349999999999611e+00
7.990269999999999762e+00
8.000180000000000291e+00
8.010099999999999554e+00
8.020020000000000593e+00
8.030319999999999681e+00
8.040240000000000720e+00
8.050159999999999982e+00
8.060069999999999624e+00
8.070370000000000488e+00
8.080289999999999750e+00
8.090210000000000790e+00
8.100130000000000052e+00
8.110049999999999315e+00
8.120350000000000179e+00
8.130259999999999820e+00
8.140180000000000859e+00
8.150100000000000122e+00
8.160019999999999385e+00
8.170320000000000249e+00
8.180239999999999512e+00
8.190160000000000551e+00
8.200070000000000192e+00
8.210369999999999280e+00
8.220290000000000319e+00
8.230209999999999582e+00
8.240130000000000621e+00
8.250049999999999883e+00
8.260350000000000747e+00
8.270260000000000389e+00
8.280179999999999652e+00
8.290100000000000691e+00
8.300019999999999953e+00
8.310320000000000817e+00
8.320240000000000080e+00
8.330149999999999721e+00
8.340070000000000761e+00
8.350369999999999848e+00
8.360290000000000887e+00
8.370210000000000150e+00
8.380129999999999413e+00
8.390050000000000452e+00
8.400349999999999540e+00
8.410259999999999181e+00
8.420180000000000220e+00
8.430099999999999483e+00
8.440020000000000522e+00
8.450319999999999609e+00
8.460240000000000649e+00
8.470150000000000290e+00
8.480069999999999553e+00
8.490370000000000417e+00
8.500289999999999679e+00
8.510210000000000719e+00
8.520129999999999981e+00
8.530039999999999623e+00
8.540340000000000487e+00
8.550259999999999749e+00
8.560180000000000788e+00
8.570100000000000051e+00
8.580019999999999314e+00
8.590320000000000178e+00
8.600239999999999441e+00
8.610150000000000858e+00
8.620070000000000121e+00
8.630369999999999209e+00
8.640290000000000248e+00
8.650209999999999511e+00
8.660130000000000550e+00
8.670040000000000191e+00
8.680339999999999279e+00
8.690260000000000318e+00
8.700179999999999580e+00
8.710100000000000620e+00
8.720019999999999882e+00
8.730320000000000746e+00
8.740230000000000388e+00
8.750149999999999650e+00
8.760070000000000690e+00
8.770369999999999777e+00
8.780290000000000816e+00
8.790210000000000079e+00
8.800129999999999342e+00
8.810040000000000759e+00
8.820339999999999847e+00
8.830260000000000886e+00
8.840180000000000149e+00
8.850099999999999412e+00
8.860020000000000451e+00
8.870319999999999538e+00
8.880229999999999180e+00
8.890150000000000219e+00
8.900069999999999482e+00
8.910370000000000346e+00
8.920289999999999608e+00
8.930210000000000647e+00
8.940120000000000289e+00
8.950039999999999552e+00
8.960340000000000416e+00
8.970259999999999678e+00
8.980180000000000717e+00
8.990099999999999980e+00
9.000019999999999243e+00
9.010320000000000107e+00
9.020229999999999748e+00
9.030150000000000787e+00
9.040070000000000050e+00
9.050369999999999138e+00
9.060290000000000177e+00
9.070209999999999440e+00
9.080120000000000857e+00
9.090040000000000120e+00
9.100339999999999208e+00
9.110260000000000247e+00
9.120179999999999509e+00
9.130100000000000549e+00
9.140010000000000190e+00
9.150309999999999278e+00
9.160230000000000317e+00
9.170149999999999579e+00
9.180070000000000618e+00
9.190369999999999706e+00
9.200290000000000745e+00
9.210210000000000008e+00
9.220119999999999649e+00
9.230040000000000688e+00
9.240339999999999776e+00
9.250260000000000815e+00
9.260180000000000078e+00
9.270099999999999341e+00
9.280010000000000758e+00
9.290309999999999846e+00
9.300230000000000885e+00
9.310150000000000148e+00
9.320069999999999411e+00
9.330370000000000275e+00
9.340289999999999537e+00
9.350199999999999179e+00
9.360120000000000218e+00
9.370039999999999480e+00
9.380340000000000344e+00
9.390259999999999607e+00
9.400180000000000646e+00
9.410099999999999909e+00
9.420009999999999550e+00
9.430310000000000414e+00
9.440229999999999677e+00
9.450150000000000716e+00
9.460069999999999979e+00
9.470370000000000843e+00
9.480290000000000106e+00
9.490199999999999747e+00
9.500120000000000786e+00
9.510040000000000049e+00
9.520339999999999137e+00
9.530260000000000176e+00
9.540179999999999438e+00
9.550090000000000856e+00
9.560010000000000119e+00
9.570309999999999206e+00
9.580230000000000246e+00
9.590149999999999508e+00
9.600070000000000547e+00
9.610369999999999635e+00
9.620290000000000674e+00
9.630200000000000315e+00
9.640119999999999578e+00
9.650040000000000617e+00
9.660339999999999705e+00
9.670260000000000744e+00
9.680180000000000007e+00
9.690089999999999648e+00
9.700010000000000687e+00
9.710309999999999775e+00
9.720230000000000814e+00
9.730150000000000077e+00
9.740069999999999339e+00
9.750370000000000203e+00
9.760279999999999845e+00
9.770200000000000884e+00
9.780120000000000147e+00
9.790039999999999409e+00
9.800340000000000273e+00
9.810259999999999536e+00
9.820180000000000575e+00
9.830090000000000217e+00
9.840009999999999479e+00
9.850310000000000343e+00
9.860229999999999606e+00
9.870150000000000645e+00
9.880069999999999908e+00
9.890370000000000772e+00
9.900280000000000413e+00
9.910199999999999676e+00
9.920120000000000715e+00
9.930039999999999978e+00
9.940340000000000842e+00
9.950260000000000105e+00
9.960169999999999746e+00
9.970090000000000785e+00
9.980010000000000048e+00
9.990309999999999135e+00
1.000019999999999953e+01
1.001009999999999955e+01
1.002009999999999934e+01
1.003040000000000020e+01
1.004030000000000022e+01
1.005020000000000024e+01
1.006010000000000026e+01
1.007000000000000028e+01
1.008029999999999937e+01
1.009029999999999916e+01
1.010019999999999918e+01
1.011009999999999920e+01
1.011999999999999922e+01
1.013030000000000008e+01
1.014020000000000010e+01
1.015010000000000012e+01
1.016009999999999991e+01
1.017040000000000077e+01
1.018030000000000079e+01
1.019020000000000081e+01
1.020010000000000083e+01
1.021000000000000085e+01
1.022029999999999994e+01
1.023029999999999973e+01
1.024019999999999975e+01
1.025009999999999977e+01
1.025999999999999979e+01
1.027030000000000065e+01
1.028020000000000067e+01
1.029010000000000069e+01
1.030010000000000048e+01
1.031039999999999957e+01
1.032029999999999959e+01
1.033019999999999960e+01
1.034009999999999962e+01
1.034999999999999964e+01
1.036030000000000051e+01
1.037030000000000030e+01
1.038020000000000032e+01
1.039010000000000034e+01
1.040000000000000036e+01
1.041029999999999944e+01
1.042019999999999946e+01
1.043009999999999948e+01
1.044009999999999927e+01
1.045040000000000013e+01
1.046030000000000015e+01
1.047020000000000017e+01
1.048010000000000019e+01
1.049000000000000021e+01
1.050029999999999930e+01
1.051030000000000086e+01
1.052020000000000088e+01
1.053009999999999913e+01
1.053999999999999915e+01
1.055030000000000001e+01
1.056020000000000003e+01
1.057010000000000005e+01
1.058009999999999984e+01
1.059040000000000070e+01
1.060030000000000072e+01
1.061020000000000074e+01
1.062010000000000076e+01
1.063000000000000078e+01
1.064029999999999987e+01
1.065029999999999966e+01
1.066019999999999968e+01
1.067009999999999970e+01
1.067999999999999972e+01
1.069030000000000058e+01
1.070020000000000060e+01
1.071010000000000062e+01
1.072010000000000041e+01
1.073039999999999949e+01
1.074029999999999951e+01
1.075019999999999953e+01
1.076009999999999955e+01
1.076999999999999957e+01
1.078030000000000044e+01
1.079030000000000022e+01
1.080020000000000024e+01
1.081010000000000026e+01
1.082000000000000028e+01
1.083029999999999937e+01
1.084019999999999939e+01
1.085009999999999941e+01
1.086009999999999920e+01
1.087040000000000006e+01
1.088030000000000008e+01
1.089020000000000010e+01
1.090010000000000012e+01
1.091000000000000014e+01
1.092029999999999923e+01
1.093030000000000079e+01
1.094020000000000081e+01
1.095010000000000083e+01
1.096000000000000085e+01
1.097029999999999994e+01
1.098019999999999996e+01
1.099009999999999998e+01
1.100009999999999977e+01
1.101040000000000063e+01
1.102030000000000065e+01
1.103020000000000067e+01
1.104010000000000069e+01
1.105000000000000071e+01
1.106029999999999980e+01
1.107029999999999959e+01
1.108019999999999960e+01
1.109009999999999962e+01
1.109999999999999964e+01
1.111030000000000051e+01
1.112020000000000053e+01
1.113010000000000055e+01
1.114010000000000034e+01
1.115039999999999942e+01
1.116029999999999944e+01
1.117019999999999946e+01
1.118009999999999948e+01
1.118999999999999950e+01
1.120030000000000037e+01
1.121030000000000015e+01
1.122020000000000017e+01
1.123010000000000019e+01
1.124000000000000021e+01
1.125029999999999930e+01
1.126019999999999932e+01
1.127009999999999934e+01
1.128009999999999913e+01
1.129039999999999999e+01
1.130030000000000001e+01
1.131020000000000003e+01
1.132010000000000005e+01
1.133000000000000007e+01
1.134029999999999916e+01
1.135030000000000072e+01
1.136020000000000074e+01
1.137010000000000076e+01
1.138000000000000078e+01
1.139029999999999987e+01
1.140019999999999989e+01
1.141009999999999991e+01
1.142009999999999970e+01
1.143040000000000056e+01
1.144030000000000058e+01
1.145020000000000060e+01
1.146010000000000062e+01
1.147000000000000064e+01
1.148029999999999973e+01
1.149019999999999975e+01
1.150019999999999953e+01
1.151009999999999955e+01
1.151999999999999957e+01
1.153030000000000044e+01
1.154020000000000046e+01
1.155010000000000048e+01
1.156010000000000026e+01
1.157039999999999935e+01
1.158029999999999937e+01
1.159019999999999939e+01
1.160009999999999941e+01
1.160999999999999943e+01
1.162030000000000030e+01
1.163020000000000032e+01
1.164020000000000010e+01
1.165010000000000012e+01
1.166000000000000014e+01
1.167029999999999923e+01
1.168019999999999925e+01
1.169009999999999927e+01
1.170010000000000083e+01
1.171039999999999992e+01
1.172029999999999994e+01
1.173019999999999996e+01
1.174009999999999998e+01
1.175000000000000000e+01
1.176030000000000086e+01
1.177020000000000088e+01
1.178020000000000067e+01
1.179010000000000069e+01
1.180000000000000071e+01
1.181029999999999980e+01
1.182019999999999982e+01
1.183009999999999984e+01
1.184009999999999962e+01
1.185040000000000049e+01
1.186030000000000051e+01
1.187020000000000053e+01
1.188010000000000055e+01
1.189000000000000057e+01
1.190029999999999966e+01
1.191019999999999968e+01
1.192019999999999946e+01
1.193009999999999948e+01
1.193999999999999950e+01
1.195030000000000037e+01
1.196020000000000039e+01
1.197010000000000041e+01
1.198010000000000019e+01
1.199039999999999928e+01
1.200029999999999930e+01
1.201019999999999932e+01
1.202009999999999934e+01
1.202999999999999936e+01
1.204030000000000022e+01
1.205020000000000024e+01
1.206020000000000003e+01
1.207010000000000005e+01
1.208000000000000007e+01
1.209029999999999916e+01
1.210019999999999918e+01
1.211009999999999920e+01
1.212010000000000076e+01
1.213039999999999985e+01
1.214029999999999987e+01
1.215019999999999989e+01
1.216009999999999991e+01
1.216999999999999993e+01
1.218030000000000079e+01
1.219020000000000081e+01
1.220020000000000060e+01
1.221010000000000062e+01
1.222000000000000064e+01
1.223029999999999973e+01
1.224019999999999975e+01
1.225009999999999977e+01
1.226009999999999955e+01
1.227040000000000042e+01
1.228030000000000044e+01
1.229020000000000046e+01
1.230010000000000048e+01
1.231000000000000050e+01
1.232029999999999959e+01
1.233019999999999960e+01
1.234019999999999939e+01
1.235009999999999941e+01
1.235999999999999943e+01
1.237030000000000030e+01
1.238020000000000032e+01
1.239010000000000034e+01
1.240010000000000012e+01
1.241039999999999921e+01
1.242029999999999923e+01
1.243019999999999925e+01
1.244009999999999927e+01
1.244999999999999929e+01
1.246030000000000015e+01
1.247020000000000017e+01
1.248019999999999996e+01
1.249009999999999998e+01
1.250000000000000000e+01
1.251030000000000086e+01
1.252020000000000088e+01
1.253009999999999913e+01
1.254010000000000069e+01
1.255039999999999978e+01
1.256029999999999980e+01
1.257019999999999982e+01
1.258009999999999984e+01
1.258999999999999986e+01
1.260030000000000072e+01
1.261020000000000074e+01
1.262020000000000053e+01
1.263010000000000055e+01
1.264039999999999964e+01
1.265029999999999966e+01
1.266019999999999968e+01
1.267009999999999970e+01
1.268009999999999948e+01
1.269040000000000035e+01
1.270030000000000037e+01
1.271020000000000039e+01
1.272010000000000041e+01
1.273000000000000043e+01
1.274029999999999951e+01
1.275019999999999953e+01
1.276019999999999932e+01
1.277009999999999934e+01
1.278040000000000020e+01
1.279030000000000022e+01
1.280020000000000024e+01
1.281010000000000026e+01
1.282010000000000005e+01
1.283039999999999914e+01
1.284029999999999916e+01
1.285019999999999918e+01
1.286009999999999920e+01
1.286999999999999922e+01
1.288030000000000008e+01
1.289020000000000010e+01
1.290019999999999989e+01
1.291009999999999991e+01
1.292040000000000077e+01
1.293030000000000079e+01
1.294020000000000081e+01
1.295010000000000083e+01
1.296010000000000062e+01
1.297039999999999971e+01
1.298029999999999973e+01
1.299019999999999975e+01
1.300009999999999977e+01
1.300999999999999979e+01
1.302030000000000065e+01
1.303020000000000067e+01
1.304020000000000046e+01
1.305010000000000048e+01
1.306039999999999957e+01
1.307029999999999959e+01
1.308019999999999960e+01
1.309009999999999962e+01
1.310009999999999941e+01
1.311040000000000028e+01
1.312030000000000030e+01
1.313020000000000032e+01
1.314010000000000034e+01
1.315000000000000036e+01
1.316029999999999944e+01
1.317019999999999946e+01
1.318019999999999925e+01
1.319009999999999927e+01
1.320040000000000013e+01
1.321030000000000015e+01
1.322020000000000017e+01
1.323010000000000019e+01
1.324009999999999998e+01
1.325040000000000084e+01
1.326030000000000086e+01
1.327020000000000088e+01
1.328009999999999913e+01
1.328999999999999915e+01
1.330030000000000001e+01
1.331020000000000003e+01
1.332019999999999982e+01
1.333009999999999984e+01
1.334040000000000070e+01
1.335030000000000072e+01
1.336020000000000074e+01
1.337010000000000076e+01
1.338010000000000055e+01
1.339039999999999964e+01
1.340029999999999966e+01
1.341019999999999968e+01
1.342009999999999970e+01
1.342999999999999972e+01
1.344030000000000058e+01
1.345020000000000060e+01
1.346020000000000039e+01
1.347010000000000041e+01
1.348039999999999949e+01
1.349029999999999951e+01
1.350019999999999953e+01
1.351009999999999955e+01
1.352009999999999934e+01
1.353040000000000020e+01
1.354030000000000022e+01
1.355020000000000024e+01
1.356010000000000026e+01
1.357000000000000028e+01
1.358029999999999937e+01
1.359019999999999939e+01
1.360019999999999918e+01
1.361009999999999920e+01
1.362040000000000006e+01
1.363030000000000008e+01
1.364020000000000010e+01
1.365010000000000012e+01
1.366000000000000014e+01
1.367029999999999923e+01
1.368030000000000079e+01
1.369020000000000081e+01
1.370010000000000083e+01
1.371000000000000085e+01
1.372029999999999994e+01
1.373019999999999996e+01
1.374019999999999975e+01
1.375009999999999977e+01
1.376040000000000063e+01
1.377030000000000065e+01
1.378020000000000067e+01
1.379010000000000069e+01
1.380000000000000071e+01
1.381029999999999980e+01
1.382029999999999959e+01
1.383019999999999960e+01
1.384009999999999962e+01
1.384999999999999964e+01
1.386030000000000051e+01
1.387020000000000053e+01
1.388020000000000032e+01
1.389010000000000034e+01
1.390039999999999942e+01
1.391029999999999944e+01
1.392019999999999946e+01
1.393009999999999948e+01
1.393999999999999950e+01
1.395030000000000037e+01
1.396030000000000015e+01
1.397020000000000017e+01
1.398010000000000019e+01
1.399000000000000021e+01
1.400029999999999930e+01
1.401019999999999932e+01
1.402020000000000088e+01
1.403009999999999913e+01
1.404039999999999999e+01
1.405030000000000001e+01
1.406020000000000003e+01
1.407010000000000005e+01
1.408000000000000007e+01
1.409029999999999916e+01
1.410030000000000072e+01
1.411020000000000074e+01
1.412010000000000076e+01
1.413000000000000078e+01
1.414029999999999987e+01
1.415019999999999989e+01
1.416019999999999968e+01
1.417009999999999970e+01
1.418040000000000056e+01
1.419030000000000058e+01
1.420020000000000060e+01
1.421010000000000062e+01
1.422000000000000064e+01
1.423029999999999973e+01
1.424029999999999951e+01
1.425019999999999953e+01
1.426009999999999955e+01
1.426999999999999957e+01
1.428030000000000044e+01
1.429020000000000046e+01
1.430020000000000024e+01
1.431010000000000026e+01
1.432039999999999935e+01
1.433029999999999937e+01
1.434019999999999939e+01
1.435009999999999941e+01
1.435999999999999943e+01
1.437030000000000030e+01
1.438030000000000008e+01
1.439020000000000010e+01
1.440010000000000012e+01
1.441000000000000014e+01
1.442029999999999923e+01
1.443019999999999925e+01
1.444020000000000081e+01
1.445010000000000083e+01
1.446039999999999992e+01
1.447029999999999994e+01
1.448019999999999996e+01
1.449009999999999998e+01
1.450000000000000000e+01
1.451030000000000086e+01
1.452030000000000065e+01
1.453020000000000067e+01
1.454010000000000069e+01
1.455000000000000071e+01
1.456029999999999980e+01
1.457019999999999982e+01
1.458019999999999960e+01
1.459009999999999962e+01
1.460040000000000049e+01
1.461030000000000051e+01
1.462020000000000053e+01
1.463010000000000055e+01
1.464000000000000057e+01
1.465029999999999966e+01
1.466029999999999944e+01
1.467019999999999946e+01
1.468009999999999948e+01
1.468999999999999950e+01
1.470030000000000037e+01
1.471020000000000039e+01
1.472020000000000017e+01
1.473010000000000019e+01
1.474039999999999928e+01
1.475029999999999930e+01
1.476019999999999932e+01
1.477009999999999934e+01
1.477999999999999936e+01
1.479030000000000022e+01
1.480030000000000001e+01
1.481020000000000003e+01
1.482010000000000005e+01
1.483000000000000007e+01
1.484029999999999916e+01
1.485019999999999918e+01
1.486020000000000074e+01
1.487010000000000076e+01
1.488039999999999985e+01
1.489029999999999987e+01
1.490019999999999989e+01
1.491009999999999991e+01
1.491999999999999993e+01
1.493030000000000079e+01
1.494030000000000058e+01
1.495020000000000060e+01
1.496010000000000062e+01
1.497000000000000064e+01
1.498029999999999973e+01
1.499019999999999975e+01
1.500000000000000000e+01
