8.945412264438346028e-05
8.937055827118456364e-05
8.929448813432827592e-05
8.923731365939602256e-05
8.917272498365491629e-05
8.911829354474321008e-05
8.905992581276223063e-05
8.900841203285381198e-05
8.895334758562967181e-05
8.890229946700856090e-05
8.884880662662908435e-05
8.879523375071585178e-05
8.874758350430056453e-05
8.869321754900738597e-05
8.864588744472712278e-05
8.859384251991286874e-05
8.854672341840341687e-05
8.849621372064575553e-05
8.844807598507031798e-05
8.839799556881189346e-05
8.834626351017504930e-05
8.830128354020416737e-05
8.824898395687341690e-05
8.820463699521496892e-05
8.815214823698624969e-05
8.810508006718009710e-05
8.805557445157319307e-05
8.800719660939648747e-05
8.795812027528882027e-05
8.790592983132228255e-05
8.786181570030748844e-05
8.780982170719653368e-05
8.776509639574214816e-05
8.771291322773322463e-05
8.766543760430067778e-05
8.761679055169224739e-05
8.756778697716072202e-05
8.752067515160888433e-05
8.746716775931417942e-05
8.742306090425699949e-05
8.737166353967040777e-05
8.732670539757236838e-05
8.727546082809567451e-05
8.722775237401947379e-05
8.718040044186636806e-05
8.713138959137722850e-05
8.708579844096675515e-05
8.703291678102687001e-05
8.698864985490217805e-05
8.693835843587294221e-05
8.689458627486601472e-05
8.684823114890605211e-05
8.680169412400573492e-05
8.675749268149957061e-05
8.670879469718784094e-05
8.666471694596111774e-05
8.661363972350955009e-05
8.657057333039119840e-05
8.652263932162895799e-05
8.647880895296111703e-05
8.643203909741714597e-05
8.638406143290922046e-05
8.634059486212208867e-05
8.629198418930172920e-05
8.625025657238438725e-05
8.620143489679321647e-05
8.615771366748958826e-05
8.611074736109003425e-05
8.606654591858386993e-05
8.602071466157212853e-05
8.597189298598095775e-05
8.592925587436184287e-05
8.587999764131382108e-05
8.583842281950637698e-05
8.578953566029667854e-05
8.574467210564762354e-05
8.569763303967192769e-05
8.565212920075282454e-05
8.560626156395301223e-05
8.555918611818924546e-05
8.551342762075364590e-05
8.546369645046070218e-05
8.542121213395148516e-05
8.537206304026767612e-05
8.532604260835796595e-05
8.527925820089876652e-05
8.523259748471900821e-05
8.518721733707934618e-05
8.513895591022446752e-05
8.509367762599140406e-05
8.504430297762155533e-05
8.500134572386741638e-05
8.495293150190263987e-05
8.490905020153149962e-05
8.486083970637992024e-05
8.481402619509026408e-05
8.477039955323562026e-05
8.472253102809190750e-05
8.467964653391391039e-05
8.463195990771055222e-05
8.458907541353255510e-05
8.454112685285508633e-05
8.449668530374765396e-05
8.444952254649251699e-05
8.440290548605844378e-05
8.436153439106419683e-05
8.431424794252961874e-05
8.427444117842242122e-05
8.422671817243099213e-05
8.418480138061568141e-05
8.413992327405139804e-05
8.409687870880588889e-05
8.405226253671571612e-05
8.400576916756108403e-05
8.396571502089500427e-05
8.391889423364773393e-05
8.387894922634586692e-05
8.383199019590392709e-05
8.378968050237745047e-05
8.374568278668448329e-05
8.370197610929608345e-05
8.365914254682138562e-05
8.361075015272945166e-05
8.357089973287656903e-05
8.352398435818031430e-05
8.348316623596474528e-05
8.343593799509108067e-05
8.339238411281257868e-05
8.334834274137392640e-05
8.330318087246268988e-05
8.326042006956413388e-05
8.321142377099022269e-05
8.317062747664749622e-05
8.312339923577383161e-05
8.308153337566182017e-05
8.303514914587140083e-05
8.298939792439341545e-05
8.294568397104740143e-05
8.289929246529936790e-05
8.285708463517948985e-05
8.280803740490227938e-05
8.276665175799280405e-05
8.271996193798258901e-05
8.267769590020179749e-05
8.263208292191848159e-05
8.258581510744988918e-05
8.254296699305996299e-05
8.249589154729619622e-05
8.245479693869128823e-05
8.240767056122422218e-05
8.236640132963657379e-05
8.232247637351974845e-05
8.228149090427905321e-05
8.223855547839775681e-05
8.219285518862307072e-05
8.215204434236511588e-05
8.210523810703307390e-05
8.206596976378932595e-05
8.201998571166768670e-05
8.197843999369069934e-05
8.193470421247184277e-05
8.189285290427505970e-05
8.185037586372345686e-05
8.180716395145282149e-05
8.176491246558725834e-05
8.171921217581257224e-05
8.168027852661907673e-05
8.163518214132636786e-05
8.159313438227400184e-05
8.155010436894372106e-05
8.150746725732460618e-05
8.146551408572122455e-05
8.142126898746937513e-05
8.137927943607792258e-05
8.133338269544765353e-05
8.129351044772192836e-05
8.124814485199749470e-05
8.120715938275679946e-05
8.116161188809201121e-05
8.111749775707721710e-05
8.107561734504997730e-05
8.102975698420777917e-05
8.098779653664678335e-05
8.094159420579671860e-05
8.090069604804739356e-05
8.085530862445011735e-05
8.081323176156729460e-05
8.076791709754616022e-05
8.072265336522832513e-05
8.068140596151351929e-05
8.063454151852056384e-05
8.059490210143849254e-05
8.054760110098868608e-05
8.050638280110433698e-05
8.046201401157304645e-05
8.041997352847829461e-05
8.037629595492035151e-05
8.033128688111901283e-05
8.029212767723947763e-05
8.024615090107545257e-05
8.020693348953500390e-05
8.016019273782148957e-05
8.011859608814120293e-05
8.007520955288782716e-05
8.003311086213216186e-05
7.999207446118816733e-05
7.994637417141348124e-05
7.990896847331896424e-05
7.986490527400746942e-05
7.982675015227869153e-05
7.978252688189968467e-05
7.974198524607345462e-05
7.970093429321423173e-05
7.965912664076313376e-05
7.961949449963867664e-05
7.957426714710891247e-05
7.953663589432835579e-05
7.949314749566838145e-05
7.945463585201650858e-05
7.941187504911795259e-05
7.936981273815035820e-05
7.932940934551879764e-05
7.928664126666262746e-05
7.924746751086786389e-05
7.920196367194876075e-05
7.916348840808495879e-05
7.911978173069655895e-05
7.908021507319062948e-05
7.903726509539410472e-05
7.899372576503083110e-05
7.895337330410256982e-05
7.890903361840173602e-05
7.887009269325062633e-05
7.882473437348380685e-05
7.878452015575021505e-05
7.874074799474328756e-05
7.870006083976477385e-05
7.865726365707814693e-05
7.861247286200523376e-05
7.857265154598280787e-05
7.852723501855507493e-05
7.848895620554685593e-05
7.844398351153358817e-05
7.840330363251268864e-05
7.836017175577580929e-05
7.831902621546760201e-05
7.827690569683909416e-05
7.823444320820271969e-05
7.819288293831050396e-05
7.814852142473682761e-05
7.811125396983698010e-05
7.806857320247218013e-05
7.802890468155965209e-05
7.798832666594535112e-05
7.794794510118663311e-05
7.790789095452055335e-05
7.786577771184965968e-05
7.782566535752266645e-05
7.778216240694746375e-05
7.774471305310726166e-05
7.770225056447088718e-05
7.766408089082688093e-05
7.762177847325801849e-05
7.758088759146630764e-05
7.754209946142509580e-05
7.749971700832247734e-05
7.746098708594217896e-05
7.741837907815352082e-05
7.738063868600875139e-05
7.733876554993912578e-05
7.729992648819461465e-05
7.725792238488793373e-05
7.721599104115739465e-05
7.717760308878496289e-05
7.713391823926940560e-05
7.709681085543707013e-05
7.705239113420248032e-05
7.701356662437319756e-05
7.697144610574468970e-05
7.693134102737531066e-05
7.688919868087396026e-05
7.684571755817160010e-05
7.680754788452759385e-05
7.676308450754731894e-05
7.672543870285153389e-05
7.668078615097329021e-05
7.664091390324756503e-05
7.659906259505078197e-05
7.655796798644587398e-05
7.651731721125543118e-05
7.647180609637871385e-05
7.643439312232658267e-05
7.639041723450645804e-05
7.635258953087031841e-05
7.630885374965146184e-05
7.626906153745949268e-05
7.622881093993782997e-05
7.618797826580703259e-05
7.614908099640160799e-05
7.610445027239620686e-05
7.606729923281818628e-05
7.602396362926810980e-05
7.598592492286115885e-05
7.594377530040219426e-05
7.590297173010185361e-05
7.586413994431495667e-05
7.582349644508212805e-05
7.578656368423253298e-05
7.574380288133397698e-05
7.570769230369478464e-05
7.566674321424216032e-05
7.562970858998596668e-05
7.558964716736227274e-05
7.554910553153604269e-05
7.551171438535675406e-05
7.547061250079423189e-05
7.543464016634970903e-05
7.539283978985622525e-05
7.535566692240536213e-05
7.531528535764664412e-05
7.527769048465415835e-05
7.523813837906345725e-05
7.519661448895931244e-05
7.515967445215210319e-05
7.511735748266801238e-05
7.508171256631612778e-05
7.503957749577239156e-05
7.500133506255224347e-05
7.496079342672601342e-05
7.492198346881195903e-05
7.488233677577227354e-05
7.484208617825061083e-05
7.480253407265990973e-05
7.475962775060907006e-05
7.472319703083485365e-05
7.468084368156269193e-05
7.464148075086995959e-05
7.460107735823839903e-05
7.456120511051267385e-05
7.452198769897222519e-05
7.448080577887594700e-05
7.444173388648778200e-05
7.439921319019049406e-05
7.436242594849318266e-05
7.432052370859310031e-05
7.428281969623640180e-05
7.424089562846347690e-05
7.420059409923851490e-05
7.416252628900110722e-05
7.412131526507437229e-05
7.408419332932680845e-05
7.404376083286479115e-05
7.400797767331823707e-05
7.396844739560037851e-05
7.393156556645408273e-05
7.389159873127937317e-05
7.385160279227420688e-05
7.381499017355963588e-05
7.377350993920117617e-05
7.373853441094979644e-05
7.369687955360859632e-05
7.366060162894427776e-05
7.362147880485281348e-05
7.358418952208012342e-05
7.354517583735287189e-05
7.350484520429745317e-05
7.346964412136003375e-05
7.342863682424649596e-05
7.339378498727455735e-05
7.335257396334782243e-05
7.331563392654061317e-05
7.327686762437224388e-05
7.323865429498255253e-05
7.320083386730402708e-05
7.315826223930343986e-05
7.312329398700967431e-05
7.308196654776111245e-05
7.304619066417217255e-05
7.300458673853427172e-05
7.296645344467833638e-05
7.292759255506098270e-05
7.288804044947028160e-05
7.285030005732551217e-05
7.280719000846147537e-05
7.277143595274537802e-05
7.272991933859884739e-05
7.269329216796904802e-05
7.265257590916007757e-05
7.261265272973105311e-05
7.257430843310430646e-05
7.253388321259990335e-05
7.249689952004700899e-05
7.245413871714845300e-05
7.241821003844961524e-05
7.237770478241145611e-05
7.234123768284916878e-05
7.230195478769019246e-05
7.226220623124390841e-05
7.222544809337705374e-05
7.218496466521173716e-05
7.214923243736848235e-05
7.210759213194251060e-05
7.207085582194849849e-05
7.203106360975652933e-05
7.199445099104195833e-05
7.195639773271977901e-05
7.191674376372247934e-05
7.188192830653861165e-05
7.184208516264334321e-05
7.180865213740617037e-05
7.176922372309491038e-05
7.173338963184505701e-05
7.169558375608175993e-05
7.165936403907835484e-05
7.162263500504195690e-05
7.158523658290505409e-05
7.154871127568185329e-05
7.150917372200638056e-05
7.147542783059179783e-05
7.143637776607647538e-05
7.139988883864134550e-05
7.136259955586865544e-05
7.132555765565484762e-05
7.128919969545677304e-05
7.125073898350819945e-05
7.121433736756443977e-05
7.117453787941485643e-05
7.113991887308657169e-05
7.110060687409713864e-05
7.106500561349093914e-05
7.102553354343399405e-05
7.098718924680724740e-05
7.095090404618531466e-05
7.091103179845958948e-05
7.087468111421912909e-05
7.083464151946827769e-05
7.079912757035344839e-05
7.075982284732162952e-05
7.072331209201365709e-05
7.068410923238843679e-05
7.064484816510230303e-05
7.060922507662326097e-05
7.056854519760236144e-05
7.053425360936671495e-05
7.049317355267703533e-05
7.045723759802058339e-05
7.041850039968267083e-05
7.038170588202774525e-05
7.034350710455328226e-05
7.030423148535192013e-05
7.027055835351347923e-05
7.023158832453191280e-05
7.019847544142976403e-05
7.015952724032104015e-05
7.012439164100214839e-05
7.008760439930483699e-05
7.005113002378493547e-05
7.001514313742518425e-05
6.997473246883600950e-05
6.994167779339477420e-05
6.990289693931117654e-05
6.986940570641309023e-05
6.983073399169370532e-05
6.979520549066364765e-05
6.975929863983765244e-05
6.972255505388602614e-05
6.968777597649022937e-05
6.964799831621348858e-05
6.961484177736565471e-05
6.957653386052697897e-05
6.954252603463828564e-05
6.950482929823920131e-05
6.946761277504265308e-05
6.943198968656361103e-05
6.939411105122417212e-05
6.935955025255680084e-05
6.931934331078082323e-05
6.928527000127360225e-05
6.924668559804558754e-05
6.921163731021806598e-05
6.917374412296339869e-05
6.913521065143868327e-05
6.909964577062055469e-05
6.906041380716487765e-05
6.902614404680207372e-05
6.898617721162736416e-05
6.895069236634299159e-05
6.891223165439441800e-05
6.887636845931410789e-05
6.883886089781299233e-05
6.879939610371366143e-05
6.876463157823309302e-05
6.872475205454975367e-05
6.869145727250725031e-05
6.865242175990715623e-05
6.861701695015653968e-05
6.857994594611227512e-05
6.854433013359084725e-05
6.850821227999404073e-05
6.847126496722921729e-05
6.843501614639535546e-05
6.839566776761785150e-05
6.836229295004159212e-05
6.832381768617779016e-05
6.828822370152920485e-05
6.825231685070320964e-05
6.821684655733406544e-05
6.818255496909841895e-05
6.814618245698511600e-05
6.811214552726596594e-05
6.807494355598464608e-05
6.804249278502538800e-05
6.800586561439558864e-05
6.797260721214115620e-05
6.793602369725704193e-05
6.790032057324424386e-05
6.786688754800707102e-05
6.782983837183564901e-05
6.779642717447131872e-05
6.775953079340979457e-05
6.772658525733277202e-05
6.769032188458368182e-05
6.765635043848305941e-05
6.762001430615782738e-05
6.758325616829097271e-05
6.755012873327359557e-05
6.751195178367197514e-05
6.747982843080535531e-05
6.744131678715348244e-05
6.740735261701047421e-05
6.737091462127864361e-05
6.733582995366305113e-05
6.729937740601599216e-05
6.726128049194812775e-05
6.722834223182871938e-05
6.718980876030400395e-05
6.715697236359119415e-05
6.711828609695658088e-05
6.708347063977271318e-05
6.704734551021829247e-05
6.701144593534991145e-05
6.697641947539523244e-05
6.693684554193168879e-05
6.690432201139628887e-05
6.686610140604898334e-05
6.683290121145546436e-05
6.679468060610815883e-05
6.675956683466210961e-05
6.672448944300413132e-05
6.668868445558473468e-05
6.665541877737268806e-05
6.661756924586370587e-05
6.658602069364860654e-05
6.654985190834850073e-05
6.651749572483822703e-05
6.648176349699497223e-05
6.644621316809207201e-05
6.641240179305896163e-05
6.637631304329261184e-05
6.634374585701152682e-05
6.630599091295152903e-05
6.627402035519480705e-05
6.623817171202972531e-05
6.620551721425727010e-05
6.617050530621781945e-05
6.613462755922228098e-05
6.610191485378891230e-05
6.606542592635378242e-05
6.603392102988436818e-05
6.599703920073807240e-05
6.596403545700013638e-05
6.592844874830916524e-05
6.589497206732630730e-05
6.586015661014243960e-05
6.582310015801340342e-05
6.579063483513891697e-05
6.575311999768018723e-05
6.572148413397371769e-05
6.568427488673478365e-05
6.565017974935472012e-05
6.561446207342669368e-05
6.557987944688647985e-05
6.554501305799931288e-05
6.550918624270707369e-05
6.547438533743843436e-05
6.543660856550559402e-05
6.540434696944430470e-05
6.536711589433252811e-05
6.533222040161490440e-05
6.529685924760997295e-05
6.526154174935072660e-05
6.522735930047929287e-05
6.519093585666269064e-05
6.515706627396866679e-05
6.512021354865282774e-05
6.508809747174382210e-05
6.505213968921452761e-05
6.501933239633217454e-05
6.498333823401480913e-05
6.494801345979794860e-05
6.491484236903488636e-05
6.487807695521041751e-05
6.484490586444735527e-05
6.480856973212212324e-05
6.477639544755220413e-05
6.474143447121605277e-05
6.470883818110451102e-05
6.467451021308079362e-05
6.463968747993931174e-05
6.460877921199426055e-05
6.457311974372714758e-05
6.454300455516204238e-05
6.450712680816650391e-05
6.447538180509582162e-05
6.444164318963885307e-05
6.440895958803594112e-05
6.437533011194318533e-05
6.433987437048926950e-05
6.430969369830563664e-05
6.427418702514842153e-05
6.424370076274499297e-05
6.420800491468980908e-05
6.417556141968816519e-05
6.414212111849337816e-05
6.410849164240062237e-05
6.407594628399237990e-05
6.403894803952425718e-05
6.400834536179900169e-05
6.397257675416767597e-05
6.394119554897770286e-05
6.390520866261795163e-05
6.387165194610133767e-05
6.383818254107609391e-05
6.380339618772268295e-05
6.377093086484819651e-05
6.373353244271129370e-05
6.370223127305507660e-05
6.366634625010192394e-05
6.363428838085383177e-05
6.359843973768875003e-05
6.356411904562264681e-05
6.353117350954562426e-05
6.349562318064272404e-05
6.346382724586874247e-05
6.342656706692650914e-05
6.339488027151674032e-05
6.335951911751180887e-05
6.332720658974722028e-05
6.329305324470624328e-05
6.325805588858202100e-05
6.322681292658671737e-05
6.319173553492873907e-05
6.316211511148139834e-05
6.312672485364601016e-05
6.309585296548902988e-05
6.306217983365058899e-05
6.303022382780909538e-05
6.299720553215593100e-05
6.296185893006622791e-05
6.293130718404427171e-05
6.289606244536116719e-05
6.286635471042245626e-05
6.283177935983985662e-05
6.279994704527780414e-05
6.276695785345509648e-05
6.273479084484279156e-05
6.270270387176424265e-05
6.266694254009053111e-05
6.263735122047364712e-05
6.260248483158648014e-05
6.257247150642797351e-05
6.253802712308242917e-05
6.250540172914043069e-05
6.247260171221569180e-05
6.243941606953740120e-05
6.240749644348397851e-05
6.237297202460467815e-05
6.234097236301749945e-05
6.230581493582576513e-05
6.227487028809264302e-05
6.224023672984912992e-05
6.220645445864647627e-05
6.217366899363696575e-05
6.213934830157086253e-05
6.210760329850018024e-05
6.207195838214829564e-05
6.204009696375578642e-05
6.200496136443689466e-05
6.197340553626418114e-05
6.193899753270670772e-05
6.190656858962029219e-05
6.187237886479124427e-05
6.183750519994646311e-05
6.180682248668745160e-05
6.177141040097922087e-05
6.174022564664483070e-05
6.170630513224750757e-05
6.167490937514230609e-05
6.164171645650640130e-05
6.160927296150475740e-05
6.157597090350463986e-05
6.154076254460960627e-05
6.151079287519678473e-05
6.147583189886063337e-05
6.144604412838816643e-05
6.141157064121216536e-05
6.138039316283538938e-05
6.134880823083221912e-05
6.131691043265163898e-05
6.128570385044440627e-05
6.125200161477550864e-05
6.122329796198755503e-05
6.119002500781789422e-05
6.116068834671750665e-05
6.112734990892931819e-05
6.109606329118832946e-05
6.106523505877703428e-05
6.103286068537272513e-05
6.100307655287906528e-05
6.096860306570306420e-05
6.093954289099201560e-05
6.090645547374151647e-05
6.087656583986245096e-05
6.084336200729012489e-05
6.081116953282617033e-05
6.078060687286779284e-05
6.074709381209686399e-05
6.071754614822566509e-05
6.068265793146565557e-05
6.065269190003164113e-05
6.061942258384078741e-05
6.058852886781096458e-05
6.055592893972061574e-05
6.052184107829816639e-05
6.049139483366161585e-05
6.045672125765122473e-05
6.042737732059322298e-05
6.039229992893524468e-05
6.036166087142191827e-05
6.032857345417141914e-05
6.029706128174439073e-05
6.026483242749236524e-05
6.022997695254161954e-05
6.020015644025988877e-05
6.016539555275812745e-05
6.013600432197563350e-05
6.010187644278630614e-05
6.007040065014734864e-05
6.003829184919595718e-05
6.000687062623910606e-05
5.997623156872577965e-05
5.994200910208746791e-05
5.991400030325166881e-05
5.988109842292033136e-05
5.985253301332704723e-05
5.981996946502476931e-05
5.978881381452083588e-05
5.975776002742350101e-05
5.972611324978061020e-05
5.969606718281283975e-05
5.966335811535827816e-05
5.963353032711893320e-05
5.960084672551602125e-05
5.957195025985129178e-05
5.953997970209456980e-05
5.950849663349799812e-05
5.947835597908124328e-05
5.944640361121855676e-05
5.941723429714329541e-05
5.938397589488886297e-05
5.935466833761893213e-05
5.932217027293518186e-05
5.929268081672489643e-05
5.926076119067147374e-05
5.923027492826804519e-05
5.919830073253251612e-05
5.916518784943036735e-05
5.913622953812591732e-05
5.910241088713519275e-05
5.907233571633696556e-05
5.903967758058570325e-05
5.900918404222466052e-05
5.897722439840435982e-05
5.894570131204091012e-05
5.891380715183913708e-05
5.887957377126440406e-05
5.885088103241287172e-05
5.881704419152811170e-05
5.878778029000386596e-05
5.875389251741580665e-05
5.872285692021250725e-05
5.869144661119207740e-05
5.865952698513865471e-05
5.862850230187177658e-05
5.859504017280414701e-05
5.856662028236314654e-05
5.853382754139602184e-05
5.850480010849423707e-05
5.847195279784500599e-05
5.844084080308675766e-05
5.841033271281048656e-05
5.837808203068561852e-05
5.834861804032698274e-05
5.831465750816278160e-05
5.828617213410325348e-05
5.825423795613460243e-05
5.822549064760096371e-05
5.819407306262291968e-05
5.816350676468573511e-05
5.813502139062620699e-05
5.810341463075019419e-05
5.807605339214205742e-05
5.804360989714041352e-05
5.801557563245296478e-05
5.798479469376616180e-05
5.795598190161399543e-05
5.792594674858264625e-05
5.789417627966031432e-05
5.786626934423111379e-05
5.783415326732210815e-05
5.780710125691257417e-05
5.777472688350826502e-05
5.774614692199975252e-05
5.771554424427449703e-05
5.768599294242449105e-05
5.765609967056661844e-05
5.762321234215050936e-05
5.759553096140734851e-05
5.756305108661763370e-05
5.753527511842548847e-05
5.750313721364364028e-05
5.747300747316330671e-05
5.744235022575594485e-05
5.741173299611546099e-05
5.738190520787611604e-05
5.734813385060988367e-05
5.732033969252370298e-05
5.728776523028500378e-05
5.725938171963207424e-05
5.722737842006608844e-05
5.719657201552763581e-05
5.716628220397979021e-05
5.713506106985732913e-05
5.710569894290529191e-05
5.707329546567052603e-05
5.704395880457013845e-05
5.701175177819095552e-05
5.698324093827977777e-05
5.695208528777584434e-05
5.692133345291949809e-05
5.689260069630108774e-05
5.686181248165667057e-05
5.683442213921807706e-05
5.680288813891820610e-05
5.677510853274725378e-05
5.674443673342466354e-05
5.671628605341538787e-05
5.668609082931652665e-05
5.665702337864786386e-05
5.662690091412514448e-05
5.659549788106232882e-05
5.656854409608058631e-05
5.653709376929327846e-05
5.650896855513565242e-05
5.647882062476128340e-05
5.645042256219312549e-05
5.642103496938943863e-05
5.639168739435262978e-05
5.636232890537939966e-05
5.633073669741861522e-05
5.630403757095336914e-05
5.627274003927595913e-05
5.624539699056185782e-05
5.621391392196528614e-05
5.618469731416553259e-05
5.615535701508633792e-05
5.612502354779280722e-05
5.609566869679838419e-05
5.606371996691450477e-05
5.603631507256068289e-05
5.600473741651512682e-05
5.597657582256942987e-05
5.594491085503250360e-05
5.591468288912437856e-05
5.588549174717627466e-05
5.585412873188033700e-05
5.582594167208299041e-05
5.579298886004835367e-05
5.576499825110659003e-05
5.573364978772588074e-05
5.570499342866241932e-05
5.567380867432802916e-05
5.564319144468754530e-05
5.561492071137763560e-05
5.558337943512015045e-05
5.555640382226556540e-05
5.552436778089031577e-05
5.549661000259220600e-05
5.546623651753179729e-05
5.543758743442595005e-05
5.540783240576274693e-05
5.537616743822582066e-05
5.534859519684687257e-05
5.531691567739471793e-05
5.529040208784863353e-05
5.525911910808645189e-05
5.523156141862273216e-05
5.520262493519112468e-05
5.517456156667321920e-05
5.514668009709566832e-05
5.511562267201952636e-05
5.509004040504805744e-05
5.505986700882203877e-05
5.503389184013940394e-05
5.500416591530665755e-05
5.497602251125499606e-05
5.494780270964838564e-05
5.491928095580078661e-05
5.489193063112907112e-05
5.486081136041320860e-05
5.483498534886166453e-05
5.480495747178792953e-05
5.477849117596633732e-05
5.474888166645541787e-05
5.471996337291784585e-05
5.469190728035755455e-05
5.466247966978698969e-05
5.463525303639471531e-05
5.460457759909331799e-05
5.457720544654875994e-05
5.454691199702210724e-05
5.451963079394772649e-05
5.448985029943287373e-05
5.445988063002005219e-05
5.443190093501470983e-05
5.440141103463247418e-05
5.437443905975669622e-05
5.434315971797332168e-05
5.431556201074272394e-05
5.428541771834716201e-05
5.425754716270603240e-05
5.422807589638978243e-05
5.419933950179256499e-05
5.416990461526438594e-05
5.413878898252733052e-05
5.411231904872693121e-05
5.408136348705738783e-05
5.405360934673808515e-05
5.402429087553173304e-05
5.399659494287334383e-05
5.396853157435543835e-05
5.394027175498194993e-05
5.391265949583612382e-05
5.388284262153320014e-05
5.385744952945969999e-05
5.382790914154611528e-05
5.380183574743568897e-05
5.377205525292083621e-05
5.374417742132209241e-05
5.371657607611268759e-05
5.368780693970620632e-05
5.366042751120403409e-05
5.363070522435009480e-05
5.360508657759055495e-05
5.357593181543052197e-05
5.354969835025258362e-05
5.352054722607135773e-05
5.349237835616804659e-05
5.346557009033858776e-05
5.343629527487792075e-05
5.341040377970784903e-05
5.337989568943157792e-05
5.335372770787216723e-05
5.332463479135185480e-05
5.329766281647607684e-05
5.326846803654916584e-05
5.323932418832555413e-05
5.321261778590269387e-05
5.318226249073632061e-05
5.315645830705761909e-05
5.312559733283706009e-05
5.309863627189770341e-05
5.306941602611914277e-05
5.304160367813892663e-05
5.301308556227013469e-05
5.298228643368929625e-05
5.295588925946503878e-05
5.292515925248153508e-05
5.289916589390486479e-05
5.286839950713329017e-05
5.284094731905497611e-05
5.281226549413986504e-05
5.278410753817297518e-05
5.275646617519669235e-05
5.272549242363311350e-05
5.270018300507217646e-05
5.267040978651493788e-05
5.264464198262430727e-05
5.261527621769346297e-05
5.258728560875169933e-05
5.255929863778874278e-05
5.253087874734774232e-05
5.250381582300178707e-05
5.247311491984874010e-05
5.244780913926661015e-05
5.241875624051317573e-05
5.239322854322381318e-05
5.236520519247278571e-05
5.233767660683952272e-05
5.231154136708937585e-05
5.228377631283365190e-05
5.225859422353096306e-05
5.222975232754833996e-05
5.220450475462712348e-05
5.217649595579132438e-05
5.215104101807810366e-05
5.212361793383024633e-05
5.209565279074013233e-05
5.207001959206536412e-05
5.204158514970913529e-05
5.201689782552421093e-05
5.198805956752039492e-05
5.196229176362976432e-05
5.193442484596744180e-05
5.190829688217490911e-05
5.188100112718529999e-05
5.185394547879695892e-05
5.182661334401927888e-05
5.179725485504604876e-05
5.177253842703066766e-05
5.174339821678586304e-05
5.171677912585437298e-05
5.168878124095499516e-05
5.166179107618518174e-05
5.163446257938630879e-05
5.160650107427500188e-05
5.157926352694630623e-05
5.154972313903272152e-05
5.152454832568764687e-05
5.149544085725210607e-05
5.146965486346744001e-05
5.144051829120144248e-05
5.141292058397084475e-05
5.138599590281955898e-05
5.135743413120508194e-05
5.133058584760874510e-05
5.130139470566064119e-05
5.127610711497254670e-05
5.124777453602291644e-05
5.122221045894548297e-05
5.119435081724077463e-05
5.116722968523390591e-05
5.114205123391002417e-05
5.111405334901064634e-05
5.108984987600706518e-05
5.106103708385489881e-05
5.103609510115347803e-05
5.100861017126590014e-05
5.098288966109976172e-05
5.095541200716979802e-05
5.092773426440544426e-05
5.090287231723777950e-05
5.087439058115705848e-05
5.085048906039446592e-05
5.082195639261044562e-05
5.079683251096867025e-05
5.076996603747829795e-05
5.074405635241419077e-05
5.071785562904551625e-05
5.068906102678738534e-05
5.066483936388976872e-05
5.063642311142757535e-05
5.061212141299620271e-05
5.058352326159365475e-05
5.055766087025403976e-05
5.053083077655173838e-05
5.050401523476466537e-05
5.047788363299332559e-05
5.044824865763075650e-05
5.042382326791994274e-05
5.039516690885648131e-05
5.037014125264249742e-05
5.034188870922662318e-05
5.031465116189792752e-05
5.028788291383534670e-05
5.026024518883787096e-05
5.023430276196449995e-05
5.020451135351322591e-05
5.017967123421840370e-05
5.015113856643438339e-05
5.012576730223372579e-05
5.009794767829589546e-05
5.007036452298052609e-05
5.004446211387403309e-05
5.001665704185143113e-05
4.999186421628110111e-05
4.996330244466662407e-05
4.993820766685530543e-05
4.991054811398498714e-05
4.988516229786910117e-05
4.985797568224370480e-05
4.983009421266615391e-05
4.980473386240191758e-05
4.977656499249860644e-05
4.975247065885923803e-05
4.972453098162077367e-05
4.969966175849549472e-05
4.967326458427123725e-05
4.964840991306118667e-05
4.962294769939035177e-05
4.959742727805860341e-05
4.957212149747647345e-05
4.954486939823254943e-05
4.952176823280751705e-05
4.949482536176219583e-05
4.946996705257333815e-05
4.944419561070390046e-05
4.941904262523166835e-05
4.939398422720842063e-05
4.936791447107680142e-05
4.934292155667208135e-05
4.931569128530099988e-05
4.929221540805883706e-05
4.926530527882277966e-05
4.924115637550130486e-05
4.921413710690103471e-05
4.918815466226078570e-05
4.916321631753817201e-05
4.913618249702267349e-05
4.911117866868153214e-05
4.908369737677276134e-05
4.905947207589633763e-05
4.903240187559276819e-05
4.900746353087015450e-05
4.898033876088447869e-05
4.895347592537291348e-05
4.892869401373900473e-05
4.890081254416145384e-05
4.887695104116573930e-05
4.884853478870354593e-05
4.882386565441265702e-05
4.879695552517659962e-05
4.877152969129383564e-05
4.874465594184584916e-05
4.871718920185230672e-05
4.869290933129377663e-05
4.866488598054274917e-05
4.864136280957609415e-05
4.861362685915082693e-05
4.858911051996983588e-05
4.856350642512552440e-05
4.853856080444529653e-05
4.851393896387889981e-05
4.848638127441518009e-05
4.846375668421387672e-05
4.843697024625726044e-05
4.841384361498057842e-05
4.838681343244388700e-05
4.836215885006822646e-05
4.833692219108343124e-05
4.831147089134901762e-05
4.828711098525673151e-05
4.825949145015329123e-05
4.823664858122356236e-05
4.821016773348674178e-05
4.818685556529089808e-05
4.816086584469303489e-05
4.813546547666192055e-05
4.811088365386240184e-05
4.808507583220489323e-05
4.806125798495486379e-05
4.803367846761830151e-05
4.801043542101979256e-05
4.798394002136774361e-05
4.796003850060515106e-05
4.793397965840995312e-05
4.790768434759229422e-05
4.788317892234772444e-05
4.785637065651826560e-05
4.783269105246290565e-05
4.780515519087202847e-05
4.778079528477974236e-05
4.775418710778467357e-05
4.772951433551497757e-05
4.770348823512904346e-05
4.767630889546126127e-05
4.765203993883915246e-05
4.762443131767213345e-05
4.760106821777299047e-05
4.757364149554632604e-05
4.754888868774287403e-05
4.752273162011988461e-05
4.749786239699460566e-05
4.747258572024293244e-05
4.744704710901714861e-05
4.742207238450646400e-05
4.739506039186380804e-05
4.737211565952748060e-05
4.734543108497746289e-05
4.732061279355548322e-05
4.729507782030850649e-05
4.726993211079388857e-05
4.724515019915997982e-05
4.721928780782036483e-05
4.719485878013074398e-05
4.716849070973694324e-05
4.714581518783234060e-05
4.712029476650059223e-05
4.709733184427022934e-05
4.707208427134901285e-05
4.704756429418921471e-05
4.702451769844628870e-05
4.699910641647875309e-05
4.697606345871463418e-05
4.695067036664113402e-05
4.692807124229148030e-05
4.690314017352648079e-05
4.687991167884320021e-05
4.685498788603581488e-05
4.682992948801256716e-05
4.680723941419273615e-05
4.678118784795515239e-05
4.675930176745168865e-05
4.673300645663402975e-05
4.670988710131496191e-05
4.668500332627445459e-05
4.666108725359663367e-05
4.663615982281044126e-05
4.661016282625496387e-05
4.658762190956622362e-05
4.656121745938435197e-05
4.653872019844129682e-05
4.651215203921310604e-05
4.648824324249289930e-05
4.646332672564312816e-05
4.643860665964893997e-05
4.641439227270893753e-05
4.638706013793125749e-05
4.636461744667030871e-05
4.633824210031889379e-05
4.631531919585540891e-05
4.628884198609739542e-05
4.626443842425942421e-05
4.623978020390495658e-05
4.621456173481419683e-05
4.619073661160655320e-05
4.616359365172684193e-05
4.614114368450827897e-05
4.611542317434214056e-05
4.609272946254350245e-05
4.606793299899436533e-05
4.604344940162263811e-05
4.602040280587971210e-05
4.599571911967359483e-05
4.597348015522584319e-05
4.594747952069155872e-05
4.592534241965040565e-05
4.590034950524568558e-05
4.587757575791329145e-05
4.585306305671110749e-05
4.582808105624280870e-05
4.580524546327069402e-05
4.577995423460379243e-05
4.575812272378243506e-05
4.573227124637924135e-05
4.570994497044011950e-05
4.568547592498362064e-05
4.566249481285922229e-05
4.563858601613901556e-05
4.561317473417147994e-05
4.559090666589327157e-05
4.556520070764236152e-05
4.554352199193090200e-05
4.551803431240841746e-05
4.549467121250927448e-05
4.547016942524351180e-05
4.544645344140008092e-05
4.542252281680703163e-05
4.539614383247680962e-05
4.537397398962639272e-05
4.534796607913449407e-05
4.532572711468674242e-05
4.530002843239344656e-05
4.527591590886004269e-05
4.525145413936115801e-05
4.522697417996823788e-05
4.520322909229435027e-05
4.517786510405130684e-05
4.515417094808071852e-05
4.512829764280468225e-05
4.510573126026429236e-05
4.508046185947023332e-05
4.505608376348391175e-05
4.503239688347093761e-05
4.500786599237471819e-05
4.498510315897874534e-05
4.495973553275689483e-05
4.493696906138211489e-05
4.491179788601584733e-05
4.488926060730591416e-05
4.486448597162961960e-05
4.484127566684037447e-05
4.481660289457067847e-05
4.479170456761494279e-05
4.476957838051021099e-05
4.474429078982211649e-05
4.472218643059022725e-05
4.469817213248461485e-05
4.467615144676528871e-05
4.465292295208200812e-05
4.463037839741446078e-05
4.460729542188346386e-05
4.458285184227861464e-05
4.456214082892984152e-05
4.453774454304948449e-05
4.451676795724779367e-05
4.449227708391845226e-05
4.446998718776740134e-05
4.444712976692244411e-05
4.442407953320071101e-05
4.440128395799547434e-05
4.437666575540788472e-05
4.435575101524591446e-05
4.433137655723839998e-05
4.430993067217059433e-05
4.428541433298960328e-05
4.426245141075924039e-05
4.423964492161758244e-05
4.421579797053709626e-05
4.419366450747475028e-05
4.416807132656686008e-05
4.414655995788052678e-05
4.412196358316577971e-05
4.409986286191269755e-05
4.407519736560061574e-05
4.405145591590553522e-05
4.402878766995854676e-05
4.400415491545572877e-05
4.398230521474033594e-05
4.395661380840465426e-05
4.393466588226146996e-05
4.391020047478377819e-05
4.388762681628577411e-05
4.386367800179868937e-05
4.383888881420716643e-05
4.381660619401372969e-05
4.379156598588451743e-05
4.377034565550275147e-05
4.374524360173381865e-05
4.372353214421309531e-05
4.370020906208083034e-05
4.367811561678536236e-05
4.365565109765157104e-05
4.363133484730497003e-05
4.361059109214693308e-05
4.358637670520693064e-05
4.356576391728594899e-05
4.354172415332868695e-05
4.351944517111405730e-05
4.349642767920158803e-05
4.347390131442807615e-05
4.345157867646776140e-05
4.342665852163918316e-05
4.340623127063736320e-05
4.338218423072248697e-05
4.336146230343729258e-05
4.333781907917000353e-05
4.331532909418456256e-05
4.329287185100838542e-05
4.327002170612104237e-05
4.324820838519372046e-05
4.322443783166818321e-05
4.320257721701636910e-05
4.317851926316507161e-05
4.315724436310119927e-05
4.313354293117299676e-05
4.311026350478641689e-05
4.308783536544069648e-05
4.306414120947010815e-05
4.304238973418250680e-05
4.301773151382803917e-05
4.299583451938815415e-05
4.297163468436338007e-05
4.294974860385991633e-05
4.292600351618602872e-05
4.290344077162444592e-05
4.287972842575982213e-05
4.285532486392185092e-05
4.283392263459973037e-05
4.280906068743206561e-05
4.278709820937365294e-05
4.276331310393288732e-05
4.274124876246787608e-05
4.271822763257659972e-05
4.269561759429052472e-05
4.267281110514886677e-05
4.264838571543805301e-05
4.262791117071174085e-05
4.260370042175054550e-05
4.258276021573692560e-05
4.255839303368702531e-05
4.253612860338762403e-05
4.251347127137705684e-05
4.249057747074402869e-05
4.246829485055059195e-05
4.244438241585157812e-05
4.242416980559937656e-05
4.240100679453462362e-05
4.238058318151161075e-05
4.235766755300574005e-05
4.233599611325189471e-05
4.231492857798002660e-05
4.229252590448595583e-05
4.227217505103908479e-05
4.224850999889895320e-05
4.222845382173545659e-05
4.220580012770369649e-05
4.218521644361317158e-05
4.216254819766618311e-05
4.214039654470980167e-05
4.211963459965772927e-05
4.209659527987241745e-05
4.207658275845460594e-05
4.205282675684429705e-05
4.203228672849945724e-05
4.200967669021338224e-05
4.198847091174684465e-05
4.196631562081165612e-05
4.194284338154830039e-05
4.192217238596640527e-05
4.189833271084353328e-05
4.187827289570122957e-05
4.185424404568038881e-05
4.183304554317146540e-05
4.181035183137282729e-05
4.178849485469982028e-05
4.176637958153150976e-05
4.174214700469747186e-05
4.172171975369565189e-05
4.169781095697544515e-05
4.167742372374050319e-05
4.165380596532486379e-05
4.163173798588104546e-05
4.160924436291679740e-05
4.158689262112602592e-05
4.156512659392319620e-05
4.154064299655146897e-05
4.152061956119723618e-05
4.149734013481065631e-05
4.147717845626175404e-05
4.145465209148824215e-05
4.143302066950127482e-05
4.141195677220821381e-05
4.139013981330208480e-05
4.136978532187640667e-05
4.134710616199299693e-05
4.132663525524549186e-05
4.130396337131969631e-05
4.128371438127942383e-05
4.126141720917075872e-05
4.123929466004483402e-05
4.121839083381928504e-05
4.119601726415567100e-05
4.117594289709813893e-05
4.115291449124924839e-05
4.113270551897585392e-05
4.111044472665525973e-05
4.109005749342031777e-05
4.106824417249299586e-05
4.104719482711516321e-05
4.102537423023022711e-05
4.100248770555481315e-05
4.098277713637799025e-05
4.095965414308011532e-05
4.093891402590088546e-05
4.091659502591937780e-05
4.089554204256273806e-05
4.087370325578376651e-05
4.085187902092002332e-05
4.083005478605628014e-05
4.080651342519558966e-05
4.078665369888767600e-05
4.076335972058586776e-05
4.074301978107541800e-05
4.071964576723985374e-05
4.069795249961316586e-05
4.067623012815602124e-05
4.065380562678910792e-05
4.063216692884452641e-05
4.060871651745401323e-05
4.058866034029051661e-05
4.056570833199657500e-05
4.054529563290998340e-05
4.052252552355639637e-05
4.050079587614163756e-05
4.047997936140745878e-05
4.045753667014651000e-05
4.043745502713136375e-05
4.041390275233425200e-05
4.039382838527671993e-05
4.037146936752833426e-05
4.037146936752833426e-05
