6.000009775161743164e-01
6.000009775161743164e-01
6.000009775161743164e-01
6.000009775161743164e-01
6.000009775161743164e-01
6.000009775161743164e-01
6.000009775161743164e-01
6.000009775161743164e-01
6.000009775161743164e-01
6.000009775161743164e-01
6.000009775161743164e-01
6.000009775161743164e-01
6.000009775161743164e-01
6.000009775161743164e-01
6.000009775161743164e-01
6.000009775161743164e-01
6.000009775161743164e-01
6.000009775161743164e-01
6.000009179115295410e-01
6.000009179115295410e-01
6.000009179115295410e-01
6.000009179115295410e-01
6.000009179115295410e-01
6.000009179115295410e-01
6.000009179115295410e-01
6.000009179115295410e-01
6.000009179115295410e-01
6.000009179115295410e-01
6.000009179115295410e-01
6.000008583068847656e-01
6.000008583068847656e-01
6.000008583068847656e-01
6.000008583068847656e-01
6.000008583068847656e-01
6.000008583068847656e-01
6.000008583068847656e-01
6.000008583068847656e-01
6.000008583068847656e-01
6.000008583068847656e-01
6.000008583068847656e-01
6.000008583068847656e-01
6.000008583068847656e-01
6.000008583068847656e-01
6.000008583068847656e-01
6.000008583068847656e-01
6.000008583068847656e-01
6.000008583068847656e-01
6.000008583068847656e-01
6.000008583068847656e-01
6.000008583068847656e-01
6.000008583068847656e-01
6.000008583068847656e-01
6.000008583068847656e-01
6.000008583068847656e-01
6.000008583068847656e-01
6.000008583068847656e-01
6.000008583068847656e-01
6.000008583068847656e-01
6.000008583068847656e-01
6.000008583068847656e-01
6.000008583068847656e-01
6.000008583068847656e-01
6.000007987022399902e-01
6.000007987022399902e-01
6.000007987022399902e-01
6.000007987022399902e-01
6.000007987022399902e-01
6.000007987022399902e-01
6.000007987022399902e-01
6.000007987022399902e-01
6.000007987022399902e-01
6.000007987022399902e-01
6.000007987022399902e-01
6.000007987022399902e-01
6.000007987022399902e-01
6.000007390975952148e-01
6.000007390975952148e-01
6.000007390975952148e-01
6.000007390975952148e-01
6.000007390975952148e-01
6.000007390975952148e-01
6.000007390975952148e-01
6.000007390975952148e-01
6.000007390975952148e-01
6.000007390975952148e-01
6.000007390975952148e-01
6.000007390975952148e-01
6.000007390975952148e-01
6.000007390975952148e-01
6.000007390975952148e-01
6.000007390975952148e-01
6.000007390975952148e-01
6.000007390975952148e-01
6.000007390975952148e-01
6.000007390975952148e-01
6.000007390975952148e-01
6.000007390975952148e-01
6.000007390975952148e-01
6.000007390975952148e-01
6.000007390975952148e-01
6.000007390975952148e-01
6.000007390975952148e-01
6.000007390975952148e-01
6.000007390975952148e-01
6.000007390975952148e-01
6.000007390975952148e-01
6.000007390975952148e-01
6.000007390975952148e-01
6.000007390975952148e-01
6.000007390975952148e-01
6.000007390975952148e-01
6.000006794929504395e-01
6.000006794929504395e-01
6.000006794929504395e-01
6.000006794929504395e-01
6.000006794929504395e-01
6.000006794929504395e-01
6.000006794929504395e-01
6.000006794929504395e-01
6.000006794929504395e-01
6.000006794929504395e-01
6.000006794929504395e-01
6.000006794929504395e-01
6.000006794929504395e-01
6.000006794929504395e-01
6.000006794929504395e-01
6.000006794929504395e-01
6.000006794929504395e-01
6.000006794929504395e-01
6.000006794929504395e-01
6.000006794929504395e-01
6.000006794929504395e-01
6.000006794929504395e-01
6.000006794929504395e-01
6.000006794929504395e-01
6.000006794929504395e-01
6.000006794929504395e-01
6.000006794929504395e-01
6.000006794929504395e-01
6.000006794929504395e-01
6.000006794929504395e-01
6.000006794929504395e-01
6.000006794929504395e-01
6.000006198883056641e-01
6.000006198883056641e-01
6.000006198883056641e-01
6.000006198883056641e-01
6.000006198883056641e-01
6.000006198883056641e-01
6.000006198883056641e-01
6.000006198883056641e-01
6.000006198883056641e-01
6.000006198883056641e-01
6.000006198883056641e-01
6.000006198883056641e-01
6.000006198883056641e-01
6.000006198883056641e-01
6.000006198883056641e-01
6.000006198883056641e-01
6.000006198883056641e-01
6.000006198883056641e-01
6.000006198883056641e-01
6.000006198883056641e-01
6.000006198883056641e-01
6.000006198883056641e-01
6.000006198883056641e-01
6.000005602836608887e-01
6.000005602836608887e-01
6.000005602836608887e-01
6.000005602836608887e-01
6.000005602836608887e-01
6.000005602836608887e-01
6.000005602836608887e-01
6.000005602836608887e-01
6.000005602836608887e-01
6.000005602836608887e-01
6.000005602836608887e-01
6.000005602836608887e-01
6.000005602836608887e-01
6.000005602836608887e-01
6.000005602836608887e-01
6.000005602836608887e-01
6.000005602836608887e-01
6.000005602836608887e-01
6.000005602836608887e-01
6.000005602836608887e-01
6.000005602836608887e-01
6.000005602836608887e-01
6.000005602836608887e-01
6.000005602836608887e-01
6.000005602836608887e-01
6.000005602836608887e-01
6.000005602836608887e-01
6.000005602836608887e-01
6.000005602836608887e-01
6.000005602836608887e-01
6.000005602836608887e-01
6.000005602836608887e-01
6.000005602836608887e-01
6.000005602836608887e-01
6.000005602836608887e-01
6.000005602836608887e-01
6.000005602836608887e-01
6.000005602836608887e-01
6.000005602836608887e-01
6.000005602836608887e-01
6.000005006790161133e-01
6.000005006790161133e-01
6.000005006790161133e-01
6.000005006790161133e-01
6.000005006790161133e-01
6.000005006790161133e-01
6.000005006790161133e-01
6.000005006790161133e-01
6.000005006790161133e-01
6.000005006790161133e-01
6.000005006790161133e-01
6.000005006790161133e-01
6.000005006790161133e-01
6.000005006790161133e-01
6.000005006790161133e-01
6.000005006790161133e-01
6.000005006790161133e-01
6.000005006790161133e-01
6.000005006790161133e-01
6.000005006790161133e-01
6.000005006790161133e-01
6.000005006790161133e-01
6.000005006790161133e-01
6.000005006790161133e-01
6.000005006790161133e-01
6.000005006790161133e-01
6.000005006790161133e-01
6.000005006790161133e-01
6.000005006790161133e-01
6.000005006790161133e-01
6.000005006790161133e-01
6.000005006790161133e-01
6.000005006790161133e-01
6.000005006790161133e-01
6.000005006790161133e-01
6.000005006790161133e-01
6.000005006790161133e-01
6.000005006790161133e-01
6.000005006790161133e-01
6.000005006790161133e-01
6.000005006790161133e-01
6.000005006790161133e-01
6.000005006790161133e-01
6.000004410743713379e-01
6.000004410743713379e-01
6.000004410743713379e-01
6.000004410743713379e-01
6.000004410743713379e-01
6.000004410743713379e-01
6.000004410743713379e-01
6.000004410743713379e-01
6.000004410743713379e-01
6.000004410743713379e-01
6.000004410743713379e-01
6.000004410743713379e-01
6.000004410743713379e-01
6.000004410743713379e-01
6.000004410743713379e-01
6.000004410743713379e-01
6.000004410743713379e-01
6.000004410743713379e-01
6.000004410743713379e-01
6.000004410743713379e-01
6.000004410743713379e-01
6.000004410743713379e-01
6.000004410743713379e-01
6.000004410743713379e-01
6.000004410743713379e-01
6.000004410743713379e-01
6.000004410743713379e-01
6.000004410743713379e-01
6.000004410743713379e-01
6.000004410743713379e-01
6.000004410743713379e-01
6.000004410743713379e-01
6.000004410743713379e-01
6.000004410743713379e-01
6.000004410743713379e-01
6.000004410743713379e-01
6.000004410743713379e-01
6.000004410743713379e-01
6.000004410743713379e-01
6.000004410743713379e-01
6.000004410743713379e-01
6.000004410743713379e-01
6.000004410743713379e-01
6.000004410743713379e-01
6.000004410743713379e-01
6.000004410743713379e-01
6.000004410743713379e-01
6.000003814697265625e-01
6.000003814697265625e-01
6.000003814697265625e-01
6.000003814697265625e-01
6.000003814697265625e-01
6.000003814697265625e-01
6.000003814697265625e-01
6.000003814697265625e-01
6.000003814697265625e-01
6.000003814697265625e-01
6.000003814697265625e-01
6.000003814697265625e-01
6.000003814697265625e-01
6.000003814697265625e-01
6.000003814697265625e-01
6.000003814697265625e-01
6.000003814697265625e-01
6.000003814697265625e-01
6.000003814697265625e-01
6.000003814697265625e-01
6.000003814697265625e-01
6.000003814697265625e-01
6.000003814697265625e-01
6.000003814697265625e-01
6.000003814697265625e-01
6.000003814697265625e-01
6.000003814697265625e-01
6.000003814697265625e-01
6.000003814697265625e-01
6.000003814697265625e-01
6.000003814697265625e-01
6.000003814697265625e-01
6.000003814697265625e-01
6.000003814697265625e-01
6.000003814697265625e-01
6.000003814697265625e-01
6.000003814697265625e-01
6.000003814697265625e-01
6.000003814697265625e-01
6.000003814697265625e-01
6.000003814697265625e-01
6.000003814697265625e-01
6.000003814697265625e-01
6.000003814697265625e-01
6.000003814697265625e-01
6.000003814697265625e-01
6.000003814697265625e-01
6.000003814697265625e-01
6.000003814697265625e-01
6.000003218650817871e-01
6.000003218650817871e-01
6.000003218650817871e-01
6.000003218650817871e-01
6.000003218650817871e-01
6.000003218650817871e-01
6.000003218650817871e-01
6.000003218650817871e-01
6.000003218650817871e-01
6.000003218650817871e-01
6.000003218650817871e-01
6.000003218650817871e-01
6.000003218650817871e-01
6.000003218650817871e-01
6.000003218650817871e-01
6.000003218650817871e-01
6.000003218650817871e-01
6.000003218650817871e-01
6.000003218650817871e-01
6.000003218650817871e-01
6.000003218650817871e-01
6.000003218650817871e-01
6.000003218650817871e-01
6.000003218650817871e-01
6.000003218650817871e-01
6.000003218650817871e-01
6.000003218650817871e-01
6.000003218650817871e-01
6.000003218650817871e-01
6.000003218650817871e-01
6.000003218650817871e-01
6.000003218650817871e-01
6.000003218650817871e-01
6.000003218650817871e-01
6.000003218650817871e-01
6.000003218650817871e-01
6.000003218650817871e-01
6.000003218650817871e-01
6.000003218650817871e-01
6.000003218650817871e-01
6.000003218650817871e-01
6.000003218650817871e-01
6.000003218650817871e-01
6.000003218650817871e-01
6.000003218650817871e-01
6.000003218650817871e-01
6.000003218650817871e-01
6.000003218650817871e-01
6.000003218650817871e-01
6.000003218650817871e-01
6.000003218650817871e-01
6.000003218650817871e-01
6.000003218650817871e-01
6.000003218650817871e-01
6.000003218650817871e-01
6.000003218650817871e-01
6.000003218650817871e-01
6.000003218650817871e-01
6.000003218650817871e-01
6.000003218650817871e-01
6.000003218650817871e-01
6.000003218650817871e-01
6.000003218650817871e-01
6.000003218650817871e-01
6.000003218650817871e-01
6.000003218650817871e-01
6.000003218650817871e-01
6.000003218650817871e-01
6.000003218650817871e-01
6.000003218650817871e-01
6.000003218650817871e-01
6.000003218650817871e-01
6.000003218650817871e-01
6.000002622604370117e-01
6.000002622604370117e-01
6.000002622604370117e-01
6.000002622604370117e-01
6.000002622604370117e-01
6.000002622604370117e-01
6.000002622604370117e-01
6.000002622604370117e-01
6.000002622604370117e-01
6.000002622604370117e-01
6.000002622604370117e-01
6.000002622604370117e-01
6.000002622604370117e-01
6.000002622604370117e-01
6.000002622604370117e-01
6.000002622604370117e-01
6.000002622604370117e-01
6.000002622604370117e-01
6.000002622604370117e-01
6.000002622604370117e-01
6.000002622604370117e-01
6.000002622604370117e-01
6.000002622604370117e-01
6.000002622604370117e-01
6.000002622604370117e-01
6.000002622604370117e-01
6.000002622604370117e-01
6.000002622604370117e-01
6.000002622604370117e-01
6.000002622604370117e-01
6.000002622604370117e-01
6.000002622604370117e-01
6.000002622604370117e-01
6.000002622604370117e-01
6.000002622604370117e-01
6.000002622604370117e-01
6.000002622604370117e-01
6.000002622604370117e-01
6.000002622604370117e-01
6.000002622604370117e-01
