9.987964801894122502e-07
9.923674608976600362e-07
9.847863575103138845e-07
9.773357923208945913e-07
9.706970419018135754e-07
9.646900860767425471e-07
9.593283424860209099e-07
9.544168340495872104e-07
9.495571668290575621e-07
9.459316163654242406e-07
9.429075937214299464e-07
9.409878846474096861e-07
9.387262527396803608e-07
9.381173473128268402e-07
9.374620420144721674e-07
9.364180421357220559e-07
9.356056606743915169e-07
9.360161183306094927e-07
9.357467192249247894e-07
9.348845487696883553e-07
9.353649283538041949e-07
9.353237967238326331e-07
9.345357595723599856e-07
9.342808419852994877e-07
9.340779847722822397e-07
9.330998107795357073e-07
9.320131615339549827e-07
9.314899367841011698e-07
9.300843486934766445e-07
9.280494994704356778e-07
9.269234156459528225e-07
9.246914414419152897e-07
9.220816220688021203e-07
9.194094300092710360e-07
9.164748307917355640e-07
9.134743579427251866e-07
9.097058408261123537e-07
9.062805086151363196e-07
9.017335389749923995e-07
8.976778421711605654e-07
8.933681415059040248e-07
8.885771160602236724e-07
8.838980161932063325e-07
8.790282199689215725e-07
8.736835611283754391e-07
8.686164035073017237e-07
8.636751031623685788e-07
8.580538945595719095e-07
8.526262884621506657e-07
8.481260639340358015e-07
8.429123510861540772e-07
8.378736771707870103e-07
8.334344453320467057e-07
8.291336288357930769e-07
8.249602156750993764e-07
8.208912787266266491e-07
8.174425975329405740e-07
8.145945923358067134e-07
8.118714640113922160e-07
8.098081350148296753e-07
8.078213788590411870e-07
8.070135278536500819e-07
8.060061658319896562e-07
8.049027083225446314e-07
8.047218127804144717e-07
8.044096290765014405e-07
8.037547066286131722e-07
8.034916239848625867e-07
8.034619943588925215e-07
8.028313350972594151e-07
8.020034707340649002e-07
8.018668369381353413e-07
8.008888717591162223e-07
7.992343961671776775e-07
7.985554168510526676e-07
7.968976567205436274e-07
7.946731332505704951e-07
7.926968317903326577e-07
7.901561333329108193e-07
7.878265762074615048e-07
7.846905398929117098e-07
7.817976054580238219e-07
7.782505301619446933e-07
7.745540199626359291e-07
7.710260837351617804e-07
7.668279301320954236e-07
7.626516591957533369e-07
7.584533639164513624e-07
7.537068356520785711e-07
7.487084529160589145e-07
7.448658463744417585e-07
7.400218919235898057e-07
7.351215177314541152e-07
7.310436003214971218e-07
7.266550912654068719e-07
7.222240351279006949e-07
7.180400908159683300e-07
7.145055547881947855e-07
7.108942595821045195e-07
7.076635511143267258e-07
7.044061976787455145e-07
7.019168491558323897e-07
6.997745878097937675e-07
6.981523697169723672e-07
6.967101866344233723e-07
6.956062343897759919e-07
6.953269280018009973e-07
6.949173555004614417e-07
6.943380778664011181e-07
6.947553832347715292e-07
6.949467627855615620e-07
6.948607070191644249e-07
6.952283092210157967e-07
6.956049728503106390e-07
6.956176428233933171e-07
6.956011192682047153e-07
6.958371979304254708e-07
6.955177187292528612e-07
6.948682091859578144e-07
6.946232820959067377e-07
6.938048836382364243e-07
6.924595089359996864e-07
6.912930646780198994e-07
6.899214911001972035e-07
6.880997449370426372e-07
6.859714297672641387e-07
6.838991012184324834e-07
6.815715542215434859e-07
6.788010300514622222e-07
6.762704616275278378e-07
6.730583867812892027e-07
6.699292116511329812e-07
6.665541318897271661e-07
6.628030870749278005e-07
6.593407866011889589e-07
6.555306322056028059e-07
6.513679662171268066e-07
6.475227518751662904e-07
6.437969440795794995e-07
6.396866525989064616e-07
6.354905212902714334e-07
6.322633136610323196e-07
6.286007213165856303e-07
6.249927853508605594e-07
6.217294057247576615e-07
6.188013167470745013e-07
6.160669880140759039e-07
6.134891289973121394e-07
6.111554469434253220e-07
6.091524840995693942e-07
6.077131771770418144e-07
6.065576725848375237e-07
6.052970252308033045e-07
6.048343118970006563e-07
6.044554034589901088e-07
6.038496629306091477e-07
6.034353087342509162e-07
6.034143232445954672e-07
6.031707955302419294e-07
6.026006374869923193e-07
6.026325975822734645e-07
6.023424366005396112e-07
6.015395532065315059e-07
6.011737430013861706e-07
6.005177849681431359e-07
5.993176204844325337e-07
5.982127505676845825e-07
5.970221272719976002e-07
5.954648217749128874e-07
5.937404457959337733e-07
5.918413611968559608e-07
5.898335159616106444e-07
5.874793924235163497e-07
5.852786084098081356e-07
5.826469631554994078e-07
5.798021899662081967e-07
5.770029896692084204e-07
5.738390253452365661e-07
5.706251220694495633e-07
5.675081708721607718e-07
5.639574223863737026e-07
5.601902699221673226e-07
5.572666663435899575e-07
5.537848696209750539e-07
5.500904396567424184e-07
5.470339007916084659e-07
5.439202897483784960e-07
5.406870280157969777e-07
5.376468129878033940e-07
5.350739779356106899e-07
5.326218154607644633e-07
5.304050368051579565e-07
5.282855569108853619e-07
5.266665422078203210e-07
5.250567493024232445e-07
5.242392627935012169e-07
5.234171888834776265e-07
5.225141951197119163e-07
5.225447255464869235e-07
5.224682125858361155e-07
5.222457121358587552e-07
5.221989943629571196e-07
5.225888539137499122e-07
5.227246080543395968e-07
5.224922001158861264e-07
5.230411374307438341e-07
5.232006920519977599e-07
5.229095312612831494e-07
5.230079463666388827e-07
5.229173682133284321e-07
5.222889072327505249e-07
5.217797849286545922e-07
5.211998089839376386e-07
5.200226157290109534e-07
5.188020168249496544e-07
5.176266584797339018e-07
5.162455015502207629e-07
5.145967844355552432e-07
5.128856589206285243e-07
5.108257804592919362e-07
5.086149355011313279e-07
5.065036550876477529e-07
5.039160019801890422e-07
5.014255537834083050e-07
4.987583463214362810e-07
4.957055689445413154e-07
4.929339680046715472e-07
4.901462041956402314e-07
4.869009596571082919e-07
4.836961348000367820e-07
4.812131043086978117e-07
4.781928468259410028e-07
4.751170132779305677e-07
4.726284064772092626e-07
4.700808361382107364e-07
4.675024152808737393e-07
4.651628773367458608e-07
4.631170757315403866e-07
4.612841098445603404e-07
4.596369526586782436e-07
4.581666176185102239e-07
4.569418479062221179e-07
4.559968493781351069e-07
4.553909104462211081e-07
4.546594247384026108e-07
4.542296395541781075e-07
4.541406929618441185e-07
4.538644465411214894e-07
4.533421165594745868e-07
4.535347678024325792e-07
4.534330293774249447e-07
4.530158337221327391e-07
4.528908867507175840e-07
4.527236507249854511e-07
4.521630433641704014e-07
4.516965614664098718e-07
4.511145416499781725e-07
4.501843548395841296e-07
4.494583465240204117e-07
4.483102187079272333e-07
4.470734116809410933e-07
4.457958585683495170e-07
4.441686130784452407e-07
4.425571855623769570e-07
4.406723498865820660e-07
4.388805161884594728e-07
4.368250149988094923e-07
4.345811360156870593e-07
4.324328739972205255e-07
4.298976965782035478e-07
4.273104403174542248e-07
4.250901623210918819e-07
4.223960516035491367e-07
4.196301837765040424e-07
4.173086594925504284e-07
4.147404324562603839e-07
4.120206427464463611e-07
4.095288870181505141e-07
4.074580990468361143e-07
4.051341729700016653e-07
4.030970170361325016e-07
4.010751487768811134e-07
3.993899320567711621e-07
3.979321611954612380e-07
3.966016786643553533e-07
3.955562968941361188e-07
3.945265899119681748e-07
3.940561793455316647e-07
3.936201782015094135e-07
3.931082909256160006e-07
3.930917399843031496e-07
3.931903367001388957e-07
3.931204980707263203e-07
3.929990432388713458e-07
3.933878316438353789e-07
3.935421712613921997e-07
3.933680107424688100e-07
3.936502589137968955e-07
3.937686900621541900e-07
3.934975344096205519e-07
3.933875998793416192e-07
3.932414156517166693e-07
3.926651076185574766e-07
3.920679390396749482e-07
3.915232757239311837e-07
3.905889221048552270e-07
3.896772891391012250e-07
3.885127591201688079e-07
3.874128401428992541e-07
3.860414232967976529e-07
3.846187155494338071e-07
3.830166105497742875e-07
3.811923801224972084e-07
3.793850266210696177e-07
3.774343587564967637e-07
3.754156860191285754e-07
3.733056147000019214e-07
3.709902077125301224e-07
3.686578604327872887e-07
3.666593342777779916e-07
3.642250956398097459e-07
3.619023189070311190e-07
3.599279062088214629e-07
3.577078173573346269e-07
3.555775798542048456e-07
3.536223235605203690e-07
3.518261725204349680e-07
3.500619667366708910e-07
3.485222772668392554e-07
3.470029608139173083e-07
3.457397826400413099e-07
3.447133476433210329e-07
3.438006157673243434e-07
3.430802100913925188e-07
3.424742369090854518e-07
3.421935975807145066e-07
3.417944252421127772e-07
3.414110786060071057e-07
3.414867712588311489e-07
3.413867659973742870e-07
3.411485903507293192e-07
3.411161009550421029e-07
3.411044849285143574e-07
3.409497903189114234e-07
3.407599304677422339e-07
3.405432507531610911e-07
3.401660464675307523e-07
3.397842010033515853e-07
3.393003590583839225e-07
3.385309288819141140e-07
3.378703450677348174e-07
3.369319118876471022e-07
3.359080634510228193e-07
3.348209249604663222e-07
3.334680750707649302e-07
3.322060262211926142e-07
3.306472777382596050e-07
3.291689385747218481e-07
3.276157455055820433e-07
3.257833500426341051e-07
3.241091572015027534e-07
3.221794987680649879e-07
3.202258881523059627e-07
3.184328187777111669e-07
3.163910773691592248e-07
3.143851062468664619e-07
3.125224035539833474e-07
3.106344707831394902e-07
3.087195241185018100e-07
3.069403860470104261e-07
3.053014455275730566e-07
3.036929135948606712e-07
3.023276898576913374e-07
3.009439574281647796e-07
2.997144729830656424e-07
2.987282329769131357e-07
2.978932426162428699e-07
2.972356658436297587e-07
2.966083856846694617e-07
2.963517913341164493e-07
2.961632288425569436e-07
2.958857602082759351e-07
2.958588504694850188e-07
2.960224256365600649e-07
2.960375628143342922e-07
2.958820615228050256e-07
2.962295278033517008e-07
2.963494106240032502e-07
2.962202623425383627e-07
2.963347622221276901e-07
2.963877132558442218e-07
2.961244914531507348e-07
2.959129126431188535e-07
2.957423755800243520e-07
2.952133818072150304e-07
2.946579440749516419e-07
2.941237828891607104e-07
2.934821848757676793e-07
2.926766106236478422e-07
2.917473797217665915e-07
2.907892567631159899e-07
2.895915177817978958e-07
2.884687840711263867e-07
2.871920675367735665e-07
2.856894646608522207e-07
2.842595366623812901e-07
2.827286156656298796e-07
2.811000582339887169e-07
2.794391265141168900e-07
2.777156657787413651e-07
2.759093588075430942e-07
2.743534045472384252e-07
2.726040458467542220e-07
2.708964687114012369e-07
2.693332902812073286e-07
2.677385399678631317e-07
2.662690550562194573e-07
2.648148547052169000e-07
2.635038269393381037e-07
2.623480506239218588e-07
2.613227670203674816e-07
2.602931964913683223e-07
2.594428429000641830e-07
2.587421594759744908e-07
2.581809224815109757e-07
2.577805889521919668e-07
2.574835234139906036e-07
2.573084867751222651e-07
2.572019904439478804e-07
2.570341008394859526e-07
2.570380250189593104e-07
2.570600412916185579e-07
2.569967886048096156e-07
2.569456619478233212e-07
2.569097260245472804e-07
2.567552387308386235e-07
2.566147604679195569e-07
2.564569381938618251e-07
2.560247954218542927e-07
2.557172607149404120e-07
2.553060118952022387e-07
2.546220937236030499e-07
2.540629640160545484e-07
2.532898406762034638e-07
2.524485787625040262e-07
2.515313614209051671e-07
2.504217722863809502e-07
2.494502899769621796e-07
2.482294898261503484e-07
2.469184473726520076e-07
2.456999460828469682e-07
2.442714574456002579e-07
2.429064123122512882e-07
2.414797046446965762e-07
2.399834368076238715e-07
2.385445427465978444e-07
2.382673771126390135e-07
2.382673771126390135e-07
