6.000999808311462402e-01
6.001201868057250977e-01
6.001393198966979980e-01
6.001579761505126953e-01
6.001759767532348633e-01
6.001939177513122559e-01
6.002104282379150391e-01
6.002261042594909668e-01
6.002407670021057129e-01
6.002545356750488281e-01
6.002676486968994141e-01
6.002792119979858398e-01
6.002897024154663086e-01
6.002989411354064941e-01
6.003072857856750488e-01
6.003141403198242188e-01
6.003197431564331055e-01
6.003240346908569336e-01
6.003270745277404785e-01
6.003288626670837402e-01
6.003293395042419434e-01
6.003285050392150879e-01
6.003264188766479492e-01
6.003230810165405273e-01
6.003183126449584961e-01
6.003125309944152832e-01
6.003055572509765625e-01
6.002974510192871094e-01
6.002878546714782715e-01
6.002776026725769043e-01
6.002662777900695801e-01
6.002539992332458496e-01
6.002408266067504883e-01
6.002262830734252930e-01
6.002114415168762207e-01
6.001958847045898438e-01
6.001797318458557129e-01
6.001629829406738281e-01
6.001451015472412109e-01
6.001274585723876953e-01
6.001095771789550781e-01
6.000915169715881348e-01
6.000729203224182129e-01
6.000554561614990234e-01
6.000394225120544434e-01
6.000277400016784668e-01
6.000267863273620605e-01
6.000378727912902832e-01
6.000532507896423340e-01
6.000700592994689941e-01
6.000872254371643066e-01
6.001043319702148438e-01
6.001217365264892578e-01
6.001381278038024902e-01
6.001539230346679688e-01
6.001691222190856934e-01
6.001841425895690918e-01
6.001979112625122070e-01
6.002107858657836914e-01
6.002228856086730957e-01
6.002340316772460938e-01
6.002445816993713379e-01
6.002537608146667480e-01
6.002619266510009766e-01
6.002690196037292480e-01
6.002750396728515625e-01
6.002801656723022461e-01
6.002839803695678711e-01
6.002866625785827637e-01
6.002882122993469238e-01
6.002886891365051270e-01
6.002879738807678223e-01
6.002861857414245605e-01
6.002832651138305664e-01
6.002792716026306152e-01
6.002740859985351562e-01
6.002680063247680664e-01
6.002609133720397949e-01
6.002528071403503418e-01
6.002438664436340332e-01
6.002336144447326660e-01
6.002228856086730957e-01
6.002113819122314453e-01
6.001991033554077148e-01
6.001856327056884766e-01
6.001720428466796875e-01
6.001578569412231445e-01
6.001431941986083984e-01
6.001281142234802246e-01
6.001120805740356445e-01
6.000964045524597168e-01
6.000806093215942383e-01
6.000648736953735352e-01
6.000495553016662598e-01
6.000348925590515137e-01
6.000245213508605957e-01
6.000233888626098633e-01
6.000323891639709473e-01
6.000463366508483887e-01
6.000610589981079102e-01
6.000760793685913086e-01
6.000910997390747070e-01
6.001058220863342285e-01
6.001207232475280762e-01
6.001346111297607422e-01
6.001479625701904297e-01
6.001606583595275879e-01
6.001727581024169922e-01
6.001845002174377441e-01
6.001951098442077637e-01
6.002048850059509277e-01
6.002138853073120117e-01
6.002222299575805664e-01
6.002294421195983887e-01
6.002356410026550293e-01
6.002410054206848145e-01
6.002453565597534180e-01
6.002488732337951660e-01
6.002511978149414062e-01
6.002526283264160156e-01
6.002530455589294434e-01
6.002525091171264648e-01
6.002508997917175293e-01
6.002483367919921875e-01
6.002448797225952148e-01
6.002405285835266113e-01
6.002350449562072754e-01
6.002288460731506348e-01
6.002218127250671387e-01
6.002139449119567871e-01
6.002053022384643555e-01
6.001955866813659668e-01
6.001855134963989258e-01
6.001747846603393555e-01
6.001634597778320312e-01
6.001515388488769531e-01
6.001386642456054688e-01
6.001258492469787598e-01
6.001126170158386230e-01
6.000991463661193848e-01
6.000849008560180664e-01
6.000710129737854004e-01
6.000572443008422852e-01
6.000437736511230469e-01
6.000313162803649902e-01
6.000216603279113770e-01
6.000203490257263184e-01
6.000281572341918945e-01
6.000397801399230957e-01
6.000526547431945801e-01
6.000663638114929199e-01
6.000794768333435059e-01
6.000924110412597656e-01
6.001050472259521484e-01
6.001176834106445312e-01
6.001293659210205078e-01
6.001405715942382812e-01
6.001511812210083008e-01
6.001611351966857910e-01
6.001707911491394043e-01
6.001794338226318359e-01
6.001873016357421875e-01
6.001943945884704590e-01
6.002007126808166504e-01
6.002064347267150879e-01
6.002111434936523438e-01
6.002149581909179688e-01
6.002179384231567383e-01
6.002201437950134277e-01
6.002213954925537109e-01
6.002218127250671387e-01
6.002213358879089355e-01
6.002200245857238770e-01
6.002177596092224121e-01
6.002147793769836426e-01
6.002109646797180176e-01
6.002063155174255371e-01
6.002009510993957520e-01
6.001945734024047852e-01
6.001877188682556152e-01
6.001802086830139160e-01
6.001719832420349121e-01
6.001628637313842773e-01
6.001534461975097656e-01
6.001435518264770508e-01
6.001331210136413574e-01
6.001222729682922363e-01
6.001105904579162598e-01
6.000990271568298340e-01
6.000872254371643066e-01
6.000751852989196777e-01
6.000630259513854980e-01
6.000505089759826660e-01
6.000386476516723633e-01
6.000277400016784668e-01
6.000193357467651367e-01
6.000177860260009766e-01
6.000244021415710449e-01
6.000345945358276367e-01
6.000458598136901855e-01
6.000574231147766113e-01
6.000694036483764648e-01
6.000807285308837891e-01
6.000917553901672363e-01
6.001024842262268066e-01
6.001127958297729492e-01
6.001229286193847656e-01
6.001322865486145020e-01
6.001410484313964844e-01
6.001492142677307129e-01
6.001570820808410645e-01
6.001639962196350098e-01
6.001702547073364258e-01
6.001757979393005371e-01
6.001806855201721191e-01
6.001849770545959473e-01
6.001883745193481445e-01
6.001909971237182617e-01
6.001929044723510742e-01
6.001940369606018066e-01
6.001943945884704590e-01
6.001940369606018066e-01
6.001929044723510742e-01
6.001909971237182617e-01
6.001883149147033691e-01
6.001849770545959473e-01
6.001809835433959961e-01
6.001762747764587402e-01
6.001709103584289551e-01
6.001647114753723145e-01
6.001580953598022461e-01
6.001509428024291992e-01
6.001432538032531738e-01
6.001350283622741699e-01
6.001260280609130859e-01
6.001169085502624512e-01
6.001074314117431641e-01
6.000975966453552246e-01
6.000871062278747559e-01
6.000767350196838379e-01
6.000661849975585938e-01
6.000555157661437988e-01
6.000449061393737793e-01
6.000341773033142090e-01
6.000245213508605957e-01
6.000170707702636719e-01
6.000154018402099609e-01
6.000208854675292969e-01
6.000300645828247070e-01
6.000399589538574219e-01
6.000500917434692383e-01
6.000601649284362793e-01
6.000704765319824219e-01
6.000801920890808105e-01
6.000896096229553223e-01
6.000986099243164062e-01
6.001072525978088379e-01
6.001157164573669434e-01
6.001234054565429688e-01
6.001306176185607910e-01
6.001372933387756348e-01
6.001433730125427246e-01
6.001490950584411621e-01
6.001539826393127441e-01
6.001582741737365723e-01
6.001619100570678711e-01
6.001650094985961914e-01
6.001673340797424316e-01
6.001690626144409180e-01
6.001700758934020996e-01
6.001704335212707520e-01
6.001700758934020996e-01
6.001691222190856934e-01
6.001675128936767578e-01
6.001652479171752930e-01
6.001623868942260742e-01
6.001587510108947754e-01
6.001546382904052734e-01
6.001499295234680176e-01
6.001447439193725586e-01
6.001387834548950195e-01
6.001324653625488281e-01
6.001257300376892090e-01
6.001185774803161621e-01
6.001110076904296875e-01
6.001027226448059082e-01
6.000943779945373535e-01
6.000857949256896973e-01
6.000769138336181641e-01
6.000678539276123047e-01
6.000582575798034668e-01
6.000488996505737305e-01
6.000396013259887695e-01
6.000305414199829102e-01
6.000217199325561523e-01
6.000151038169860840e-01
6.000134348869323730e-01
6.000181436538696289e-01
6.000258326530456543e-01
6.000347733497619629e-01
6.000436544418334961e-01
6.000525355339050293e-01
6.000612378120422363e-01
6.000697612762451172e-01
6.000782847404479980e-01
6.000862121582031250e-01
6.000937819480895996e-01
6.001009941101074219e-01
6.001080274581909180e-01
6.001143455505371094e-01
6.001201868057250977e-01
6.001255512237548828e-01
6.001303791999816895e-01
6.001348495483398438e-01
6.001386046409606934e-01
6.001418232917785645e-01
6.001445055007934570e-01
6.001465916633605957e-01
6.001481413841247559e-01
6.001490354537963867e-01
6.001493930816650391e-01
6.001491546630859375e-01
6.001482605934143066e-01
6.001468896865844727e-01
6.001449227333068848e-01
6.001424193382263184e-01
6.001393795013427734e-01
6.001356244087219238e-01
6.001315712928771973e-01
6.001269817352294922e-01
6.001219749450683594e-01
6.001164913177490234e-01
6.001104116439819336e-01
6.001040935516357422e-01
6.000974774360656738e-01
6.000905036926269531e-01
6.000829339027404785e-01
6.000754237174987793e-01
6.000676155090332031e-01
6.000596880912780762e-01
6.000515818595886230e-01
6.000431180000305176e-01
6.000349521636962891e-01
6.000269651412963867e-01
6.000194549560546875e-01
6.000134944915771484e-01
6.000117659568786621e-01
6.000157594680786133e-01
6.000224351882934570e-01
6.000300049781799316e-01
6.000380516052246094e-01
6.000458002090454102e-01
6.000534892082214355e-01
6.000609397888183594e-01
6.000681519508361816e-01
6.000754237174987793e-01
6.000820398330688477e-01
6.000883579254150391e-01
6.000943183898925781e-01
6.000998616218566895e-01
6.001052260398864746e-01
6.001099348068237305e-01
6.001141667366027832e-01
6.001179814338684082e-01
6.001214385032653809e-01
6.001242399215698242e-01
6.001266241073608398e-01
6.001284718513488770e-01
6.001297831535339355e-01
6.001306176185607910e-01
6.001309156417846680e-01
6.001307368278503418e-01
6.001300215721130371e-01
6.001288294792175293e-01
6.001270413398742676e-01
6.001248955726623535e-01
6.001222133636474609e-01
6.001191139221191406e-01
6.001154184341430664e-01
6.001114249229431152e-01
6.001070141792297363e-01
6.001022458076477051e-01
6.000971198081970215e-01
6.000913977622985840e-01
6.000856161117553711e-01
6.000794768333435059e-01
6.000730991363525391e-01
6.000665426254272461e-01
6.000594496726989746e-01
6.000524759292602539e-01
6.000453829765319824e-01
6.000382304191589355e-01
6.000308394432067871e-01
6.000238060951232910e-01
6.000172495841979980e-01
6.000119447708129883e-01
6.000102162361145020e-01
6.000136733055114746e-01
6.000195145606994629e-01
6.000261306762695312e-01
6.000329256057739258e-01
6.000397205352783203e-01
6.000466942787170410e-01
6.000532507896423340e-01
6.000595688819885254e-01
6.000657081604003906e-01
6.000717878341674805e-01
6.000773310661315918e-01
6.000825166702270508e-01
6.000874042510986328e-01
6.000919342041015625e-01
6.000962257385253906e-01
6.000999808311462402e-01
6.001033186912536621e-01
6.001062393188476562e-01
6.001087427139282227e-01
6.001109480857849121e-01
6.001125574111938477e-01
6.001137495040893555e-01
6.001144647598266602e-01
6.001147627830505371e-01
6.001145839691162109e-01
6.001139879226684570e-01
6.001129746437072754e-01
6.001114845275878906e-01
6.001095175743103027e-01
6.001071929931640625e-01
6.001045107841491699e-01
6.001014113426208496e-01
6.000978946685791016e-01
6.000939607620239258e-01
6.000897288322448730e-01
6.000852584838867188e-01
6.000804305076599121e-01
6.000751852989196777e-01
6.000698208808898926e-01
6.000642776489257812e-01
6.000584959983825684e-01
6.000525355339050293e-01
6.000461578369140625e-01
6.000399589538574219e-01
6.000337004661560059e-01
6.000274419784545898e-01
6.000212430953979492e-01
6.000152826309204102e-01
6.000105738639831543e-01
6.000089645385742188e-01
6.000117063522338867e-01
6.000169515609741211e-01
6.000227332115173340e-01
6.000286936759948730e-01
6.000346541404724121e-01
6.000405550003051758e-01
6.000465154647827148e-01
6.000521183013916016e-01
6.000574231147766113e-01
6.000625491142272949e-01
6.000674366950988770e-01
6.000722050666809082e-01
6.000764966011047363e-01
6.000804901123046875e-01
6.000841259956359863e-01
6.000875830650329590e-01
6.000905036926269531e-01
6.000930666923522949e-01
6.000952720642089844e-01
6.000971198081970215e-01
6.000986099243164062e-01
6.000996828079223633e-01
6.001003384590148926e-01
6.001005768775939941e-01
6.001004576683044434e-01
6.000999212265014648e-01
6.000990271568298340e-01
6.000977754592895508e-01
6.000961065292358398e-01
6.000940203666687012e-01
6.000916361808776855e-01
6.000889539718627930e-01
6.000859141349792480e-01
6.000825762748718262e-01
6.000787615776062012e-01
6.000748276710510254e-01
6.000706553459167480e-01
6.000661849975585938e-01
6.000615358352661133e-01
6.000564694404602051e-01
6.000514030456542969e-01
6.000461578369140625e-01
6.000408530235290527e-01
6.000351905822753906e-01
6.000297069549560547e-01
6.000241637229919434e-01
6.000187993049621582e-01
6.000136733055114746e-01
6.000093817710876465e-01
6.000078320503234863e-01
6.000101566314697266e-01
6.000145673751831055e-01
6.000195741653442383e-01
6.000249981880187988e-01
6.000302433967590332e-01
6.000354290008544922e-01
6.000404357910156250e-01
6.000455021858215332e-01
6.000502109527587891e-01
6.000547409057617188e-01
6.000590324401855469e-01
6.000630259513854980e-01
6.000669598579406738e-01
6.000704765319824219e-01
6.000736355781555176e-01
6.000765562057495117e-01
6.000791788101196289e-01
6.000815033912658691e-01
6.000834703445434570e-01
6.000850796699523926e-01
6.000863909721374512e-01
6.000873446464538574e-01
6.000879406929016113e-01
6.000881791114807129e-01
6.000880599021911621e-01
6.000876426696777344e-01
6.000868678092956543e-01
6.000857353210449219e-01
6.000843048095703125e-01
6.000825762748718262e-01
6.000804901123046875e-01
6.000780463218688965e-01
6.000753641128540039e-01
6.000724434852600098e-01
6.000692844390869141e-01
6.000657081604003906e-01
6.000620126724243164e-01
6.000581383705139160e-01
6.000540256500244141e-01
6.000497937202453613e-01
6.000451445579528809e-01
6.000406146049499512e-01
6.000359058380126953e-01
6.000311374664306641e-01
6.000263094902038574e-01
6.000213027000427246e-01
6.000165939331054688e-01
6.000121235847473145e-01
6.000083684921264648e-01
6.000068783760070801e-01
6.000088453292846680e-01
6.000126600265502930e-01
6.000170707702636719e-01
6.000216007232666016e-01
6.000263690948486328e-01
6.000308990478515625e-01
6.000353693962097168e-01
6.000396609306335449e-01
6.000437736511230469e-01
6.000478863716125488e-01
6.000516414642333984e-01
6.000551581382751465e-01
6.000584959983825684e-01
6.000616550445556641e-01
6.000644564628601074e-01
6.000670194625854492e-01
6.000693440437316895e-01
6.000713109970092773e-01
6.000730991363525391e-01
6.000745296478271484e-01
6.000756621360778809e-01
6.000764966011047363e-01
6.000770330429077148e-01
6.000772714614868164e-01
6.000772118568420410e-01
6.000768542289733887e-01
6.000761985778808594e-01
6.000751852989196777e-01
6.000739336013793945e-01
6.000723838806152344e-01
6.000705957412719727e-01
6.000685691833496094e-01
6.000661253929138184e-01
6.000635623931884766e-01
6.000608205795288086e-01
6.000577807426452637e-01
6.000545620918273926e-01
6.000510454177856445e-01
6.000474691390991211e-01
6.000437140464782715e-01
6.000398397445678711e-01
6.000356674194335938e-01
6.000316143035888672e-01
6.000274419784545898e-01
6.000232100486755371e-01
6.000189781188964844e-01
6.000146269798278809e-01
6.000106930732727051e-01
6.000074148178100586e-01
6.000060439109802246e-01
6.000075340270996094e-01
6.000109910964965820e-01
6.000148653984069824e-01
6.000188589096069336e-01
6.000228524208068848e-01
6.000270247459411621e-01
6.000308990478515625e-01
6.000346541404724121e-01
6.000382900238037109e-01
6.000417470932006836e-01
6.000451445579528809e-01
6.000482439994812012e-01
6.000511646270751953e-01
6.000539064407348633e-01
6.000563502311706543e-01
6.000587344169616699e-01
6.000607013702392578e-01
6.000624895095825195e-01
6.000639796257019043e-01
6.000652909278869629e-01
6.000663042068481445e-01
6.000670790672302246e-01
6.000674962997436523e-01
6.000677347183227539e-01
6.000676751136779785e-01
6.000673770904541016e-01
6.000667810440063477e-01
6.000659465789794922e-01
6.000648736953735352e-01
6.000635027885437012e-01
6.000619530677795410e-01
6.000601053237915039e-01
6.000581383705139160e-01
6.000558137893676758e-01
6.000533699989318848e-01
6.000507473945617676e-01
6.000479459762573242e-01
6.000449657440185547e-01
6.000416874885559082e-01
6.000384092330932617e-01
6.000350117683410645e-01
6.000314950942993164e-01
6.000277996063232422e-01
6.000241041183471680e-01
6.000204086303710938e-01
6.000167131423950195e-01
6.000130772590637207e-01
6.000095009803771973e-01
6.000065803527832031e-01
6.000052690505981445e-01
6.000065803527832031e-01
6.000094413757324219e-01
6.000128984451293945e-01
6.000164151191711426e-01
6.000199317932128906e-01
6.000234484672546387e-01
6.000269651412963867e-01
6.000303030014038086e-01
6.000334620475769043e-01
6.000365018844604492e-01
6.000394225120544434e-01
6.000422239303588867e-01
6.000447869300842285e-01
6.000471711158752441e-01
6.000493764877319336e-01
6.000513434410095215e-01
6.000531911849975586e-01
6.000547409057617188e-01
6.000560522079467773e-01
6.000571846961975098e-01
6.000580787658691406e-01
6.000587344169616699e-01
6.000591516494750977e-01
6.000593900680541992e-01
6.000593304634094238e-01
6.000590324401855469e-01
6.000585556030273438e-01
6.000578403472900391e-01
6.000568866729736328e-01
6.000557541847229004e-01
6.000543236732482910e-01
6.000527739524841309e-01
6.000509858131408691e-01
6.000490188598632812e-01
6.000468134880065918e-01
6.000445485115051270e-01
6.000420451164245605e-01
6.000394821166992188e-01
6.000367403030395508e-01
6.000337600708007812e-01
6.000307798385620117e-01
6.000277400016784668e-01
6.000245809555053711e-01
6.000213623046875000e-01
6.000179648399353027e-01
6.000147461891174316e-01
6.000115275382995605e-01
6.000084877014160156e-01
6.000058054924011230e-01
6.000046133995056152e-01
6.000056862831115723e-01
6.000081896781921387e-01
6.000111103057861328e-01
6.000143289566040039e-01
6.000174283981323242e-01
6.000204682350158691e-01
6.000234484672546387e-01
6.000263690948486328e-01
6.000292301177978516e-01
6.000319123268127441e-01
6.000344753265380859e-01
6.000368595123291016e-01
6.000391840934753418e-01
6.000412702560424805e-01
6.000432372093200684e-01
6.000449657440185547e-01
6.000465154647827148e-01
6.000479459762573242e-01
6.000491380691528320e-01
6.000500917434692383e-01
6.000508666038513184e-01
6.000514626502990723e-01
6.000518798828125000e-01
6.000520586967468262e-01
6.000519990921020508e-01
6.000518202781677246e-01
6.000513434410095215e-01
6.000506877899169922e-01
6.000499129295349121e-01
6.000488996505737305e-01
6.000477075576782227e-01
6.000462770462036133e-01
6.000447273254394531e-01
6.000430583953857422e-01
6.000411510467529297e-01
6.000391840934753418e-01
6.000369191169738770e-01
6.000346541404724121e-01
6.000322699546813965e-01
6.000297665596008301e-01
6.000270247459411621e-01
6.000243425369262695e-01
6.000216007232666016e-01
6.000187993049621582e-01
6.000159382820129395e-01
6.000130176544189453e-01
6.000102162361145020e-01
6.000075340270996094e-01
6.000052094459533691e-01
6.000040769577026367e-01
6.000049710273742676e-01
6.000071167945861816e-01
6.000096797943115234e-01
6.000123620033264160e-01
6.000151634216308594e-01
6.000178456306457520e-01
6.000204682350158691e-01
6.000230312347412109e-01
6.000254750251770020e-01
6.000279188156127930e-01
6.000301837921142578e-01
6.000322699546813965e-01
6.000342369079589844e-01
6.000360846519470215e-01
6.000378131866455078e-01
6.000393629074096680e-01
6.000407338142395020e-01
6.000419259071350098e-01
6.000430583953857422e-01
6.000438928604125977e-01
6.000446081161499023e-01
6.000450849533081055e-01
6.000454425811767578e-01
6.000456213951110840e-01
6.000456213951110840e-01
6.000453829765319824e-01
6.000450253486633301e-01
6.000444889068603516e-01
6.000437736511230469e-01
6.000428795814514160e-01
6.000418663024902344e-01
6.000406742095947266e-01
6.000392436981201172e-01
6.000377535820007324e-01
6.000361442565917969e-01
6.000343561172485352e-01
6.000325083732604980e-01
6.000304222106933594e-01
6.000283360481262207e-01
6.000261306762695312e-01
6.000238656997680664e-01
6.000215411186218262e-01
6.000189781188964844e-01
6.000165343284606934e-01
6.000140309333801270e-01
6.000115275382995605e-01
6.000090241432189941e-01
6.000066399574279785e-01
6.000046133995056152e-01
6.000035405158996582e-01
6.000042557716369629e-01
6.000061631202697754e-01
6.000084280967712402e-01
6.000107526779174805e-01
6.000131368637084961e-01
6.000155210494995117e-01
6.000179052352905273e-01
6.000201106071472168e-01
6.000222563743591309e-01
6.000243425369262695e-01
6.000263690948486328e-01
6.000282168388366699e-01
6.000299453735351562e-01
6.000316143035888672e-01
6.000330448150634766e-01
6.000344753265380859e-01
6.000356674194335938e-01
6.000367403030395508e-01
6.000376343727111816e-01
6.000384092330932617e-01
6.000390648841857910e-01
6.000395417213439941e-01
6.000398397445678711e-01
6.000399589538574219e-01
6.000399589538574219e-01
6.000397801399230957e-01
6.000394821166992188e-01
6.000390052795410156e-01
6.000384092330932617e-01
6.000376343727111816e-01
6.000366806983947754e-01
6.000356674194335938e-01
6.000344753265380859e-01
6.000331640243530273e-01
6.000317335128784180e-01
6.000301837921142578e-01
6.000285148620605469e-01
6.000267863273620605e-01
6.000248789787292480e-01
6.000229716300964355e-01
6.000209450721740723e-01
6.000189185142517090e-01
6.000167727470397949e-01
6.000145673751831055e-01
6.000123620033264160e-01
6.000102162361145020e-01
6.000080108642578125e-01
6.000059247016906738e-01
6.000040769577026367e-01
6.000031232833862305e-01
6.000036597251892090e-01
6.000052690505981445e-01
6.000073552131652832e-01
6.000093817710876465e-01
6.000114679336547852e-01
6.000135540962219238e-01
6.000155806541442871e-01
6.000176072120666504e-01
6.000194549560546875e-01
6.000213027000427246e-01
6.000230312347412109e-01
6.000246405601501465e-01
6.000262498855590820e-01
6.000276803970336914e-01
6.000289320945739746e-01
6.000301241874694824e-01
6.000312566757202148e-01
6.000322103500366211e-01
6.000329852104187012e-01
6.000337004661560059e-01
6.000342369079589844e-01
6.000346541404724121e-01
6.000348925590515137e-01
6.000350713729858398e-01
6.000350117683410645e-01
6.000348925590515137e-01
6.000345945358276367e-01
6.000342369079589844e-01
6.000337004661560059e-01
6.000330448150634766e-01
6.000322103500366211e-01
6.000312566757202148e-01
6.000302433967590332e-01
6.000291109085083008e-01
6.000278592109680176e-01
6.000264883041381836e-01
6.000250577926635742e-01
6.000235080718994141e-01
6.000218987464904785e-01
6.000202298164367676e-01
6.000184416770935059e-01
6.000166535377502441e-01
6.000147461891174316e-01
6.000128984451293945e-01
6.000108718872070312e-01
6.000089645385742188e-01
6.000070571899414062e-01
6.000052690505981445e-01
6.000036597251892090e-01
6.000027656555175781e-01
6.000031828880310059e-01
6.000046133995056152e-01
6.000062823295593262e-01
6.000081300735473633e-01
6.000100374221801758e-01
6.000118255615234375e-01
6.000136137008666992e-01
6.000153422355651855e-01
6.000170111656188965e-01
6.000186204910278320e-01
6.000201106071472168e-01
6.000215411186218262e-01
6.000229120254516602e-01
6.000242233276367188e-01
6.000253558158874512e-01
6.000263690948486328e-01
6.000273227691650391e-01
6.000281572341918945e-01
6.000288724899291992e-01
6.000295281410217285e-01
6.000300049781799316e-01
6.000303626060485840e-01
6.000306010246276855e-01
6.000307202339172363e-01
6.000307202339172363e-01
6.000306010246276855e-01
6.000303626060485840e-01
6.000300049781799316e-01
6.000295281410217285e-01
6.000289320945739746e-01
6.000282764434814453e-01
6.000275015830993652e-01
6.000265479087829590e-01
6.000255346298217773e-01
6.000244617462158203e-01
6.000232696533203125e-01
6.000220179557800293e-01
6.000206470489501953e-01
6.000192761421203613e-01
6.000177860260009766e-01
6.000162363052368164e-01
6.000146269798278809e-01
6.000130176544189453e-01
6.000113487243652344e-01
6.000096797943115234e-01
6.000079512596130371e-01
6.000062227249145508e-01
6.000046730041503906e-01
6.000032424926757812e-01
6.000024080276489258e-01
6.000027656555175781e-01
6.000040173530578613e-01
6.000055074691772461e-01
6.000070571899414062e-01
6.000086665153503418e-01
6.000103354454040527e-01
6.000118851661682129e-01
6.000133752822875977e-01
6.000148653984069824e-01
6.000162363052368164e-01
6.000176072120666504e-01
6.000188589096069336e-01
6.000200510025024414e-01
6.000211238861083984e-01
6.000221967697143555e-01
6.000230908393859863e-01
6.000239253044128418e-01
6.000246405601501465e-01
6.000252962112426758e-01
6.000258326530456543e-01
6.000262498855590820e-01
6.000266075134277344e-01
6.000267863273620605e-01
6.000269055366516113e-01
6.000269055366516113e-01
6.000268459320068359e-01
6.000266075134277344e-01
6.000263094902038574e-01
6.000258922576904297e-01
6.000254154205322266e-01
6.000248193740844727e-01
6.000241041183471680e-01
6.000233292579650879e-01
6.000224351882934570e-01
6.000214815139770508e-01
6.000204682350158691e-01
6.000193357467651367e-01
6.000182032585144043e-01
6.000168919563293457e-01
6.000156402587890625e-01
6.000142693519592285e-01
6.000128984451293945e-01
6.000114083290100098e-01
6.000099778175354004e-01
6.000084877014160156e-01
6.000070571899414062e-01
6.000055670738220215e-01
6.000041365623474121e-01
6.000028848648071289e-01
6.000021100044250488e-01
6.000024080276489258e-01
6.000034213066101074e-01
6.000047922134399414e-01
6.000061631202697754e-01
6.000075936317443848e-01
6.000089645385742188e-01
6.000103950500488281e-01
6.000117063522338867e-01
6.000129580497741699e-01
6.000142097473144531e-01
6.000153422355651855e-01
6.000165343284606934e-01
6.000175476074218750e-01
6.000185012817382812e-01
6.000193953514099121e-01
6.000202298164367676e-01
6.000209450721740723e-01
6.000216007232666016e-01
6.000221371650695801e-01
6.000226140022277832e-01
6.000230312347412109e-01
6.000233292579650879e-01
6.000235080718994141e-01
6.000235676765441895e-01
6.000236272811889648e-01
6.000235080718994141e-01
6.000233292579650879e-01
6.000230908393859863e-01
6.000227332115173340e-01
6.000223159790039062e-01
6.000217795372009277e-01
6.000211238861083984e-01
6.000204682350158691e-01
6.000196933746337891e-01
6.000188589096069336e-01
6.000179648399353027e-01
6.000170111656188965e-01
6.000159978866577148e-01
6.000148653984069824e-01
6.000137329101562500e-01
6.000125408172607422e-01
6.000113487243652344e-01
6.000100970268249512e-01
6.000088453292846680e-01
6.000074744224548340e-01
6.000062227249145508e-01
6.000049114227294922e-01
6.000036597251892090e-01
6.000025272369384766e-01
6.000018715858459473e-01
6.000020503997802734e-01
6.000029444694519043e-01
6.000041365623474121e-01
6.000053882598876953e-01
6.000065803527832031e-01
6.000078320503234863e-01
6.000090241432189941e-01
6.000101566314697266e-01
6.000113487243652344e-01
6.000124216079711914e-01
6.000134348869323730e-01
6.000143885612487793e-01
6.000153422355651855e-01
6.000162363052368164e-01
6.000170111656188965e-01
6.000177264213562012e-01
6.000183224678039551e-01
6.000189185142517090e-01
6.000193953514099121e-01
6.000198125839233398e-01
6.000201702117919922e-01
6.000204086303710938e-01
6.000205874443054199e-01
6.000207066535949707e-01
6.000207066535949707e-01
6.000206470489501953e-01
6.000204682350158691e-01
6.000202298164367676e-01
6.000199317932128906e-01
6.000195741653442383e-01
6.000190973281860352e-01
6.000185608863830566e-01
6.000179648399353027e-01
6.000173091888427734e-01
6.000165939331054688e-01
6.000157594680786133e-01
6.000149250030517578e-01
6.000140309333801270e-01
6.000130772590637207e-01
6.000121235847473145e-01
6.000110507011413574e-01
6.000099778175354004e-01
6.000089049339294434e-01
6.000077724456787109e-01
6.000066399574279785e-01
6.000054478645324707e-01
6.000043153762817383e-01
6.000032424926757812e-01
6.000022888183593750e-01
6.000016331672668457e-01
6.000018119812011719e-01
6.000025868415832520e-01
6.000036001205444336e-01
6.000046133995056152e-01
6.000057458877563477e-01
6.000068187713623047e-01
6.000078916549682617e-01
6.000089049339294434e-01
6.000098586082458496e-01
6.000108718872070312e-01
6.000117659568786621e-01
6.000126004219055176e-01
6.000134348869323730e-01
6.000141501426696777e-01
6.000148653984069824e-01
6.000155210494995117e-01
6.000160574913024902e-01
6.000165343284606934e-01
6.000170111656188965e-01
6.000173687934875488e-01
6.000176668167114258e-01
6.000179052352905273e-01
6.000180244445800781e-01
6.000181436538696289e-01
6.000181436538696289e-01
6.000180840492248535e-01
6.000179648399353027e-01
6.000177264213562012e-01
6.000174880027770996e-01
6.000171303749084473e-01
6.000167727470397949e-01
6.000162959098815918e-01
6.000157594680786133e-01
6.000151634216308594e-01
6.000145673751831055e-01
6.000138521194458008e-01
6.000131368637084961e-01
6.000123023986816406e-01
6.000114679336547852e-01
6.000106334686279297e-01
6.000097393989562988e-01
6.000087857246398926e-01
6.000078320503234863e-01
6.000068187713623047e-01
6.000058650970458984e-01
6.000048518180847168e-01
6.000038385391235352e-01
6.000028848648071289e-01
6.000020503997802734e-01
6.000014543533325195e-01
6.000015735626220703e-01
6.000022292137145996e-01
6.000031232833862305e-01
6.000040173530578613e-01
6.000049710273742676e-01
6.000059247016906738e-01
6.000068783760070801e-01
6.000077724456787109e-01
6.000086665153503418e-01
6.000094413757324219e-01
6.000102758407592773e-01
6.000110507011413574e-01
6.000117659568786621e-01
6.000124216079711914e-01
6.000130176544189453e-01
6.000135540962219238e-01
6.000140905380249023e-01
6.000145077705383301e-01
6.000148653984069824e-01
6.000152230262756348e-01
6.000154614448547363e-01
6.000156998634338379e-01
6.000158190727233887e-01
6.000158786773681641e-01
6.000158786773681641e-01
6.000158786773681641e-01
6.000157594680786133e-01
6.000155806541442871e-01
6.000153422355651855e-01
6.000150442123413086e-01
6.000146865844726562e-01
6.000142693519592285e-01
6.000138521194458008e-01
6.000133156776428223e-01
6.000127792358398438e-01
6.000121831893920898e-01
6.000115275382995605e-01
6.000108122825622559e-01
6.000100970268249512e-01
6.000093221664428711e-01
6.000085473060607910e-01
6.000077128410339355e-01
6.000068783760070801e-01
6.000060439109802246e-01
6.000051498413085938e-01
6.000042557716369629e-01
6.000034213066101074e-01
6.000025868415832520e-01
6.000018119812011719e-01
6.000012755393981934e-01
6.000013351440429688e-01
6.000019311904907227e-01
6.000027060508728027e-01
6.000035405158996582e-01
6.000043749809265137e-01
6.000051498413085938e-01
6.000059843063354492e-01
6.000068187713623047e-01
6.000075340270996094e-01
6.000083088874816895e-01
6.000089645385742188e-01
6.000096201896667480e-01
6.000102758407592773e-01
6.000108718872070312e-01
6.000114083290100098e-01
6.000118851661682129e-01
6.000123023986816406e-01
6.000127196311950684e-01
6.000130176544189453e-01
6.000133156776428223e-01
6.000135540962219238e-01
6.000137329101562500e-01
6.000138521194458008e-01
6.000139117240905762e-01
6.000139117240905762e-01
6.000139117240905762e-01
6.000137925148010254e-01
6.000136733055114746e-01
6.000134348869323730e-01
6.000131964683532715e-01
6.000128984451293945e-01
6.000125408172607422e-01
6.000121235847473145e-01
6.000117063522338867e-01
6.000112295150756836e-01
6.000106930732727051e-01
6.000100970268249512e-01
6.000095009803771973e-01
6.000089049339294434e-01
6.000082492828369141e-01
6.000075340270996094e-01
6.000068187713623047e-01
6.000060439109802246e-01
6.000053286552429199e-01
6.000045537948608398e-01
6.000037789344787598e-01
6.000030040740966797e-01
6.000022888183593750e-01
6.000016331672668457e-01
6.000011563301086426e-01
6.000011563301086426e-01
6.000016927719116211e-01
6.000023484230041504e-01
6.000030636787414551e-01
6.000037789344787598e-01
6.000044941902160645e-01
6.000052094459533691e-01
6.000059247016906738e-01
6.000065803527832031e-01
6.000072360038757324e-01
6.000078320503234863e-01
6.000084280967712402e-01
6.000089645385742188e-01
6.000095009803771973e-01
6.000099778175354004e-01
6.000103950500488281e-01
6.000107526779174805e-01
6.000111103057861328e-01
6.000114083290100098e-01
6.000116467475891113e-01
6.000118851661682129e-01
6.000120043754577637e-01
6.000121235847473145e-01
6.000121831893920898e-01
6.000122427940368652e-01
6.000121831893920898e-01
6.000121235847473145e-01
6.000119447708129883e-01
6.000117659568786621e-01
6.000115871429443359e-01
6.000112891197204590e-01
6.000109910964965820e-01
6.000106334686279297e-01
6.000102758407592773e-01
6.000098586082458496e-01
6.000093817710876465e-01
6.000089049339294434e-01
6.000083684921264648e-01
6.000078320503234863e-01
6.000072360038757324e-01
6.000066399574279785e-01
6.000059843063354492e-01
6.000053286552429199e-01
6.000046730041503906e-01
6.000040173530578613e-01
6.000033020973205566e-01
6.000026464462280273e-01
6.000019907951354980e-01
6.000013947486877441e-01
6.000010371208190918e-01
6.000010371208190918e-01
6.000014543533325195e-01
6.000020503997802734e-01
6.000026464462280273e-01
6.000033020973205566e-01
6.000039577484130859e-01
6.000045537948608398e-01
6.000051498413085938e-01
6.000057458877563477e-01
6.000063419342041016e-01
6.000068783760070801e-01
6.000073552131652832e-01
6.000078320503234863e-01
6.000083088874816895e-01
6.000087261199951172e-01
6.000090837478637695e-01
6.000094413757324219e-01
6.000097393989562988e-01
6.000099778175354004e-01
6.000102162361145020e-01
6.000103950500488281e-01
6.000105142593383789e-01
6.000106334686279297e-01
6.000106930732727051e-01
6.000106930732727051e-01
6.000106930732727051e-01
6.000106334686279297e-01
6.000105142593383789e-01
6.000103354454040527e-01
6.000101566314697266e-01
6.000099182128906250e-01
6.000096797943115234e-01
6.000093817710876465e-01
6.000090241432189941e-01
6.000086665153503418e-01
6.000082492828369141e-01
6.000078320503234863e-01
6.000073552131652832e-01
6.000068783760070801e-01
6.000063419342041016e-01
6.000058054924011230e-01
6.000052690505981445e-01
6.000046730041503906e-01
6.000041365623474121e-01
6.000035405158996582e-01
6.000029444694519043e-01
6.000023484230041504e-01
6.000017523765563965e-01
6.000012755393981934e-01
6.000009179115295410e-01
6.000008583068847656e-01
6.000012755393981934e-01
6.000017523765563965e-01
6.000022888183593750e-01
6.000028848648071289e-01
6.000034213066101074e-01
6.000039577484130859e-01
6.000044941902160645e-01
6.000050306320190430e-01
6.000055074691772461e-01
6.000059843063354492e-01
6.000064611434936523e-01
6.000068783760070801e-01
6.000072360038757324e-01
6.000076532363891602e-01
6.000079512596130371e-01
6.000082492828369141e-01
6.000085473060607910e-01
6.000087261199951172e-01
6.000089645385742188e-01
6.000091433525085449e-01
6.000092625617980957e-01
6.000093221664428711e-01
6.000093817710876465e-01
6.000093817710876465e-01
6.000093817710876465e-01
6.000093221664428711e-01
6.000092029571533203e-01
6.000090837478637695e-01
6.000089049339294434e-01
6.000087261199951172e-01
6.000084877014160156e-01
6.000081896781921387e-01
6.000078916549682617e-01
6.000075936317443848e-01
6.000072360038757324e-01
6.000068783760070801e-01
6.000064611434936523e-01
6.000060439109802246e-01
6.000055670738220215e-01
6.000050902366638184e-01
6.000046133995056152e-01
6.000041365623474121e-01
6.000036001205444336e-01
6.000031232833862305e-01
6.000025868415832520e-01
6.000021100044250488e-01
6.000015735626220703e-01
6.000010967254638672e-01
6.000007987022399902e-01
6.000007390975952148e-01
6.000010967254638672e-01
6.000015139579772949e-01
6.000019907951354980e-01
6.000024676322937012e-01
6.000030040740966797e-01
6.000034809112548828e-01
6.000039577484130859e-01
6.000043749809265137e-01
6.000048518180847168e-01
6.000052690505981445e-01
6.000056266784667969e-01
6.000060439109802246e-01
6.000063419342041016e-01
6.000066995620727539e-01
6.000069379806518555e-01
6.000072360038757324e-01
6.000074744224548340e-01
6.000076532363891602e-01
6.000078320503234863e-01
6.000080108642578125e-01
6.000080704689025879e-01
6.000081896781921387e-01
6.000081896781921387e-01
6.000082492828369141e-01
6.000081896781921387e-01
6.000081300735473633e-01
6.000080704689025879e-01
6.000079512596130371e-01
6.000078320503234863e-01
6.000076532363891602e-01
6.000074148178100586e-01
6.000071763992309570e-01
6.000069379806518555e-01
6.000066399574279785e-01
6.000063419342041016e-01
6.000060439109802246e-01
6.000056862831115723e-01
6.000053286552429199e-01
6.000049114227294922e-01
6.000044941902160645e-01
6.000040769577026367e-01
6.000036597251892090e-01
6.000031828880310059e-01
6.000027656555175781e-01
6.000022888183593750e-01
6.000018119812011719e-01
6.000013947486877441e-01
6.000009775161743164e-01
6.000006794929504395e-01
6.000006794929504395e-01
6.000009179115295410e-01
6.000013351440429688e-01
6.000017523765563965e-01
6.000021696090698242e-01
6.000025868415832520e-01
6.000030040740966797e-01
6.000034213066101074e-01
6.000038385391235352e-01
6.000041961669921875e-01
6.000046133995056152e-01
6.000049114227294922e-01
6.000052690505981445e-01
6.000055670738220215e-01
6.000058650970458984e-01
6.000061035156250000e-01
6.000063419342041016e-01
6.000065207481384277e-01
6.000066995620727539e-01
6.000068783760070801e-01
6.000069975852966309e-01
6.000071167945861816e-01
6.000071763992309570e-01
6.000071763992309570e-01
6.000072360038757324e-01
6.000071763992309570e-01
6.000071763992309570e-01
6.000070571899414062e-01
6.000069975852966309e-01
6.000068783760070801e-01
6.000066995620727539e-01
6.000065207481384277e-01
6.000063419342041016e-01
6.000061035156250000e-01
6.000058650970458984e-01
6.000055670738220215e-01
6.000052690505981445e-01
6.000049710273742676e-01
6.000046730041503906e-01
6.000043153762817383e-01
6.000039577484130859e-01
6.000036001205444336e-01
6.000031828880310059e-01
6.000028252601623535e-01
6.000024080276489258e-01
6.000020503997802734e-01
6.000016331672668457e-01
6.000012159347534180e-01
6.000008583068847656e-01
6.000006198883056641e-01
6.000005602836608887e-01
6.000007987022399902e-01
6.000011563301086426e-01
6.000015139579772949e-01
6.000015139579772949e-01
