1.000100016593933105e+00
1.000120162963867188e+00
1.000139355659484863e+00
1.000157952308654785e+00
1.000175952911376953e+00
1.000193953514099121e+00
1.000210404396057129e+00
1.000226020812988281e+00
1.000240802764892578e+00
1.000254511833190918e+00
1.000267624855041504e+00
1.000279188156127930e+00
1.000289678573608398e+00
1.000298976898193359e+00
1.000307321548461914e+00
1.000314116477966309e+00
1.000319719314575195e+00
1.000324010848999023e+00
1.000326991081237793e+00
1.000328898429870605e+00
1.000329256057739258e+00
1.000328421592712402e+00
1.000326395034790039e+00
1.000323057174682617e+00
1.000318288803100586e+00
1.000312566757202148e+00
1.000305533409118652e+00
1.000297427177429199e+00
1.000287890434265137e+00
1.000277519226074219e+00
1.000266194343566895e+00
1.000253915786743164e+00
1.000240802764892578e+00
1.000226259231567383e+00
1.000211477279663086e+00
1.000195860862731934e+00
1.000179767608642578e+00
1.000162959098815918e+00
1.000145077705383301e+00
1.000127434730529785e+00
1.000109553337097168e+00
1.000091552734375000e+00
1.000072956085205078e+00
1.000055432319641113e+00
1.000039458274841309e+00
1.000027775764465332e+00
1.000026822090148926e+00
1.000037908554077148e+00
1.000053286552429199e+00
1.000070095062255859e+00
1.000087261199951172e+00
1.000104308128356934e+00
1.000121712684631348e+00
1.000138044357299805e+00
1.000153899192810059e+00
1.000169157981872559e+00
1.000184178352355957e+00
1.000197887420654297e+00
1.000210762023925781e+00
1.000222802162170410e+00
1.000234007835388184e+00
1.000244498252868652e+00
1.000253677368164062e+00
1.000261902809143066e+00
1.000268936157226562e+00
1.000275015830993652e+00
1.000280141830444336e+00
1.000283956527709961e+00
1.000286579132080078e+00
1.000288128852844238e+00
1.000288605690002441e+00
1.000287890434265137e+00
1.000286102294921875e+00
1.000283241271972656e+00
1.000279307365417480e+00
1.000274062156677246e+00
1.000267982482910156e+00
1.000260829925537109e+00
1.000252842903137207e+00
1.000243902206420898e+00
1.000233530998229980e+00
1.000222802162170410e+00
1.000211358070373535e+00
1.000199079513549805e+00
1.000185608863830566e+00
1.000172019004821777e+00
1.000157833099365234e+00
1.000143170356750488e+00
1.000128149986267090e+00
1.000112056732177734e+00
1.000096440315246582e+00
1.000080585479736328e+00
1.000064849853515625e+00
1.000049591064453125e+00
1.000034928321838379e+00
1.000024557113647461e+00
1.000023365020751953e+00
1.000032424926757812e+00
1.000046372413635254e+00
1.000061035156250000e+00
1.000076055526733398e+00
1.000091075897216797e+00
1.000105857849121094e+00
1.000120639801025391e+00
1.000134587287902832e+00
1.000147938728332520e+00
1.000160694122314453e+00
1.000172734260559082e+00
1.000184535980224609e+00
1.000195145606994629e+00
1.000204920768737793e+00
1.000213861465454102e+00
1.000222206115722656e+00
1.000229358673095703e+00
1.000235676765441895e+00
1.000240921974182129e+00
1.000245332717895508e+00
1.000248789787292480e+00
1.000251173973083496e+00
1.000252604484558105e+00
1.000252962112426758e+00
1.000252485275268555e+00
1.000250816345214844e+00
1.000248312950134277e+00
1.000244855880737305e+00
1.000240445137023926e+00
1.000234961509704590e+00
1.000228762626647949e+00
1.000221729278564453e+00
1.000213980674743652e+00
1.000205278396606445e+00
1.000195503234863281e+00
1.000185489654541016e+00
1.000174760818481445e+00
1.000163435935974121e+00
1.000151515007019043e+00
1.000138640403747559e+00
1.000125885009765625e+00
1.000112652778625488e+00
1.000099062919616699e+00
1.000084877014160156e+00
1.000071048736572266e+00
1.000057220458984375e+00
1.000043749809265137e+00
1.000031352043151855e+00
1.000021696090698242e+00
1.000020384788513184e+00
1.000028133392333984e+00
1.000039815902709961e+00
1.000052690505981445e+00
1.000066399574279785e+00
1.000079512596130371e+00
1.000092387199401855e+00
1.000105023384094238e+00
1.000117659568786621e+00
1.000129342079162598e+00
1.000140547752380371e+00
1.000151157379150391e+00
1.000161051750183105e+00
1.000170826911926270e+00
1.000179409980773926e+00
1.000187277793884277e+00
1.000194311141967773e+00
1.000200748443603516e+00
1.000206351280212402e+00
1.000211119651794434e+00
1.000214934349060059e+00
1.000217914581298828e+00
1.000220179557800293e+00
1.000221371650695801e+00
1.000221729278564453e+00
1.000221252441406250e+00
1.000219941139221191e+00
1.000217676162719727e+00
1.000214695930480957e+00
1.000210881233215332e+00
1.000206351280212402e+00
1.000200867652893066e+00
1.000194549560546875e+00
1.000187635421752930e+00
1.000180125236511230e+00
1.000171899795532227e+00
1.000162839889526367e+00
1.000153422355651855e+00
1.000143527984619141e+00
1.000133037567138672e+00
1.000122308731079102e+00
1.000110626220703125e+00
1.000099062919616699e+00
1.000087141990661621e+00
1.000075101852416992e+00
1.000063061714172363e+00
1.000050425529479980e+00
1.000038623809814453e+00
1.000027775764465332e+00
1.000019311904907227e+00
1.000017762184143066e+00
1.000024437904357910e+00
1.000034570693969727e+00
1.000045895576477051e+00
1.000057458877563477e+00
1.000069379806518555e+00
1.000080704689025879e+00
1.000091791152954102e+00
1.000102400779724121e+00
1.000112771987915039e+00
1.000122904777526855e+00
1.000132203102111816e+00
1.000141024589538574e+00
1.000149130821228027e+00
1.000156998634338379e+00
1.000163912773132324e+00
1.000170230865478516e+00
1.000175833702087402e+00
1.000180602073669434e+00
1.000184893608093262e+00
1.000188350677490234e+00
1.000190973281860352e+00
1.000192880630493164e+00
1.000193953514099121e+00
1.000194430351257324e+00
1.000193953514099121e+00
1.000192880630493164e+00
1.000190973281860352e+00
1.000188231468200684e+00
1.000185012817382812e+00
1.000180959701538086e+00
1.000176191329956055e+00
1.000170946121215820e+00
1.000164628028869629e+00
1.000158071517944336e+00
1.000150918960571289e+00
1.000143170356750488e+00
1.000135064125061035e+00
1.000126004219055176e+00
1.000116944313049316e+00
1.000107407569885254e+00
1.000097513198852539e+00
1.000087022781372070e+00
1.000076651573181152e+00
1.000066161155700684e+00
1.000055551528930664e+00
1.000044941902160645e+00
1.000034093856811523e+00
1.000024557113647461e+00
1.000017046928405762e+00
1.000015497207641602e+00
1.000020861625671387e+00
1.000030040740966797e+00
1.000039935111999512e+00
1.000050067901611328e+00
1.000060200691223145e+00
1.000070452690124512e+00
1.000080227851867676e+00
1.000089526176452637e+00
1.000098586082458496e+00
1.000107169151306152e+00
1.000115752220153809e+00
1.000123381614685059e+00
1.000130534172058105e+00
1.000137209892272949e+00
1.000143289566040039e+00
1.000149011611938477e+00
1.000153899192810059e+00
1.000158190727233887e+00
1.000161886215209961e+00
1.000164985656738281e+00
1.000167369842529297e+00
1.000169038772583008e+00
1.000169992446899414e+00
1.000170350074768066e+00
1.000170111656188965e+00
1.000169038772583008e+00
1.000167489051818848e+00
1.000165224075317383e+00
1.000162363052368164e+00
1.000158667564392090e+00
1.000154614448547363e+00
1.000149965286254883e+00
1.000144720077514648e+00
1.000138759613037109e+00
1.000132441520690918e+00
1.000125765800476074e+00
1.000118494033813477e+00
1.000110983848571777e+00
1.000102639198303223e+00
1.000094413757324219e+00
1.000085711479187012e+00
1.000076889991760254e+00
1.000067830085754395e+00
1.000058174133300781e+00
1.000048875808715820e+00
1.000039577484130859e+00
1.000030517578125000e+00
1.000021696090698242e+00
1.000015139579772949e+00
1.000013470649719238e+00
1.000018119812011719e+00
1.000025868415832520e+00
1.000034809112548828e+00
1.000043630599975586e+00
1.000052452087402344e+00
1.000061154365539551e+00
1.000069737434387207e+00
1.000078320503234863e+00
1.000086188316345215e+00
1.000093817710876465e+00
1.000100970268249512e+00
1.000108003616333008e+00
1.000114321708679199e+00
1.000120162963867188e+00
1.000125527381896973e+00
1.000130295753479004e+00
1.000134825706481934e+00
1.000138640403747559e+00
1.000141859054565430e+00
1.000144481658935547e+00
1.000146508216857910e+00
1.000148057937622070e+00
1.000149011611938477e+00
1.000149369239807129e+00
1.000149130821228027e+00
1.000148177146911621e+00
1.000146865844726562e+00
1.000144839286804199e+00
1.000142335891723633e+00
1.000139355659484863e+00
1.000135660171508789e+00
1.000131487846374512e+00
1.000126957893371582e+00
1.000121951103210449e+00
1.000116467475891113e+00
1.000110387802124023e+00
1.000104069709777832e+00
1.000097393989562988e+00
1.000090479850769043e+00
1.000082969665527344e+00
1.000075340270996094e+00
1.000067591667175293e+00
1.000059604644775391e+00
1.000051617622375488e+00
1.000043034553527832e+00
1.000034928321838379e+00
1.000026941299438477e+00
1.000019431114196777e+00
1.000013589859008789e+00
1.000011801719665527e+00
1.000015735626220703e+00
1.000022411346435547e+00
1.000029921531677246e+00
1.000038027763366699e+00
1.000045776367187500e+00
1.000053405761718750e+00
1.000060915946960449e+00
1.000068187713623047e+00
1.000075340270996094e+00
1.000082015991210938e+00
1.000088334083557129e+00
1.000094294548034668e+00
1.000099778175354004e+00
1.000105142593383789e+00
1.000109910964965820e+00
1.000114083290100098e+00
1.000117897987365723e+00
1.000121355056762695e+00
1.000124216079711914e+00
1.000126600265502930e+00
1.000128388404846191e+00
1.000129699707031250e+00
1.000130534172058105e+00
1.000130891799926758e+00
1.000130653381347656e+00
1.000129938125610352e+00
1.000128746032714844e+00
1.000127077102661133e+00
1.000124812126159668e+00
1.000122189521789551e+00
1.000119090080261230e+00
1.000115394592285156e+00
1.000111341476440430e+00
1.000107049942016602e+00
1.000102162361145020e+00
1.000097036361694336e+00
1.000091433525085449e+00
1.000085592269897461e+00
1.000079512596130371e+00
1.000073075294494629e+00
1.000066518783569336e+00
1.000059485435485840e+00
1.000052452087402344e+00
1.000045418739318848e+00
1.000038266181945801e+00
1.000030755996704102e+00
1.000023841857910156e+00
1.000017285346984863e+00
1.000011920928955078e+00
1.000010251998901367e+00
1.000013709068298340e+00
1.000019550323486328e+00
1.000026106834411621e+00
1.000032901763916016e+00
1.000039696693420410e+00
1.000046610832214355e+00
1.000053167343139648e+00
1.000059604644775391e+00
1.000065684318542480e+00
1.000071763992309570e+00
1.000077247619628906e+00
1.000082492828369141e+00
1.000087380409240723e+00
1.000091910362243652e+00
1.000096201896667480e+00
1.000099897384643555e+00
1.000103354454040527e+00
1.000106215476989746e+00
1.000108718872070312e+00
1.000110864639282227e+00
1.000112533569335938e+00
1.000113725662231445e+00
1.000114440917968750e+00
1.000114679336547852e+00
1.000114560127258301e+00
1.000113964080810547e+00
1.000112891197204590e+00
1.000111460685729980e+00
1.000109434127807617e+00
1.000107169151306152e+00
1.000104427337646484e+00
1.000101327896118164e+00
1.000097870826721191e+00
1.000093936920166016e+00
1.000089764595031738e+00
1.000085234642028809e+00
1.000080466270446777e+00
1.000075101852416992e+00
1.000069737434387207e+00
1.000064253807067871e+00
1.000058412551879883e+00
1.000052452087402344e+00
1.000046133995056152e+00
1.000039935111999512e+00
1.000033617019653320e+00
1.000027418136596680e+00
1.000021219253540039e+00
1.000015258789062500e+00
1.000010609626770020e+00
1.000008940696716309e+00
1.000011682510375977e+00
1.000016927719116211e+00
1.000022649765014648e+00
1.000028610229492188e+00
1.000034689903259277e+00
1.000040531158447266e+00
1.000046491622924805e+00
1.000052094459533691e+00
1.000057458877563477e+00
1.000062584877014160e+00
1.000067472457885742e+00
1.000072121620178223e+00
1.000076413154602051e+00
1.000080466270446777e+00
1.000084042549133301e+00
1.000087499618530273e+00
1.000090479850769043e+00
1.000092983245849609e+00
1.000095248222351074e+00
1.000097036361694336e+00
1.000098586082458496e+00
1.000099658966064453e+00
1.000100255012512207e+00
1.000100612640380859e+00
1.000100493431091309e+00
1.000099897384643555e+00
1.000099062919616699e+00
1.000097751617431641e+00
1.000096082687377930e+00
1.000094056129455566e+00
1.000091671943664551e+00
1.000088930130004883e+00
1.000085830688476562e+00
1.000082492828369141e+00
1.000078678131103516e+00
1.000074744224548340e+00
1.000070571899414062e+00
1.000066161155700684e+00
1.000061511993408203e+00
1.000056385993957520e+00
1.000051379203796387e+00
1.000046133995056152e+00
1.000040769577026367e+00
1.000035166740417480e+00
1.000029683113098145e+00
1.000024199485778809e+00
1.000018715858459473e+00
1.000013709068298340e+00
1.000009417533874512e+00
1.000007867813110352e+00
1.000010132789611816e+00
1.000014543533325195e+00
1.000019550323486328e+00
1.000025033950805664e+00
1.000030159950256348e+00
1.000035405158996582e+00
1.000040411949157715e+00
1.000045537948608398e+00
1.000050187110900879e+00
1.000054717063903809e+00
1.000059008598327637e+00
1.000063061714172363e+00
1.000066876411437988e+00
1.000070452690124512e+00
1.000073671340942383e+00
1.000076532363891602e+00
1.000079154968261719e+00
1.000081539154052734e+00
1.000083446502685547e+00
1.000084996223449707e+00
1.000086307525634766e+00
1.000087261199951172e+00
1.000087857246398926e+00
1.000088095664978027e+00
1.000088095664978027e+00
1.000087618827819824e+00
1.000086784362792969e+00
1.000085711479187012e+00
1.000084280967712402e+00
1.000082492828369141e+00
1.000080466270446777e+00
1.000077962875366211e+00
1.000075340270996094e+00
1.000072479248046875e+00
1.000069260597229004e+00
1.000065684318542480e+00
1.000061988830566406e+00
1.000058054924011230e+00
1.000054001808166504e+00
1.000049710273742676e+00
1.000045180320739746e+00
1.000040531158447266e+00
1.000035881996154785e+00
1.000031113624572754e+00
1.000026345252990723e+00
1.000021338462829590e+00
1.000016570091247559e+00
1.000012040138244629e+00
1.000008344650268555e+00
1.000006914138793945e+00
1.000008821487426758e+00
1.000012636184692383e+00
1.000017046928405762e+00
1.000021576881408691e+00
1.000026345252990723e+00
1.000030875205993652e+00
1.000035285949707031e+00
1.000039577484130859e+00
1.000043749809265137e+00
1.000047802925109863e+00
1.000051617622375488e+00
1.000055074691772461e+00
1.000058412551879883e+00
1.000061631202697754e+00
1.000064492225646973e+00
1.000066995620727539e+00
1.000069260597229004e+00
1.000071287155151367e+00
1.000073075294494629e+00
1.000074505805969238e+00
1.000075697898864746e+00
1.000076532363891602e+00
1.000077009201049805e+00
1.000077247619628906e+00
1.000077128410339355e+00
1.000076770782470703e+00
1.000076174736022949e+00
1.000075101852416992e+00
1.000073909759521484e+00
1.000072360038757324e+00
1.000070571899414062e+00
1.000068545341491699e+00
1.000066161155700684e+00
1.000063538551330566e+00
1.000060796737670898e+00
1.000057697296142578e+00
1.000054597854614258e+00
1.000051021575927734e+00
1.000047445297241211e+00
1.000043749809265137e+00
1.000039815902709961e+00
1.000035643577575684e+00
1.000031590461730957e+00
1.000027418136596680e+00
1.000023126602172852e+00
1.000018954277038574e+00
1.000014662742614746e+00
1.000010728836059570e+00
1.000007390975952148e+00
1.000006079673767090e+00
1.000007510185241699e+00
1.000010967254638672e+00
1.000014781951904297e+00
1.000018835067749023e+00
1.000022888183593750e+00
1.000026941299438477e+00
1.000030875205993652e+00
1.000034570693969727e+00
1.000038266181945801e+00
1.000041723251342773e+00
1.000045180320739746e+00
1.000048279762268066e+00
1.000051140785217285e+00
1.000053882598876953e+00
1.000056385993957520e+00
1.000058650970458984e+00
1.000060677528381348e+00
1.000062465667724609e+00
1.000064015388488770e+00
1.000065326690673828e+00
1.000066280364990234e+00
1.000066995620727539e+00
1.000067472457885742e+00
1.000067710876464844e+00
1.000067591667175293e+00
1.000067353248596191e+00
1.000066757202148438e+00
1.000065922737121582e+00
1.000064849853515625e+00
1.000063419342041016e+00
1.000061869621276855e+00
1.000060081481933594e+00
1.000058054924011230e+00
1.000055789947509766e+00
1.000053286552429199e+00
1.000050663948059082e+00
1.000047922134399414e+00
1.000044941902160645e+00
1.000041604042053223e+00
1.000038385391235352e+00
1.000035047531127930e+00
1.000031471252441406e+00
1.000027775764465332e+00
1.000024080276489258e+00
1.000020384788513184e+00
1.000016689300537109e+00
1.000012993812561035e+00
1.000009417533874512e+00
1.000006556510925293e+00
1.000005364418029785e+00
1.000006556510925293e+00
1.000009417533874512e+00
1.000012874603271484e+00
1.000016450881958008e+00
1.000019907951354980e+00
1.000023365020751953e+00
1.000026941299438477e+00
1.000030279159545898e+00
1.000033378601074219e+00
1.000036478042602539e+00
1.000039339065551758e+00
1.000042200088500977e+00
1.000044822692871094e+00
1.000047087669372559e+00
1.000049352645874023e+00
1.000051259994506836e+00
1.000053167343139648e+00
1.000054717063903809e+00
1.000056028366088867e+00
1.000057101249694824e+00
1.000058054924011230e+00
1.000058770179748535e+00
1.000059127807617188e+00
1.000059366226196289e+00
1.000059247016906738e+00
1.000059008598327637e+00
1.000058531761169434e+00
1.000057816505432129e+00
1.000056862831115723e+00
1.000055670738220215e+00
1.000054240226745605e+00
1.000052690505981445e+00
1.000050902366638184e+00
1.000048995018005371e+00
1.000046849250793457e+00
1.000044465065002441e+00
1.000042080879211426e+00
1.000039458274841309e+00
1.000036716461181641e+00
1.000033736228942871e+00
1.000030755996704102e+00
1.000027656555175781e+00
1.000024557113647461e+00
1.000021338462829590e+00
1.000018000602722168e+00
1.000014662742614746e+00
1.000011563301086426e+00
1.000008463859558105e+00
1.000005841255187988e+00
1.000004649162292480e+00
1.000005722045898438e+00
1.000008225440979004e+00
1.000011086463928223e+00
1.000014305114746094e+00
1.000017404556274414e+00
1.000020384788513184e+00
1.000023365020751953e+00
1.000026345252990723e+00
1.000029206275939941e+00
1.000031948089599609e+00
1.000034451484680176e+00
1.000036835670471191e+00
1.000039219856262207e+00
1.000041246414184570e+00
1.000043153762817383e+00
1.000044941902160645e+00
1.000046491622924805e+00
1.000047922134399414e+00
1.000049114227294922e+00
1.000050067901611328e+00
1.000050902366638184e+00
1.000051379203796387e+00
1.000051856040954590e+00
1.000051975250244141e+00
1.000051975250244141e+00
1.000051736831665039e+00
1.000051259994506836e+00
1.000050663948059082e+00
1.000049829483032227e+00
1.000048875808715820e+00
1.000047683715820312e+00
1.000046253204345703e+00
1.000044703483581543e+00
1.000043034553527832e+00
1.000041127204895020e+00
1.000039100646972656e+00
1.000036954879760742e+00
1.000034570693969727e+00
1.000032186508178711e+00
1.000029683113098145e+00
1.000027060508728027e+00
1.000024318695068359e+00
1.000021576881408691e+00
1.000018715858459473e+00
1.000015974044799805e+00
1.000012993812561035e+00
1.000010132789611816e+00
1.000007510185241699e+00
1.000005245208740234e+00
1.000004053115844727e+00
1.000005006790161133e+00
1.000007152557373047e+00
1.000009655952453613e+00
1.000012397766113281e+00
1.000015139579772949e+00
1.000017881393432617e+00
1.000020503997802734e+00
1.000023007392883301e+00
1.000025510787963867e+00
1.000027894973754883e+00
1.000030159950256348e+00
1.000032186508178711e+00
1.000034213066101074e+00
1.000036001205444336e+00
1.000037789344787598e+00
1.000039339065551758e+00
1.000040650367736816e+00
1.000041961669921875e+00
1.000043034553527832e+00
1.000043869018554688e+00
1.000044584274291992e+00
1.000045061111450195e+00
1.000045418739318848e+00
1.000045537948608398e+00
1.000045537948608398e+00
1.000045418739318848e+00
1.000044941902160645e+00
1.000044465065002441e+00
1.000043749809265137e+00
1.000042796134948730e+00
1.000041842460632324e+00
1.000040650367736816e+00
1.000039219856262207e+00
1.000037789344787598e+00
1.000036120414733887e+00
1.000034332275390625e+00
1.000032424926757812e+00
1.000030398368835449e+00
1.000028252601623535e+00
1.000026106834411621e+00
1.000023841857910156e+00
1.000021457672119141e+00
1.000018954277038574e+00
1.000016570091247559e+00
1.000014066696166992e+00
1.000011563301086426e+00
1.000008940696716309e+00
1.000006675720214844e+00
1.000004649162292480e+00
1.000003576278686523e+00
1.000004291534423828e+00
1.000006198883056641e+00
1.000008344650268555e+00
1.000010728836059570e+00
1.000013113021850586e+00
1.000015497207641602e+00
1.000017881393432617e+00
1.000020146369934082e+00
1.000022292137145996e+00
1.000024318695068359e+00
1.000026345252990723e+00
1.000028252601623535e+00
1.000029921531677246e+00
1.000031590461730957e+00
1.000033020973205566e+00
1.000034451484680176e+00
1.000035643577575684e+00
1.000036716461181641e+00
1.000037670135498047e+00
1.000038385391235352e+00
1.000038981437683105e+00
1.000039458274841309e+00
1.000039815902709961e+00
1.000039935111999512e+00
1.000039935111999512e+00
1.000039815902709961e+00
1.000039458274841309e+00
1.000038981437683105e+00
1.000038385391235352e+00
1.000037550926208496e+00
1.000036716461181641e+00
1.000035643577575684e+00
1.000034451484680176e+00
1.000033140182495117e+00
1.000031709671020508e+00
1.000030159950256348e+00
1.000028491020202637e+00
1.000026702880859375e+00
1.000024795532226562e+00
1.000022888183593750e+00
1.000020980834960938e+00
1.000018835067749023e+00
1.000016808509826660e+00
1.000014543533325195e+00
1.000012397766113281e+00
1.000010132789611816e+00
1.000007987022399902e+00
1.000005960464477539e+00
1.000004053115844727e+00
1.000003218650817871e+00
1.000003695487976074e+00
1.000005245208740234e+00
1.000007271766662598e+00
1.000009417533874512e+00
1.000011444091796875e+00
1.000013470649719238e+00
1.000015497207641602e+00
1.000017523765563965e+00
1.000019431114196777e+00
1.000021219253540039e+00
1.000023007392883301e+00
1.000024557113647461e+00
1.000026226043701172e+00
1.000027656555175781e+00
1.000028967857360840e+00
1.000030159950256348e+00
1.000031232833862305e+00
1.000032186508178711e+00
1.000032901763916016e+00
1.000033617019653320e+00
1.000034213066101074e+00
1.000034570693969727e+00
1.000034928321838379e+00
1.000035047531127930e+00
1.000035047531127930e+00
1.000034928321838379e+00
1.000034570693969727e+00
1.000034213066101074e+00
1.000033617019653320e+00
1.000033020973205566e+00
1.000032186508178711e+00
1.000031232833862305e+00
1.000030279159545898e+00
1.000029087066650391e+00
1.000027894973754883e+00
1.000026464462280273e+00
1.000025033950805664e+00
1.000023484230041504e+00
1.000021934509277344e+00
1.000020146369934082e+00
1.000018358230590820e+00
1.000016570091247559e+00
1.000014781951904297e+00
1.000012874603271484e+00
1.000010848045349121e+00
1.000008940696716309e+00
1.000007033348083496e+00
1.000005245208740234e+00
1.000003695487976074e+00
1.000002741813659668e+00
1.000003218650817871e+00
1.000004529953002930e+00
1.000006318092346191e+00
1.000008106231689453e+00
1.000010013580322266e+00
1.000011801719665527e+00
1.000013589859008789e+00
1.000015258789062500e+00
1.000017046928405762e+00
1.000018596649169922e+00
1.000020146369934082e+00
1.000021576881408691e+00
1.000022888183593750e+00
1.000024199485778809e+00
1.000025272369384766e+00
1.000026345252990723e+00
1.000027298927307129e+00
1.000028133392333984e+00
1.000028848648071289e+00
1.000029444694519043e+00
1.000029921531677246e+00
1.000030279159545898e+00
1.000030517578125000e+00
1.000030636787414551e+00
1.000030636787414551e+00
1.000030517578125000e+00
1.000030279159545898e+00
1.000029921531677246e+00
1.000029444694519043e+00
1.000028967857360840e+00
1.000028252601623535e+00
1.000027418136596680e+00
1.000026464462280273e+00
1.000025510787963867e+00
1.000024437904357910e+00
1.000023245811462402e+00
1.000021934509277344e+00
1.000020623207092285e+00
1.000019192695617676e+00
1.000017762184143066e+00
1.000016212463378906e+00
1.000014543533325195e+00
1.000012993812561035e+00
1.000011324882507324e+00
1.000009655952453613e+00
1.000007987022399902e+00
1.000006198883056641e+00
1.000004649162292480e+00
1.000003218650817871e+00
1.000002503395080566e+00
1.000002741813659668e+00
1.000003933906555176e+00
1.000005483627319336e+00
1.000007033348083496e+00
1.000008702278137207e+00
1.000010251998901367e+00
1.000011801719665527e+00
1.000013351440429688e+00
1.000014781951904297e+00
1.000016212463378906e+00
1.000017523765563965e+00
1.000018835067749023e+00
1.000020027160644531e+00
1.000021100044250488e+00
1.000022172927856445e+00
1.000023126602172852e+00
1.000023961067199707e+00
1.000024676322937012e+00
1.000025272369384766e+00
1.000025868415832520e+00
1.000026226043701172e+00
1.000026583671569824e+00
1.000026822090148926e+00
1.000026941299438477e+00
1.000026941299438477e+00
1.000026822090148926e+00
1.000026583671569824e+00
1.000026226043701172e+00
1.000025868415832520e+00
1.000025391578674316e+00
1.000024795532226562e+00
1.000024080276489258e+00
1.000023245811462402e+00
1.000022411346435547e+00
1.000021457672119141e+00
1.000020384788513184e+00
1.000019311904907227e+00
1.000018119812011719e+00
1.000016927719116211e+00
1.000015616416931152e+00
1.000014305114746094e+00
1.000012874603271484e+00
1.000011444091796875e+00
1.000009894371032715e+00
1.000008463859558105e+00
1.000007033348083496e+00
1.000005602836608887e+00
1.000004053115844727e+00
1.000002861022949219e+00
1.000002145767211914e+00
1.000002384185791016e+00
1.000003457069396973e+00
1.000004768371582031e+00
1.000006079673767090e+00
1.000007510185241699e+00
1.000008940696716309e+00
1.000010371208190918e+00
1.000011682510375977e+00
1.000012993812561035e+00
1.000014185905456543e+00
1.000015377998352051e+00
1.000016450881958008e+00
1.000017523765563965e+00
1.000018477439880371e+00
1.000019311904907227e+00
1.000020146369934082e+00
1.000020980834960938e+00
1.000021576881408691e+00
1.000022172927856445e+00
1.000022649765014648e+00
1.000023007392883301e+00
1.000023245811462402e+00
1.000023484230041504e+00
1.000023603439331055e+00
1.000023603439331055e+00
1.000023484230041504e+00
1.000023365020751953e+00
1.000023007392883301e+00
1.000022649765014648e+00
1.000022292137145996e+00
1.000021696090698242e+00
1.000021100044250488e+00
1.000020384788513184e+00
1.000019669532775879e+00
1.000018835067749023e+00
1.000017881393432617e+00
1.000016927719116211e+00
1.000015974044799805e+00
1.000014901161193848e+00
1.000013709068298340e+00
1.000012516975402832e+00
1.000011324882507324e+00
1.000010013580322266e+00
1.000008821487426758e+00
1.000007510185241699e+00
1.000006198883056641e+00
1.000004887580871582e+00
1.000003695487976074e+00
1.000002503395080566e+00
1.000001907348632812e+00
1.000002145767211914e+00
1.000002980232238770e+00
1.000004053115844727e+00
1.000005364418029785e+00
1.000006556510925293e+00
1.000007748603820801e+00
1.000008940696716309e+00
1.000010132789611816e+00
1.000011324882507324e+00
1.000012397766113281e+00
1.000013351440429688e+00
1.000014424324035645e+00
1.000015377998352051e+00
1.000016212463378906e+00
1.000016927719116211e+00
1.000017642974853516e+00
1.000018358230590820e+00
1.000018835067749023e+00
1.000019431114196777e+00
1.000019788742065430e+00
1.000020146369934082e+00
1.000020384788513184e+00
1.000020503997802734e+00
1.000020623207092285e+00
1.000020623207092285e+00
1.000020623207092285e+00
1.000020384788513184e+00
1.000020146369934082e+00
1.000019907951354980e+00
1.000019550323486328e+00
1.000019073486328125e+00
1.000018477439880371e+00
1.000017881393432617e+00
1.000017285346984863e+00
1.000016570091247559e+00
1.000015735626220703e+00
1.000014901161193848e+00
1.000013947486877441e+00
1.000012993812561035e+00
1.000012040138244629e+00
1.000010967254638672e+00
1.000009894371032715e+00
1.000008821487426758e+00
1.000007748603820801e+00
1.000006556510925293e+00
1.000005483627319336e+00
1.000004291534423828e+00
1.000003218650817871e+00
1.000002264976501465e+00
1.000001668930053711e+00
1.000001788139343262e+00
1.000002622604370117e+00
1.000003576278686523e+00
1.000004649162292480e+00
1.000005722045898438e+00
1.000006794929504395e+00
1.000007867813110352e+00
1.000008821487426758e+00
1.000009894371032715e+00
1.000010848045349121e+00
1.000011682510375977e+00
1.000012636184692383e+00
1.000013351440429688e+00
1.000014066696166992e+00
1.000014781951904297e+00
1.000015497207641602e+00
1.000015974044799805e+00
1.000016570091247559e+00
1.000016927719116211e+00
1.000017285346984863e+00
1.000017642974853516e+00
1.000017881393432617e+00
1.000018000602722168e+00
1.000018119812011719e+00
1.000018119812011719e+00
1.000018000602722168e+00
1.000017881393432617e+00
1.000017762184143066e+00
1.000017404556274414e+00
1.000017166137695312e+00
1.000016689300537109e+00
1.000016212463378906e+00
1.000015735626220703e+00
1.000015139579772949e+00
1.000014543533325195e+00
1.000013828277587891e+00
1.000013113021850586e+00
1.000012278556823730e+00
1.000011444091796875e+00
1.000010609626770020e+00
1.000009655952453613e+00
1.000008821487426758e+00
1.000007748603820801e+00
1.000006794929504395e+00
1.000005841255187988e+00
1.000004768371582031e+00
1.000003814697265625e+00
1.000002861022949219e+00
1.000002026557922363e+00
1.000001549720764160e+00
1.000001549720764160e+00
1.000002264976501465e+00
1.000003099441528320e+00
1.000004053115844727e+00
1.000005006790161133e+00
1.000005841255187988e+00
1.000006794929504395e+00
1.000007748603820801e+00
1.000008583068847656e+00
1.000009417533874512e+00
1.000010251998901367e+00
1.000010967254638672e+00
1.000011682510375977e+00
1.000012397766113281e+00
1.000012993812561035e+00
1.000013589859008789e+00
1.000014066696166992e+00
1.000014424324035645e+00
1.000014901161193848e+00
1.000015139579772949e+00
1.000015497207641602e+00
1.000015616416931152e+00
1.000015735626220703e+00
1.000015854835510254e+00
1.000015854835510254e+00
1.000015854835510254e+00
1.000015735626220703e+00
1.000015497207641602e+00
1.000015258789062500e+00
1.000015020370483398e+00
1.000014662742614746e+00
1.000014305114746094e+00
1.000013828277587891e+00
1.000013351440429688e+00
1.000012755393981934e+00
1.000012159347534180e+00
1.000011444091796875e+00
1.000010848045349121e+00
1.000010013580322266e+00
1.000009298324584961e+00
1.000008463859558105e+00
1.000007748603820801e+00
1.000006914138793945e+00
1.000005960464477539e+00
1.000005125999450684e+00
1.000004291534423828e+00
1.000003337860107422e+00
1.000002503395080566e+00
1.000001788139343262e+00
1.000001311302185059e+00
1.000001430511474609e+00
1.000001907348632812e+00
1.000002741813659668e+00
1.000003457069396973e+00
1.000004291534423828e+00
1.000005125999450684e+00
1.000005960464477539e+00
1.000006794929504395e+00
1.000007510185241699e+00
1.000008225440979004e+00
1.000008940696716309e+00
1.000009655952453613e+00
1.000010251998901367e+00
1.000010848045349121e+00
1.000011324882507324e+00
1.000011801719665527e+00
1.000012278556823730e+00
1.000012636184692383e+00
1.000012993812561035e+00
1.000013232231140137e+00
1.000013470649719238e+00
1.000013709068298340e+00
1.000013828277587891e+00
1.000013828277587891e+00
1.000013947486877441e+00
1.000013828277587891e+00
1.000013709068298340e+00
1.000013589859008789e+00
1.000013470649719238e+00
1.000013113021850586e+00
1.000012874603271484e+00
1.000012516975402832e+00
1.000012159347534180e+00
1.000011682510375977e+00
1.000011205673217773e+00
1.000010609626770020e+00
1.000010132789611816e+00
1.000009536743164062e+00
1.000008821487426758e+00
1.000008225440979004e+00
1.000007510185241699e+00
1.000006794929504395e+00
1.000006079673767090e+00
1.000005245208740234e+00
1.000004529953002930e+00
1.000003695487976074e+00
1.000002980232238770e+00
1.000002264976501465e+00
1.000001549720764160e+00
1.000001192092895508e+00
1.000001192092895508e+00
1.000001668930053711e+00
1.000002264976501465e+00
1.000002980232238770e+00
1.000003814697265625e+00
1.000004529953002930e+00
1.000005245208740234e+00
1.000005841255187988e+00
1.000006556510925293e+00
1.000007152557373047e+00
1.000007867813110352e+00
1.000008344650268555e+00
1.000008940696716309e+00
1.000009417533874512e+00
1.000009894371032715e+00
1.000010371208190918e+00
1.000010728836059570e+00
1.000011086463928223e+00
1.000011444091796875e+00
1.000011682510375977e+00
1.000011801719665527e+00
1.000012040138244629e+00
1.000012159347534180e+00
1.000012159347534180e+00
1.000012159347534180e+00
1.000012159347534180e+00
1.000012040138244629e+00
1.000011920928955078e+00
1.000011801719665527e+00
1.000011563301086426e+00
1.000011324882507324e+00
1.000010967254638672e+00
1.000010609626770020e+00
1.000010251998901367e+00
1.000009775161743164e+00
1.000009298324584961e+00
1.000008821487426758e+00
1.000008344650268555e+00
1.000007748603820801e+00
1.000007152557373047e+00
1.000006556510925293e+00
1.000005960464477539e+00
1.000005245208740234e+00
1.000004649162292480e+00
1.000003933906555176e+00
1.000003337860107422e+00
1.000002622604370117e+00
1.000002026557922363e+00
1.000001430511474609e+00
1.000001072883605957e+00
1.000001072883605957e+00
1.000001430511474609e+00
1.000002026557922363e+00
1.000002622604370117e+00
1.000003218650817871e+00
1.000003933906555176e+00
1.000004529953002930e+00
1.000005125999450684e+00
1.000005722045898438e+00
1.000006318092346191e+00
1.000006794929504395e+00
1.000007390975952148e+00
1.000007867813110352e+00
1.000008225440979004e+00
1.000008702278137207e+00
1.000009059906005859e+00
1.000009417533874512e+00
1.000009655952453613e+00
1.000010013580322266e+00
1.000010132789611816e+00
1.000010371208190918e+00
1.000010490417480469e+00
1.000010609626770020e+00
1.000010609626770020e+00
1.000010728836059570e+00
1.000010609626770020e+00
1.000010609626770020e+00
1.000010490417480469e+00
1.000010251998901367e+00
1.000010132789611816e+00
1.000009894371032715e+00
1.000009655952453613e+00
1.000009298324584961e+00
1.000008940696716309e+00
1.000008583068847656e+00
1.000008225440979004e+00
1.000007748603820801e+00
1.000007271766662598e+00
1.000006794929504395e+00
1.000006318092346191e+00
1.000005841255187988e+00
1.000005245208740234e+00
1.000004649162292480e+00
1.000004053115844727e+00
1.000003457069396973e+00
1.000002861022949219e+00
1.000002384185791016e+00
1.000001788139343262e+00
1.000001311302185059e+00
1.000000953674316406e+00
1.000000953674316406e+00
1.000001311302185059e+00
1.000001788139343262e+00
1.000002264976501465e+00
1.000002861022949219e+00
1.000003337860107422e+00
1.000003933906555176e+00
1.000004529953002930e+00
1.000005006790161133e+00
1.000005483627319336e+00
1.000005960464477539e+00
1.000006437301635742e+00
1.000006794929504395e+00
1.000007271766662598e+00
1.000007629394531250e+00
1.000007987022399902e+00
1.000008225440979004e+00
1.000008463859558105e+00
1.000008702278137207e+00
1.000008940696716309e+00
1.000009059906005859e+00
1.000009179115295410e+00
1.000009298324584961e+00
1.000009298324584961e+00
1.000009298324584961e+00
1.000009298324584961e+00
1.000009298324584961e+00
1.000009179115295410e+00
1.000009059906005859e+00
1.000008821487426758e+00
1.000008702278137207e+00
1.000008463859558105e+00
1.000008225440979004e+00
1.000007867813110352e+00
1.000007510185241699e+00
1.000007152557373047e+00
1.000006794929504395e+00
1.000006437301635742e+00
1.000005960464477539e+00
1.000005483627319336e+00
1.000005125999450684e+00
1.000004649162292480e+00
1.000004053115844727e+00
1.000003576278686523e+00
1.000003099441528320e+00
1.000002622604370117e+00
1.000002026557922363e+00
1.000001549720764160e+00
1.000001072883605957e+00
1.000000834465026855e+00
1.000000834465026855e+00
1.000001072883605957e+00
1.000001549720764160e+00
1.000002026557922363e+00
1.000002503395080566e+00
1.000002980232238770e+00
1.000003457069396973e+00
1.000003933906555176e+00
1.000004410743713379e+00
1.000004768371582031e+00
1.000005245208740234e+00
1.000005602836608887e+00
1.000005960464477539e+00
1.000006318092346191e+00
1.000006675720214844e+00
1.000006914138793945e+00
1.000007152557373047e+00
1.000007390975952148e+00
1.000007629394531250e+00
1.000007748603820801e+00
1.000007987022399902e+00
1.000008106231689453e+00
1.000008106231689453e+00
1.000008225440979004e+00
1.000008225440979004e+00
1.000008225440979004e+00
1.000008106231689453e+00
1.000007987022399902e+00
1.000007867813110352e+00
1.000007748603820801e+00
1.000007629394531250e+00
1.000007390975952148e+00
1.000007152557373047e+00
1.000006914138793945e+00
1.000006675720214844e+00
1.000006318092346191e+00
1.000005960464477539e+00
1.000005602836608887e+00
1.000005245208740234e+00
1.000004887580871582e+00
1.000004410743713379e+00
1.000004053115844727e+00
1.000003576278686523e+00
1.000003218650817871e+00
1.000002741813659668e+00
1.000002264976501465e+00
1.000001788139343262e+00
1.000001430511474609e+00
1.000000953674316406e+00
1.000000715255737305e+00
1.000000715255737305e+00
1.000000953674316406e+00
1.000001311302185059e+00
1.000001668930053711e+00
1.000002145767211914e+00
1.000002622604370117e+00
1.000002980232238770e+00
1.000003457069396973e+00
1.000003814697265625e+00
1.000004172325134277e+00
1.000004529953002930e+00
1.000004887580871582e+00
1.000005245208740234e+00
1.000005483627319336e+00
1.000005841255187988e+00
1.000006079673767090e+00
1.000006318092346191e+00
1.000006556510925293e+00
1.000006675720214844e+00
1.000006794929504395e+00
1.000006914138793945e+00
1.000007033348083496e+00
1.000007152557373047e+00
1.000007152557373047e+00
1.000007152557373047e+00
1.000007152557373047e+00
1.000007152557373047e+00
1.000007033348083496e+00
1.000006914138793945e+00
1.000006794929504395e+00
1.000006675720214844e+00
1.000006437301635742e+00
1.000006318092346191e+00
1.000006079673767090e+00
1.000005841255187988e+00
1.000005602836608887e+00
1.000005245208740234e+00
1.000004887580871582e+00
1.000004649162292480e+00
1.000004291534423828e+00
1.000003933906555176e+00
1.000003576278686523e+00
1.000003218650817871e+00
1.000002741813659668e+00
1.000002384185791016e+00
1.000002026557922363e+00
1.000001549720764160e+00
1.000001192092895508e+00
1.000000834465026855e+00
1.000000596046447754e+00
1.000000596046447754e+00
1.000000834465026855e+00
1.000001072883605957e+00
1.000001430511474609e+00
1.000001430511474609e+00
