2.948930778075009584e-04
2.871619071811437607e-04
2.786574186757206917e-04
2.691522240638732910e-04
2.586527261883020401e-04
2.467466401867568493e-04
2.344017848372459412e-04
2.212263789260759950e-04
2.072683855658397079e-04
1.926305121742188931e-04
1.767336798366159201e-04
1.608612074051052332e-04
1.445013913325965405e-04
1.277366245631128550e-04
1.100009176298044622e-04
9.275725460611283779e-05
7.551627641078084707e-05
5.858362419530749321e-05
4.264102244633249938e-05
2.916661287599708885e-05
2.453305933158844709e-05
3.201886283932253718e-05
4.580079985316842794e-05
6.159868644317612052e-05
7.859366451157256961e-05
9.499484440311789513e-05
1.111654419219121337e-04
1.269691274501383305e-04
1.428666291758418083e-04
1.575923233758658171e-04
1.716805418254807591e-04
1.850730477599427104e-04
1.976950006792321801e-04
2.099574921885505319e-04
2.208910445915535092e-04
2.309116098331287503e-04
2.400277735432609916e-04
2.481685078237205744e-04
2.555600076448172331e-04
2.616446581669151783e-04
2.667091612238436937e-04
2.707139356061816216e-04
2.737410250119864941e-04
2.755582099780440331e-04
2.763350785244256258e-04
2.760374045465141535e-04
2.746696118265390396e-04
2.721406344790011644e-04
2.686473599169403315e-04
2.641571627464145422e-04
2.586668997537344694e-04
2.522039867471903563e-04
2.444955462124198675e-04
2.361832739552482963e-04
2.269993274239823222e-04
2.169844374293461442e-04
2.057797973975539207e-04
1.942494709510356188e-04
1.820315956138074398e-04
1.692176738288253546e-04
1.558236399432644248e-04
1.414008584106341004e-04
1.270737993763759732e-04
1.123903130064718425e-04
9.743496775627136230e-05
8.233071275753900409e-05
6.663840758847072721e-05
5.179326399229466915e-05
3.779130202019587159e-05
2.621351632114965469e-05
2.144245081581175327e-05
2.772977677523158491e-05
3.973831917392089963e-05
5.357130430638790131e-05
6.791511987103149295e-05
8.285739750135689974e-05
9.704308467917144299e-05
1.109091899706982076e-04
1.243515580426901579e-04
1.372950064251199365e-04
1.501494261901825666e-04
1.619063114048913121e-04
1.729895739117637277e-04
1.833732676459476352e-04
1.933632593136280775e-04
2.021689870161935687e-04
2.101805584970861673e-04
2.173396351281553507e-04
2.236199652543291450e-04
2.291990385856479406e-04
2.336631587240844965e-04
2.371986920479685068e-04
2.397974603809416294e-04
2.414523769402876496e-04
2.422006655251607299e-04
2.419654192635789514e-04
2.407915308140218258e-04
2.387003187322989106e-04
2.355614269617944956e-04
2.316499594599008560e-04
2.268612879561260343e-04
2.212193503510206938e-04
2.147485065506771207e-04
2.072190691251307726e-04
1.991894823731854558e-04
1.904305390780791640e-04
1.810021203709766269e-04
1.709368225419893861e-04
1.598426315467804670e-04
1.486256223870441318e-04
1.368976954836398363e-04
1.247443578904494643e-04
1.117198771680705249e-04
9.885767940431833267e-05
8.575568790547549725e-05
7.252029899973422289e-05
5.927211532252840698e-05
4.574724516714923084e-05
3.344734432175755501e-05
2.321003921679221094e-05
1.880492163763847202e-05
2.372139169892761856e-05
3.451221709838137031e-05
4.662052742787636817e-05
5.919472096138633788e-05
7.181379623943939805e-05
8.473941124975681305e-05
9.690427395980805159e-05
1.086989213945344090e-04
1.200573606183752418e-04
1.309329381911084056e-04
1.416605809936299920e-04
1.513922761660069227e-04
1.605106081115081906e-04
1.689745258772745728e-04
1.767397770890966058e-04
1.840650365920737386e-04
1.903605443658307195e-04
1.958863431354984641e-04
2.006297727348282933e-04
2.047317393589764833e-04
2.078525576507672668e-04
2.101524733006954193e-04
2.116251998813822865e-04
2.122929290635511279e-04
2.121181169059127569e-04
2.111106150550767779e-04
2.092994400300085545e-04
2.066840243060141802e-04
2.033062046393752098e-04
1.989836018765345216e-04
1.940578804351389408e-04
1.884050143416970968e-04
1.820796460378915071e-04
1.748020877130329609e-04
1.671412028372287750e-04
1.588913874002173543e-04
1.500835496699437499e-04
1.407403469784185290e-04
1.305527694057673216e-04
1.202832136186771095e-04
1.096407577279023826e-04
9.866113396128639579e-05
8.740308112464845181e-05
7.548624125774949789e-05
6.388722249539569020e-05
5.227282235864549875e-05
4.084152897121384740e-05
2.960486744996160269e-05
2.055241202469915152e-05
1.649229488975834101e-05
2.058113932434935123e-05
2.957815013360232115e-05
4.056292527820914984e-05
5.158363637747243047e-05
6.264652620302513242e-05
7.356556307058781385e-05
8.424888073932379484e-05
9.500226587988436222e-05
1.049692364176735282e-04
1.145149217336438596e-04
1.235920208273455501e-04
1.324761251453310251e-04
1.404830836690962315e-04
1.479179918533191085e-04
1.547411666251718998e-04
1.609527971595525742e-04
1.667148899286985397e-04
1.715765829430893064e-04
1.757519494276493788e-04
1.792467228369787335e-04
1.820287870941683650e-04
1.841565390350297093e-04
1.854666770668700337e-04
1.860701740952208638e-04
1.859556214185431600e-04
1.850723056122660637e-04
1.835037255659699440e-04
1.812287518987432122e-04
1.782860344974324107e-04
1.746678026393055916e-04
1.702148874755948782e-04
1.652765058679506183e-04
1.597470836713910103e-04
1.536304916953667998e-04
1.469510025344789028e-04
1.394647115375846624e-04
1.317571150138974190e-04
1.235794043168425560e-04
1.149983436334878206e-04
1.056673936545848846e-04
9.634792513679713011e-05
8.673076081322506070e-05
7.686836761422455311e-05
6.681760714855045080e-05
5.626214988296851516e-05
4.607948721968568861e-05
3.605239180615171790e-05
2.652766670507844537e-05
1.843778227339498699e-05
1.446688293071929365e-05
1.787449218682013452e-05
2.569995376688893884e-05
3.494407064863480628e-05
4.496658220887184143e-05
5.466453512781299651e-05
6.423998274840414524e-05
7.361149619100615382e-05
8.270212128991261125e-05
9.179148764815181494e-05
1.001696800813078880e-04
1.081370573956519365e-04
1.156576327048242092e-04
1.227066095452755690e-04
1.294989924645051360e-04
1.354941632598638535e-04
1.409531250828877091e-04
1.458433398511260748e-04
1.502969098510220647e-04
1.539722288725897670e-04
1.570518070366233587e-04
1.595068752067163587e-04
1.613316417206078768e-04
1.625542208785191178e-04
1.630993356229737401e-04
1.630155020393431187e-04
1.622977870283648372e-04
1.609634200576692820e-04
1.589209859957918525e-04
1.563572441227734089e-04
1.532010210212320089e-04
1.494681491749361157e-04
1.449989649700000882e-04
1.401653862558305264e-04
1.348171645076945424e-04
1.289748906856402755e-04
1.226752501679584384e-04
1.156795769929885864e-04
1.085218536900356412e-04
1.010089181363582611e-04
9.314571070717647672e-05
8.499635441694408655e-05
7.625298167113214731e-05
6.761298573110252619e-05
5.880682510905899107e-05
4.989935769117437303e-05
4.062759035150520504e-05
3.183130684192292392e-05
2.346475775993894786e-05
1.631816667213570327e-05
1.271520250156754628e-05
1.552049434394575655e-05
2.232263796031475067e-05
3.040778028662316501e-05
3.886152626364491880e-05
4.736263872473500669e-05
5.608655555988661945e-05
6.430636858567595482e-05
7.228163303807377815e-05
7.996700151124969125e-05
8.761048229644075036e-05
9.460365981794893742e-05
1.012066568364389241e-04
1.073961975635029376e-04
1.131504104705527425e-04
1.186300796689465642e-04
1.234275405295193195e-04
1.277274132007732987e-04
1.315104018431156874e-04
1.347653742413967848e-04
1.375941938022151589e-04
1.397605810780078173e-04
1.413745776517316699e-04
1.424318470526486635e-04
1.429534167982637882e-04
1.428944669896736741e-04
1.422796340193599463e-04
1.411243283655494452e-04
1.394239952787756920e-04
1.371147955069318414e-04
1.343616459053009748e-04
1.311026426265016198e-04
1.273521629627794027e-04
1.231440255651250482e-04
1.182967753265984356e-04
1.131868048105388880e-04
1.076747503248043358e-04
1.017867980408482254e-04
9.528797818347811699e-05
8.871023601386696100e-05
8.182517194654792547e-05
7.468827243428677320e-05
6.731723988195881248e-05
5.946060264250263572e-05
5.174491889192722738e-05
4.393799827084876597e-05
3.611050487961620092e-05
2.838749605871271342e-05
2.074442090815864503e-05
1.443510973331285641e-05
1.116054954763967544e-05
1.330721624981379136e-05
1.939687717822380364e-05
2.646872599143534899e-05
3.387470496818423271e-05
4.132620233576744795e-05
4.869743497692979872e-05
5.618638897431083024e-05
6.318304804153740406e-05
6.992638373048976064e-05
7.639259274583309889e-05
8.254271233454346657e-05
8.857014472596347332e-05
9.400495764566585422e-05
9.905924525810405612e-05
1.037035472108982503e-04
1.080898073269054294e-04
1.118704894906841218e-04
1.151983888121321797e-04
1.180634135380387306e-04
1.204727595904842019e-04
1.224673760589212179e-04
1.238947734236717224e-04
1.248342596227303147e-04
1.252961810678243637e-04
1.252759102499112487e-04
1.247389445779845119e-04
1.237387623405084014e-04
1.222606369992718101e-04
1.203320716740563512e-04
1.178471720777451992e-04
1.150018870248459280e-04
1.117254432756453753e-04
1.080470683518797159e-04
1.039731796481646597e-04
9.933927503880113363e-05
9.451633377466350794e-05
8.936383528634905815e-05
8.389214781345799565e-05
7.814320997567847371e-05
7.188825838966295123e-05
6.563770875800400972e-05
5.918114038649946451e-05
5.255579526419751346e-05
4.553794497041963041e-05
3.869543797918595374e-05
3.183382068527862430e-05
2.505886550352443010e-05
1.858082032413221896e-05
1.277372030017431825e-05
9.799117833608761430e-06
1.156151665782090276e-05
1.662473187025170773e-05
2.278560896229464561e-05
2.952003887912724167e-05
3.605122401495464146e-05
4.251597783877514303e-05
4.884341251454316080e-05
5.522188803297467530e-05
6.113859853940084577e-05
6.681379454676061869e-05
7.221176201710477471e-05
7.731383811915293336e-05
8.227575744967907667e-05
8.671524119563400745e-05
9.079572919290512800e-05
9.451474761590361595e-05
9.785397560335695744e-05
1.009020706987939775e-04
1.034238448482938111e-04
1.055466345860622823e-04
1.072494123945944011e-04
1.085687472368590534e-04
1.094034014386124909e-04
1.098192951758392155e-04
1.098126595024950802e-04
1.093783503165468574e-04
1.084875984815880656e-04
1.072027516784146428e-04
1.055226312018930912e-04
1.034430315485224128e-04
1.009737679851241410e-04
9.800890984479337931e-05
9.479365689912810922e-05
9.123163181357085705e-05
8.733495633350685239e-05
8.295869338326156139e-05
7.844983338145539165e-05
7.366067438852041960e-05
6.862740701762959361e-05
6.335798389045521617e-05
5.767657785327173769e-05
5.202105967327952385e-05
4.621689731720834970e-05
4.029770934721454978e-05
3.430192737141624093e-05
2.805610529321711510e-05
2.211300670751370490e-05
1.642398456169757992e-05
1.146233262261375785e-05
8.604736649431288242e-06
1.005007288767956197e-05
1.444455392629606649e-05
1.983135007321834564e-05
2.550958561187144369e-05
3.145548544125631452e-05
3.712468605954200029e-05
4.267380427336320281e-05
4.806543802260421216e-05
5.326529208105057478e-05
5.844182669534347951e-05
6.317960651358589530e-05
6.765900616301223636e-05
7.185974391177296638e-05
7.591523899463936687e-05
7.950031431391835213e-05
8.276852167909964919e-05
8.570442150812596083e-05
8.829319995129480958e-05
9.060531010618433356e-05
9.247553680324926972e-05
9.397773828823119402e-05
9.510825475445017219e-05
9.586408123141154647e-05
9.625982056604698300e-05
9.626373503124341369e-05
9.589274850441142917e-05
9.515746205579489470e-05
9.400500130141153932e-05
9.254136239178478718e-05
9.072750981431454420e-05
8.857184002408757806e-05
8.608399366494268179e-05
8.317139872815459967e-05
8.005692507140338421e-05
7.664874283364042640e-05
7.296628609765321016e-05
6.903046596562489867e-05
6.468228093581274152e-05
6.027557901688851416e-05
5.566188337979838252e-05
5.087375757284462452e-05
4.573226760840043426e-05
4.064747918164357543e-05
3.546125299180857837e-05
3.020616532012354583e-05
2.493358806532341987e-05
1.951763806573580950e-05
1.452135256840847433e-05
1.014431472867727280e-05
7.588216249132528901e-06
8.624530892120674253e-06
1.254541439266176894e-05
1.725545916997361928e-05
2.222786861239001155e-05
2.724851583479903638e-05
3.241146623622626066e-05
3.727793955476954579e-05
4.200787225272506475e-05
4.657089084503240883e-05
5.094933294458314776e-05
5.527178655029274523e-05
5.920451803831383586e-05
6.289292650762945414e-05
6.632834265474230051e-05
6.948893860680982471e-05
7.247687608469277620e-05
7.505816029151901603e-05
7.733536767773330212e-05
7.930074207251891494e-05
8.101806452032178640e-05
8.234326378442347050e-05
8.334274752996861935e-05
8.401383820455521345e-05
8.436247298959642649e-05
8.438147779088467360e-05
8.406477718381211162e-05
8.342861838173121214e-05
8.247025834862142801e-05
8.120682468870654702e-05
7.957007619552314281e-05
7.768822979414835572e-05
7.551498856628313661e-05
7.306860788958147168e-05
7.024608203209936619e-05
6.726519495714455843e-05
6.404323357855901122e-05
6.059913357603363693e-05
5.693831553799100220e-05
5.293529466143809259e-05
4.889575939159840345e-05
4.470237763598561287e-05
4.036784957861527801e-05
3.591723725548945367e-05
3.120034307357855141e-05
2.659452002262696624e-05
2.197267167503014207e-05
1.739509571052622050e-05
1.283438723476137966e-05
8.974468983069527894e-06
6.671033588645514101e-06
7.500065294152591377e-06
1.075162981578614563e-05
1.501699352957075462e-05
1.937152774189598858e-05
2.377303098910488188e-05
2.813410719681996852e-05
3.240539081161841750e-05
3.671742160804569721e-05
4.072156662004999816e-05
4.456377064343541861e-05
4.822053233510814607e-05
5.181028609513305128e-05
5.504883665707893670e-05
5.806627086712978780e-05
6.084306733100675046e-05
6.337624654406681657e-05
6.573821883648633957e-05
6.774131179554387927e-05
6.947122892597690225e-05
7.093333260854706168e-05
7.211326737888157368e-05
7.303651364054530859e-05
7.363226177403703332e-05
7.394524436676874757e-05
7.397429726552218199e-05
7.369956438196823001e-05
7.314918912015855312e-05
7.231641939142718911e-05
7.121593807823956013e-05
6.984643550822511315e-05
6.814568041590973735e-05
6.624727393500506878e-05
6.410900095943361521e-05
6.173700239742174745e-05
5.913835047977045178e-05
5.621497257379814982e-05
5.320116179063916206e-05
4.999704469810239971e-05
4.662528590415604413e-05
4.295558392186649144e-05
3.928307341993786395e-05
3.548635868355631828e-05
3.158741310471668839e-05
2.760891948128119111e-05
2.341788604098837823e-05
1.936642547661904246e-05
1.535203773528337479e-05
1.148894716607173905e-05
8.058040293690282851e-06
5.867819709237664938e-06
6.520800525322556496e-06
9.336872608400881290e-06
1.292056822421727702e-05
1.687907206360250711e-05
2.073689756798557937e-05
2.456079164403490722e-05
2.830706580425612628e-05
3.195132376276887953e-05
3.560317054507322609e-05
3.897479837178252637e-05
4.218426329316571355e-05
4.522276140050962567e-05
4.807340519619174302e-05
5.082973802927881479e-05
5.326933387550525367e-05
5.549536581384018064e-05
5.749952106270939112e-05
5.933395368629135191e-05
6.085661516408436000e-05
6.214446329977363348e-05
6.318523082882165909e-05
6.397591641871258616e-05
6.453009700635448098e-05
6.481092714238911867e-05
6.484297045972198248e-05
6.462289456976577640e-05
6.415585085051134229e-05
6.340936670312657952e-05
6.245086842682212591e-05
6.125654908828437328e-05
5.983125447528436780e-05
5.811362643726170063e-05
5.624468758469447494e-05
5.417082866188138723e-05
5.189804505789652467e-05
4.943823296343907714e-05
4.670304406317882240e-05
4.389868263388052583e-05
4.094674295629374683e-05
3.785535227507352829e-05
3.464330075075849891e-05
3.119186294497922063e-05
2.777624285954516381e-05
2.429048618068918586e-05
2.075455267913639545e-05
1.706596231088042259e-05
1.354557844024384394e-05
1.015353427646914497e-05
7.130250651243841276e-06
5.195705853111576289e-06
5.671989583788672462e-06
8.110788257909007370e-06
1.124178834288613871e-05
1.457990765629801899e-05
1.796095602912828326e-05
2.144360223610419780e-05
2.472956293786410242e-05
2.792601117107551545e-05
3.101443144259974360e-05
3.408925113035365939e-05
3.690612356876954436e-05
3.957374428864568472e-05
4.207666643196716905e-05
4.441144119482487440e-05
4.664092921302653849e-05
4.859703039983287454e-05
5.035901995142921805e-05
5.191681702854111791e-05
5.331278225639835000e-05
5.444711132440716028e-05
5.536507887882180512e-05
5.606389095191843808e-05
5.654170308844186366e-05
5.680747563019394875e-05
5.684132702299393713e-05
5.665428398060612381e-05
5.625037738354876637e-05
5.563001832342706621e-05
5.476707156049087644e-05
5.372553641791455448e-05
5.248140223557129502e-05
5.104034062242135406e-05
4.934754178975708783e-05
4.753435496240854263e-05
4.554658517008647323e-05
4.339443330536596477e-05
4.109254950890317559e-05
3.854653186863288283e-05
3.596214446588419378e-05
3.325551006128080189e-05
3.044248660444281995e-05
2.753276203293353319e-05
2.442713775963056833e-05
2.137308911187574267e-05
1.827469532145187259e-05
1.516005158919142559e-05
1.195359163830289617e-05
8.975061064120382071e-06
6.310703611234202981e-06
4.575631919578881934e-06
4.877405899605946615e-06
7.043158802844118327e-06
9.778890671441331506e-06
1.270232223760103807e-05
1.566562968946527690e-05
1.860713200585450977e-05
2.160154872399289161e-05
2.440548087179195136e-05
2.711533488763961941e-05
2.971595677081495523e-05
3.228586501791141927e-05
3.462787208263762295e-05
3.682548049255274236e-05
3.887614730047062039e-05
4.076551340403966606e-05
4.255376188666559756e-05
4.410283872857689857e-05
4.547305434243753552e-05
4.665978849516250193e-05
4.766584606841206551e-05
4.851043559028767049e-05
4.912801523460075259e-05
4.955191252520307899e-05
4.978482684236951172e-05
4.982477184967137873e-05
4.966597043676301837e-05
4.931674629915505648e-05
4.877790343016386032e-05
4.805770004168152809e-05
4.711813380708917975e-05
4.603216802934184670e-05
4.477344918996095657e-05
4.335173434810712934e-05
4.177252412773668766e-05
3.997019666712731123e-05
3.808724432019516826e-05
3.607301187003031373e-05
3.392958387848921120e-05
3.158210529363714159e-05
2.921236227848567069e-05
2.674881579878274351e-05
2.420018790871836245e-05
2.158129245799500495e-05
1.880381933005992323e-05
1.608885395398829132e-05
1.335826618742430583e-05
1.064936986949760467e-05
8.028328920772764832e-06
5.584460268437396735e-06
4.030167929158778861e-06
4.244511728757061064e-06
6.032478268025442958e-06
8.507806342095136642e-06
1.106779836845817044e-05
1.366502965538529679e-05
1.624423202883917838e-05
1.877482281997799873e-05
2.133047928509768099e-05
2.370804031670559198e-05
2.599013350845780224e-05
2.816412415995728225e-05
3.022504279215354472e-05
3.223132807761430740e-05
3.403244772925972939e-05
3.569232285371981561e-05
3.720824315678328276e-05
3.862557423417456448e-05
3.983077112934552133e-05
4.087523848284035921e-05
4.176128277322277427e-05
4.248178811394609511e-05
4.305189577280543745e-05
4.342790271039120853e-05
4.363641346571967006e-05
4.367782821645960212e-05
4.354975317255593836e-05
4.323946268414147198e-05
4.277145490050315857e-05
4.214428554405458272e-05
4.135836570640094578e-05
4.037710095872171223e-05
3.927766738343052566e-05
3.803508298005908728e-05
3.665442272904329002e-05
3.513903720886446536e-05
3.343072967254556715e-05
3.166821625200100243e-05
2.979224518639966846e-05
2.781500916171353310e-05
2.574380778241902590e-05
2.350483737245667726e-05
2.127249354089144617e-05
1.897827860375400633e-05
1.663560760789550841e-05
1.416585746483178809e-05
1.177239664684748277e-05
9.396343557455111295e-06
7.095743058016523719e-06
5.014473572373390198e-06
3.551695954229217023e-06
3.694035967782838270e-06
5.237618097453378141e-06
7.315617040148936212e-06
9.554214557283557951e-06
1.191802493849536404e-05
1.417953899363055825e-05
1.639917718421202153e-05
1.855956543295178562e-05
2.072714050882495940e-05
2.272971323691308498e-05
2.463774762873072177e-05
2.644708729349076748e-05
2.814538129314314574e-05
2.979055898322258145e-05
3.124881550320424139e-05
3.258087235735729337e-05
3.378336987225338817e-05
3.484875924186781049e-05
3.580619886633940041e-05
3.658653076854534447e-05
3.722192559507675469e-05
3.770986950257793069e-05
3.805916276178322732e-05
3.824574014288373291e-05
3.828593980870209634e-05
3.817758988589048386e-05
3.792223287746310234e-05
3.750308314920403063e-05
3.695695340866222978e-05
3.627168553066439927e-05
3.544952051015570760e-05
3.449428186286240816e-05
3.336893132654950023e-05
3.216187906218692660e-05
3.083658521063625813e-05
2.939922887890134007e-05
2.779975329758599401e-05
2.615788616822101176e-05
2.442688855808228254e-05
2.261351619381457567e-05
2.072664574370719492e-05
1.869745028670877218e-05
1.668768345552962273e-05
1.463520311517640948e-05
1.255177721759537235e-05
1.045403314492432401e-05
8.289160177810117602e-06
6.269914592849090695e-06
4.437500138010364026e-06
3.158206027364940383e-06
3.215795686628553085e-06
4.548332526610465720e-06
6.363113243423867971e-06
8.323412657773587853e-06
1.031840020004892722e-05
1.237823835253948346e-05
1.432513727195328102e-05
1.622032323211897165e-05
1.805310603231191635e-05
1.981326749955769628e-05
2.155400397896301001e-05
2.314246194146107882e-05
2.463356031512375921e-05
2.602704807941336185e-05
2.735962880251463503e-05
2.853010664694011211e-05
2.958725235657766461e-05
3.052429383387789130e-05
3.133811333100311458e-05
3.205412576789967716e-05
3.261443998781032860e-05
3.304553683847188950e-05
3.334630309836938977e-05
3.351804116391576827e-05
3.356078377692028880e-05
3.346921948832459748e-05
3.324869612697511911e-05
3.290067252237349749e-05
3.240921432734467089e-05
3.181171996402554214e-05
3.109414319624193013e-05
3.025983642146456987e-05
2.931475864897947758e-05
2.822104215738363564e-05
2.706200211832765490e-05
2.580446744104847312e-05
2.445846257614903152e-05
2.302474422322120517e-05
2.145250982721336186e-05
1.986487222893629223e-05
1.821244950406253338e-05
1.650176091061439365e-05
1.467473430238896981e-05
1.287628856516676024e-05
1.105071805795887485e-05
9.211999895342160016e-06
7.383252068393630907e-06
5.540906386158894747e-06
3.927492798538878560e-06
2.785748620226513594e-06
2.772862671918119304e-06
3.893290795531356707e-06
5.533378498512320220e-06
7.249825557664735243e-06
8.998338671517558396e-06
1.073795647243969142e-05
1.251215599040733650e-05
1.417468956788070500e-05
1.578271803737152368e-05
1.732727287162560970e-05
1.879976116470061243e-05
2.024959212576504797e-05
2.155876973120030016e-05
2.278265492350328714e-05
2.391186535533051938e-05
2.494403815944679081e-05
2.591120028228033334e-05
2.673534982022829354e-05
2.745156052696984261e-05
2.806085649353917688e-05
2.857619801943656057e-05
2.895705074479337782e-05
2.922368548752274364e-05
2.937714634754229337e-05
2.941842285508755594e-05
2.934041913249529898e-05
2.915007280535064638e-05
2.884793684643227607e-05
2.843793299689423293e-05
2.792110171867534518e-05
2.727282662817742676e-05
2.654415584402158856e-05
2.571820004959590733e-05
2.479923568898811936e-05
2.374840914853848517e-05
2.264821341668721288e-05
2.147045597666874528e-05
2.021567524934653193e-05
1.889144368760753423e-05
1.744927794788964093e-05
1.600218456587754190e-05
1.450382751500001177e-05
1.296370191994355991e-05
1.138866264227544889e-05
9.728084478410892189e-06
8.116428944049403071e-06
6.512871550512500107e-06
4.953747975378064439e-06
3.475728817647905089e-06
2.457557911839103326e-06
2.415899189145420678e-06
3.380776888661785051e-06
4.756456291943322867e-06
6.315485734376125038e-06
7.847732376831118017e-06
9.373082320962566882e-06
1.087238706531934440e-05
1.233254261023830622e-05
1.379855621053138748e-05
1.515391249995445833e-05
1.644624717300757766e-05
1.767334833857603371e-05
1.886851714516524225e-05
1.994343438127543777e-05
2.093545299430843443e-05
2.184239929192699492e-05
2.266289629915263504e-05
2.341747676837258041e-05
2.404777114861644804e-05
2.458431117702275515e-05
2.502378811186645180e-05
2.536406100261956453e-05
2.561150176916271448e-05
2.574857535364571959e-05
2.578738167358096689e-05
2.572604535089340061e-05
2.555743230914231390e-05
2.529516132199205458e-05
2.493820829840842634e-05
2.448763007123488933e-05
2.394455805188044906e-05
2.328546179342083633e-05
2.256361767649650574e-05
2.176024099753703922e-05
2.087678512907586992e-05
1.991701356018893421e-05
1.884818266262300313e-05
1.775001328496728092e-05
1.659072040638420731e-05
1.537591560918372124e-05
1.406082174071343616e-05
1.274844453291734681e-05
1.139949381467886269e-05
1.001948203338542953e-05
8.618541869509499520e-06
7.151710633479524404e-06
5.745606358686927706e-06
4.377270670374855399e-06
3.120337396467220969e-06
2.191839485021773726e-06
2.105067551383399405e-06
2.934894837380852550e-06
4.135597464482998475e-06
5.449462150863837451e-06
6.843442861281801015e-06
8.180809345503803343e-06
9.495876838627737015e-06
1.077677461580606177e-05
1.201630220748484135e-05
1.325234006799291819e-05
1.438655635865870863e-05
1.546384191897232085e-05
1.647553472139406949e-05
1.742227323120459914e-05
1.832875386753585190e-05
1.912565858219750226e-05
1.984694790735375136e-05
2.048759415629319847e-05
2.106527608702890575e-05
2.153773675672709942e-05
2.192522515542805195e-05
2.222577859356533736e-05
2.243863855255767703e-05
2.256746120110619813e-05
2.260378096252679825e-05
2.255230538139585406e-05
2.241387664980720729e-05
2.218954978161491454e-05
2.186845995311159641e-05
2.147565828636288643e-05
2.100172423524782062e-05
2.044891516561619937e-05
1.979526314244139940e-05
1.909294587676413357e-05
1.832034831750206649e-05
1.748077374941203743e-05
1.658127439441159368e-05
1.558436997584067285e-05
1.456948029954219237e-05
1.350592538074124604e-05
1.239766152139054611e-05
1.124975005950545892e-05
1.002329008770175278e-05
8.814269676804542542e-06
7.586550054838880897e-06
6.348505849018692970e-06
5.067949587100883946e-06
3.867094619636191055e-06
2.761304358500638045e-06
1.935162572408444248e-06
1.820378315642301459e-06
2.548119709899765439e-06
3.596011310946778394e-06
4.746448666992364451e-06
5.923021490161772817e-06
7.095788532751612365e-06
8.294066901726182550e-06
9.417713954462669790e-06
1.050522678269771859e-05
1.155053814727580175e-05
1.258529482583981007e-05
1.353104926238302141e-05
1.441939093638211489e-05
1.525077914266148582e-05
1.601887379365507513e-05
1.674732448009308428e-05
1.738139144435990602e-05
1.794482159311883152e-05
1.843577047111466527e-05
1.885455458250362426e-05
1.921084185596555471e-05
1.947629243659321219e-05
1.966489435289986432e-05
1.977701322175562382e-05
1.981371133297216147e-05
1.977059582713991404e-05
1.965123010450042784e-05
1.945657277246937156e-05
1.918879206641577184e-05
1.883464574348181486e-05
1.842105484683997929e-05
1.793827686924487352e-05
1.738938226480968297e-05
1.677784712228458375e-05
1.607742888154461980e-05
1.534300281491596252e-05
1.455587698728777468e-05
1.371668167848838493e-05
1.279493972106138244e-05
1.186380541184917092e-05
1.089326997316675261e-05
9.887987289403099567e-06
8.854005500325001776e-06
7.754429134365636855e-06
6.678511454083491117e-06
5.593366950051859021e-06
4.511755378189263865e-06
3.456068952800706029e-06
2.443794073769822717e-06
1.709172806840797421e-06
1.587764131727453787e-06
2.180669298468274064e-06
3.126246383544639684e-06
4.133479706069920212e-06
5.164645699551329017e-06
6.192921318870503455e-06
7.205297151813283563e-06
8.229462764575146139e-06
9.183601832774002105e-06
1.010085543384775519e-05
1.097633867175318301e-05
1.180826620839070529e-05
1.261931538465432823e-05
1.334940225206082687e-05
1.402416000928496942e-05
1.464156594011001289e-05
1.522160710010211915e-05
1.571712164150085300e-05
1.614914799574762583e-05
1.651788625167682767e-05
1.682164293015375733e-05
1.706643524812534451e-05
1.723352579574566334e-05
1.733352473820559680e-05
1.736757258186116815e-05
1.733413046167697757e-05
1.722860179143026471e-05
1.705971226328983903e-05
1.682663241808768362e-05
1.653057370276656002e-05
1.615700784896034747e-05
1.573539884702768177e-05
1.525571951788151637e-05
1.472113126510521397e-05
1.413231348124099895e-05
1.346617773378966376e-05
1.277739465876948088e-05
1.204295949719380587e-05
1.126663119066506624e-05
1.045289354806300253e-05
9.570933798386249691e-06
8.690563845448195934e-06
7.784830813761800528e-06
6.857592779851984233e-06
5.878634965483797714e-06
4.927516783936880529e-06
3.979121174779720604e-06
3.052782403756282292e-06
2.193036834796657786e-06
1.509762455498275813e-06
1.385353129990107846e-06
1.893344915515626781e-06
2.685424533410696313e-06
3.565234464986133389e-06
4.503597665461711586e-06
5.405187948781531304e-06
6.292990747169824317e-06
7.158670541684841737e-06
8.028544471017085016e-06
8.833427273202687502e-06
9.601873898645862937e-06
1.033212629408808425e-05
1.101877842302201316e-05
1.168540347862290218e-05
1.227816028404049575e-05
1.282063749385997653e-05
1.331267230852972716e-05
1.375056126562412828e-05
1.414647067576879635e-05
1.447113663743948564e-05
1.473891643399838358e-05
1.494821117375977337e-05
1.510310175945051014e-05
1.519226407253881916e-05
1.522366164863342419e-05
1.519589204690419137e-05
1.510943275206955150e-05
1.495844753662822768e-05
1.475558292440837249e-05
1.449752562621142715e-05
1.418465308233862743e-05
1.381848687742603943e-05
1.338417223450960591e-05
1.291685384785523638e-05
1.240194160345708951e-05
1.184166922030271962e-05
1.121651803259737790e-05
1.057376903190743178e-05
9.894154572975821793e-06
9.181745554087683558e-06
8.438500117335934192e-06
7.638424904143903404e-06
6.845034931757254526e-06
6.032697910995921120e-06
5.206708465266274288e-06
4.373164756543701515e-06
3.509566795401042327e-06
2.696875526453368366e-06
1.940639094755169936e-06
1.350060415461484808e-06
1.208985622724867426e-06
1.643482619329006411e-06
2.334234977752203122e-06
3.104305278611718677e-06
3.896205271303188056e-06
4.717229785455856472e-06
5.495784535014536232e-06
6.255180778680369258e-06
6.990627298364415765e-06
7.698014997004065663e-06
8.399141734116710722e-06
9.040141776495147496e-06
9.643061275710351765e-06
1.020756553771207109e-05
1.074917508958606049e-05
1.122581306844949722e-05
1.165833145932992920e-05
1.204342152050230652e-05
1.237984724866691977e-05
1.267765310331014916e-05
1.291371154366061091e-05
1.309851813857676461e-05
1.323161995969712734e-05
1.331302973994752392e-05
1.334406260866671801e-05
1.332107694906881079e-05
1.324662025581346825e-05
1.312149015575414523e-05
1.293910554522881284e-05
1.271418204851215705e-05
1.244117720489157364e-05
1.212142433359986171e-05
1.175674242404056713e-05
1.133338264480698854e-05
1.088310546037973836e-05
1.039301787386648357e-05
9.866926120594143867e-06
9.305737876275088638e-06
8.688533853273838758e-06
8.064839676080737263e-06
7.413973889924818650e-06
6.739722266502212733e-06
6.018342901370488107e-06
5.306673301674891263e-06
4.582827841659309343e-06
3.852244390145642683e-06
3.123058149867574684e-06
2.382067577855195850e-06
1.717068244033725932e-06
1.193297293866635300e-06
1.049664660968119279e-06
1.406641445100831334e-06
2.029042207141174003e-06
2.703160362216294743e-06
3.397111413505626842e-06
4.090521997568430379e-06
4.799744147021556273e-06
5.465904905577190220e-06
6.111147740739397705e-06
6.731866506015649065e-06
7.325069418584462255e-06
7.909922715043649077e-06
8.439315934083424509e-06
8.935026926337741315e-06
9.393922482558991760e-06
9.814157237997278571e-06
1.020979016175260767e-05
1.054844324244186282e-05
1.084446739696431905e-05
1.109777076635509729e-05
1.131475164584117010e-05
1.147792499978095293e-05
1.159578823717311025e-05
1.166830588772427291e-05
1.169656934507656842e-05
1.167778736999025568e-05
1.161368709290400147e-05
1.150517709902487695e-05
1.135314323619240895e-05
1.115874874813016504e-05
1.091221020033117384e-05
1.063299077941337600e-05
1.031431202136445791e-05
9.958658665709663182e-06
9.550482900522183627e-06
9.121791663346812129e-06
8.661439096613321453e-06
8.170318324118852615e-06
7.650492989341728389e-06
7.083990567480213940e-06
6.514022970804944634e-06
5.923559911025222391e-06
5.315399448591051623e-06
4.668190285883611068e-06
4.033857294416520745e-06
3.393568476894870400e-06
2.754300794549635611e-06
2.127628476955578662e-06
1.519456986898148898e-06
1.054958261192950886e-06
9.170993280349648558e-07
1.221139882545685396e-06
1.741762275742075872e-06
2.353623131057247519e-06
2.961641939691617154e-06
3.569616410459275357e-06
4.168752639088779688e-06
4.775941306434106082e-06
5.342042186384787783e-06
5.886709004698786885e-06
6.407379260053858161e-06
6.902272616571281105e-06
7.385580829577520490e-06
7.820878636266570538e-06
8.223995791922789067e-06
8.593216989538632333e-06
8.928797797125298530e-06
9.238798156729899347e-06
9.499270163360051811e-06
9.722276445245370269e-06
9.907206731440965086e-06
1.005760259431554005e-05
1.016196165437577292e-05
1.022654214466456324e-05
1.025236360874259844e-05
1.023831737256841734e-05
1.018181592371547595e-05
1.008773233479587361e-05
9.955439963960088789e-06
9.786026566871441901e-06
9.579583093000110239e-06
9.327099178335629404e-06
9.048623724083881825e-06
8.737740245123859495e-06
8.394629730901215225e-06
8.005827112356200814e-06
7.603003268741304055e-06
7.173205176513874903e-06
6.718149052176158875e-06
6.240997663553571329e-06
5.723077720176661387e-06
5.205994511925382540e-06
4.673277999245328829e-06
4.127509328100131825e-06
3.571832849047495984e-06
2.989311269629979506e-06
2.428813104415894486e-06
1.878913053587893955e-06
1.362843363494903315e-06
9.326813596999272704e-07
8.014627610464231111e-07
1.060166141542140394e-06
1.513802772024064325e-06
2.029055622188025154e-06
2.582076149337808602e-06
3.115143044851720333e-06
3.640549493866274133e-06
4.153749614488333464e-06
4.651075414585648105e-06
5.147786851011915132e-06
5.604790658253477886e-06
6.039189884177176282e-06
6.448349722631974146e-06
6.845799362054094672e-06
7.199914307420840487e-06
7.524312422901857644e-06
7.819287930033169687e-06
8.082422027655411512e-06
8.321081622852943838e-06
8.517409696651156992e-06
8.680408427608199418e-06
8.808930033410433680e-06
8.902666195353958756e-06
8.963070285972207785e-06
8.986621651274617761e-06
8.975222954177297652e-06
8.929070645535830408e-06
8.845060619933065027e-06
8.729951332497876137e-06
8.582314876548480242e-06
8.402196726819965988e-06
8.190490916604176164e-06
7.938388989714439958e-06
7.666641977266408503e-06
7.366611953329993412e-06
7.039620868454221636e-06
6.688037501589860767e-06
6.297909749264363199e-06
5.899554707866627723e-06
5.481830612552585080e-06
5.045374564360827208e-06
4.575469574774615467e-06
4.108838766114786267e-06
3.630709898061468266e-06
3.143838057440007105e-06
2.652291414051433094e-06
2.141861841664649546e-06
1.659394911257550120e-06
1.205834564643737394e-06
8.357233696187904570e-07
6.981698561503435485e-07
9.203571949001343455e-07
1.315449026151327416e-06
1.766382865753257647e-06
2.232862016171566211e-06
2.718324822126305662e-06
3.179072109560365789e-06
3.629258571891114116e-06
4.065580469614360482e-06
4.485601948545081541e-06
4.902553428109968081e-06
5.283852260618004948e-06
5.643107215291820467e-06
5.979645720799453557e-06
6.291694717219797894e-06
6.588198630197439343e-06
6.847480108262971044e-06
7.078871021803934127e-06
7.281641501322155818e-06
7.461696895916247740e-06
7.605361133755650371e-06
7.718812412349507213e-06
7.801781066518742591e-06
7.854099749238230288e-06
7.876987183408346027e-06
7.867797648941632360e-06
7.828128218534402549e-06
7.758588253636844456e-06
7.659530638193245977e-06
7.526506578869884834e-06
7.369361355813452974e-06
7.184508376667508855e-06
6.972844857955351472e-06
6.726685114699648693e-06
6.464329999289475381e-06
6.178312560223275796e-06
5.870671884622424841e-06
5.542294275073800236e-06
5.180545031180372462e-06
4.814849489775951952e-06
4.432648893271107227e-06
4.036657173855928704e-06
3.628335434768814594e-06
3.193534666934283450e-06
2.766950274235568941e-06
2.336141506020794623e-06
1.905105591504252516e-06
1.465387981625099201e-06
1.066718368747388013e-06
7.391766985165304504e-07
6.108016918915382121e-07
7.879458507886738516e-07
1.143172880802012514e-06
1.537743855806184001e-06
1.946460542967543006e-06
2.356423692617681809e-06
2.760733195827924646e-06
3.171068328811088577e-06
3.553868737071752548e-06
3.922422820323845372e-06
4.275178980606142431e-06
4.623074346454814076e-06
4.938509846397209913e-06
5.234026957623427734e-06
5.508137292054016143e-06
5.759470695920754224e-06
5.996545951347798109e-06
6.200020379765192047e-06
6.378424131980864331e-06
6.531537565024336800e-06
6.659168775513535365e-06
6.763693818356841803e-06
6.837123237346531823e-06
6.883666628709761426e-06
6.904208021296653897e-06
6.897108960401965305e-06
6.863021553726866841e-06
6.802762982260901481e-06
6.716591087752021849e-06
6.605455382668878883e-06
6.463578756665810943e-06
6.302174369920976460e-06
6.117224074841942638e-06
5.910454092372674495e-06
5.681863513018470258e-06
5.422473805083427578e-06
5.153284746484132484e-06
4.865916253038449213e-06
4.561247351375641301e-06
4.229100795782869682e-06
3.894411747751291841e-06
3.547637561496230774e-06
3.189974904671544209e-06
2.823323484335560352e-06
2.435304622849798761e-06
2.057728579529793933e-06
1.679807496657304000e-06
1.308122136833844706e-06
9.564655556459911168e-07
6.539369223901303485e-07
5.355936423256935086e-07
6.840887181169819087e-07
9.806514071897254325e-07
1.338537913397885859e-06
1.696713525234372355e-06
2.056087396340444684e-06
2.410637762295664288e-06
2.757439006018103100e-06
3.106431904598139226e-06
3.429824346312670968e-06
3.739441126526799053e-06
4.033805453218519688e-06
4.311445536586688831e-06
4.581262146530207247e-06
4.822045866603730246e-06
5.042885732109425589e-06
5.243928626441629604e-06
5.430165856523672119e-06
5.587129635387100279e-06
5.721913566958392039e-06
5.834393505210755393e-06
5.923681328567909077e-06
5.991631496726768091e-06
6.033028057572664693e-06
6.051652235328219831e-06
6.046727776265470311e-06
6.018333806423470378e-06
5.964584033790742978e-06
5.889625299460021779e-06
5.794453954877099022e-06
5.794453954877099022e-06
