0.000000000000000000e+00
1.000189999999999968e-01
2.000359999999999916e-01
3.000590000000000201e-01
4.000509999999999899e-01
5.000360000000000360e-01
6.000140000000000473e-01
7.000330000000000163e-01
8.000119999999999454e-01
9.000679999999999792e-01
1.000050000000000106e+00
1.100019999999999998e+00
1.200059999999999905e+00
1.300059999999999993e+00
1.400030000000000108e+00
1.500059999999999949e+00
1.600019999999999998e+00
1.700029999999999930e+00
1.800019999999999953e+00
1.899999999999999911e+00
2.000039999999999818e+00
2.100039999999999907e+00
2.200029999999999930e+00
2.300050000000000150e+00
2.400020000000000042e+00
2.500030000000000197e+00
2.600049999999999972e+00
2.700000000000000178e+00
2.799999999999999822e+00
2.900040000000000173e+00
3.000010000000000066e+00
3.100060000000000038e+00
3.200009999999999799e+00
3.300040000000000084e+00
3.400059999999999860e+00
3.500030000000000197e+00
3.600039999999999907e+00
3.700060000000000127e+00
3.800050000000000150e+00
3.900049999999999795e+00
4.000049999999999883e+00
4.100019999999999776e+00
4.200059999999999683e+00
4.300019999999999953e+00
4.400019999999999598e+00
4.500029999999999752e+00
4.600050000000000416e+00
4.700059999999999683e+00
4.800010000000000332e+00
4.900030000000000108e+00
5.000029999999999752e+00
5.100039999999999907e+00
5.200020000000000309e+00
5.300060000000000215e+00
5.400009999999999977e+00
5.500029999999999752e+00
5.600069999999999659e+00
5.700000000000000178e+00
5.800049999999999706e+00
5.900000000000000355e+00
6.000029999999999752e+00
6.100019999999999776e+00
6.200020000000000309e+00
6.300029999999999575e+00
6.400030000000000108e+00
6.500000000000000000e+00
6.600010000000000154e+00
6.700059999999999683e+00
6.799999999999999822e+00
6.900030000000000108e+00
7.000040000000000262e+00
7.100019999999999776e+00
7.200040000000000440e+00
7.300010000000000332e+00
7.400059999999999860e+00
7.500060000000000393e+00
7.600060000000000038e+00
7.700009999999999799e+00
7.800049999999999706e+00
7.900059999999999860e+00
8.000019999999999243e+00
8.100049999999999528e+00
8.200029999999999930e+00
8.300050000000000594e+00
8.400050000000000239e+00
8.500030000000000641e+00
8.600030000000000285e+00
8.700060000000000571e+00
8.800039999999999196e+00
8.900029999999999220e+00
9.000040000000000262e+00
9.100049999999999528e+00
9.200039999999999552e+00
9.300039999999999196e+00
9.400029999999999220e+00
9.500049999999999883e+00
9.600039999999999907e+00
9.700029999999999930e+00
9.800029999999999575e+00
9.900040000000000617e+00
1.000000000000000000e+01
