6.000999808311462402e-01
6.000999212265014648e-01
6.000999212265014648e-01
6.000999212265014648e-01
6.000998616218566895e-01
6.000998020172119141e-01
6.000996828079223633e-01
6.000995039939880371e-01
6.000993251800537109e-01
6.000990867614746094e-01
6.000987887382507324e-01
6.000984311103820801e-01
6.000980138778686523e-01
6.000975370407104492e-01
6.000970005989074707e-01
6.000964045524597168e-01
6.000957489013671875e-01
6.000950932502746582e-01
6.000943779945373535e-01
6.000935435295104980e-01
6.000927686691284180e-01
6.000918745994567871e-01
6.000910401344299316e-01
6.000901460647583008e-01
6.000891923904418945e-01
6.000882983207702637e-01
6.000873446464538574e-01
6.000864505767822266e-01
6.000855565071105957e-01
6.000846624374389648e-01
6.000838279724121094e-01
6.000829935073852539e-01
6.000822186470031738e-01
6.000815033912658691e-01
6.000807881355285645e-01
6.000801920890808105e-01
6.000795960426330566e-01
6.000790596008300781e-01
6.000786423683166504e-01
6.000782251358032227e-01
6.000778675079345703e-01
6.000775694847106934e-01
6.000773310661315918e-01
6.000771522521972656e-01
6.000770330429077148e-01
6.000769138336181641e-01
6.000767946243286133e-01
6.000767946243286133e-01
6.000767350196838379e-01
6.000767350196838379e-01
6.000767350196838379e-01
6.000767350196838379e-01
6.000767350196838379e-01
6.000767350196838379e-01
6.000766754150390625e-01
6.000766158103942871e-01
6.000765562057495117e-01
6.000764369964599609e-01
6.000763177871704102e-01
6.000760793685913086e-01
6.000759005546569824e-01
6.000756025314331055e-01
6.000753045082092285e-01
6.000749468803405762e-01
6.000745296478271484e-01
6.000741124153137207e-01
6.000736355781555176e-01
6.000730991363525391e-01
6.000725626945495605e-01
6.000719666481018066e-01
6.000713109970092773e-01
6.000706553459167480e-01
6.000699996948242188e-01
6.000692844390869141e-01
6.000686287879943848e-01
6.000679135322570801e-01
6.000671982765197754e-01
6.000664830207824707e-01
6.000658273696899414e-01
6.000651121139526367e-01
6.000644564628601074e-01
6.000638604164123535e-01
6.000632047653198242e-01
6.000626683235168457e-01
6.000621318817138672e-01
6.000616550445556641e-01
6.000611782073974609e-01
6.000607609748840332e-01
6.000604033470153809e-01
6.000601053237915039e-01
6.000598669052124023e-01
6.000596284866333008e-01
6.000593900680541992e-01
6.000592708587646484e-01
6.000591516494750977e-01
6.000590324401855469e-01
6.000589728355407715e-01
6.000589728355407715e-01
6.000589132308959961e-01
6.000589132308959961e-01
6.000589132308959961e-01
6.000589132308959961e-01
6.000589132308959961e-01
6.000589132308959961e-01
6.000588536262512207e-01
6.000588536262512207e-01
6.000587940216064453e-01
6.000587344169616699e-01
6.000586152076721191e-01
6.000584959983825684e-01
6.000583171844482422e-01
6.000580787658691406e-01
6.000578403472900391e-01
6.000576019287109375e-01
6.000573039054870605e-01
6.000569462776184082e-01
6.000565886497497559e-01
6.000561714172363281e-01
6.000557541847229004e-01
6.000553369522094727e-01
6.000548601150512695e-01
6.000543832778930664e-01
6.000538468360900879e-01
6.000533103942871094e-01
6.000527739524841309e-01
6.000522375106811523e-01
6.000517010688781738e-01
6.000511646270751953e-01
6.000506281852722168e-01
6.000500917434692383e-01
6.000496149063110352e-01
6.000490784645080566e-01
6.000486016273498535e-01
6.000481843948364258e-01
6.000477671623229980e-01
6.000474095344543457e-01
6.000470519065856934e-01
6.000467538833618164e-01
6.000464558601379395e-01
6.000462174415588379e-01
6.000459790229797363e-01
6.000458002090454102e-01
6.000456809997558594e-01
6.000455021858215332e-01
6.000454425811767578e-01
6.000453829765319824e-01
6.000453233718872070e-01
6.000452637672424316e-01
6.000452637672424316e-01
6.000452637672424316e-01
6.000452637672424316e-01
6.000452637672424316e-01
6.000452637672424316e-01
6.000452637672424316e-01
6.000452041625976562e-01
6.000452041625976562e-01
6.000451445579528809e-01
6.000450849533081055e-01
6.000450253486633301e-01
6.000449061393737793e-01
6.000447869300842285e-01
6.000446081161499023e-01
6.000444889068603516e-01
6.000442504882812500e-01
6.000440120697021484e-01
6.000437736511230469e-01
6.000434756278991699e-01
6.000431776046752930e-01
6.000428795814514160e-01
6.000425219535827637e-01
6.000421643257141113e-01
6.000418066978454590e-01
6.000413894653320312e-01
6.000410318374633789e-01
6.000406146049499512e-01
6.000401973724365234e-01
6.000397801399230957e-01
6.000393629074096680e-01
6.000389456748962402e-01
6.000385284423828125e-01
6.000381112098693848e-01
6.000377535820007324e-01
6.000373959541320801e-01
6.000370383262634277e-01
6.000367403030395508e-01
6.000364422798156738e-01
6.000361442565917969e-01
6.000359058380126953e-01
6.000356674194335938e-01
6.000354886054992676e-01
6.000353097915649414e-01
6.000351905822753906e-01
6.000350713729858398e-01
6.000349521636962891e-01
6.000348925590515137e-01
6.000348329544067383e-01
6.000347733497619629e-01
6.000347733497619629e-01
6.000347733497619629e-01
6.000347137451171875e-01
6.000347137451171875e-01
6.000347137451171875e-01
6.000347137451171875e-01
6.000347137451171875e-01
6.000347137451171875e-01
6.000347137451171875e-01
6.000346541404724121e-01
6.000346541404724121e-01
6.000345945358276367e-01
6.000344753265380859e-01
6.000344157218933105e-01
6.000342965126037598e-01
6.000341773033142090e-01
6.000339984893798828e-01
6.000338196754455566e-01
6.000336408615112305e-01
6.000334620475769043e-01
6.000332236289978027e-01
6.000329852104187012e-01
6.000326871871948242e-01
6.000324487686157227e-01
6.000321507453918457e-01
6.000318527221679688e-01
6.000315546989440918e-01
6.000311970710754395e-01
6.000308990478515625e-01
6.000306010246276855e-01
6.000302433967590332e-01
6.000299453735351562e-01
6.000296473503112793e-01
6.000293493270874023e-01
6.000290513038635254e-01
6.000287532806396484e-01
6.000285148620605469e-01
6.000282764434814453e-01
6.000280380249023438e-01
6.000277996063232422e-01
6.000276207923889160e-01
6.000274419784545898e-01
6.000272631645202637e-01
6.000271439552307129e-01
6.000270247459411621e-01
6.000269651412963867e-01
6.000268459320068359e-01
6.000267863273620605e-01
6.000267267227172852e-01
6.000267267227172852e-01
6.000267267227172852e-01
6.000266671180725098e-01
6.000266671180725098e-01
6.000266671180725098e-01
6.000266671180725098e-01
6.000266671180725098e-01
6.000266671180725098e-01
6.000266671180725098e-01
6.000266671180725098e-01
6.000266075134277344e-01
6.000266075134277344e-01
6.000265479087829590e-01
6.000264883041381836e-01
6.000264286994934082e-01
6.000263690948486328e-01
6.000262498855590820e-01
6.000261306762695312e-01
6.000260114669799805e-01
6.000258922576904297e-01
6.000257134437561035e-01
6.000255346298217773e-01
6.000253558158874512e-01
6.000251770019531250e-01
6.000249385833740234e-01
6.000247001647949219e-01
6.000245213508605957e-01
6.000242829322814941e-01
6.000240445137023926e-01
6.000238060951232910e-01
6.000235080718994141e-01
6.000232696533203125e-01
6.000230312347412109e-01
6.000227928161621094e-01
6.000225543975830078e-01
6.000223159790039062e-01
6.000221371650695801e-01
6.000218987464904785e-01
6.000217199325561523e-01
6.000215411186218262e-01
6.000213623046875000e-01
6.000212430953979492e-01
6.000210642814636230e-01
6.000209450721740723e-01
6.000208854675292969e-01
6.000207662582397461e-01
6.000207066535949707e-01
6.000206470489501953e-01
6.000205874443054199e-01
6.000205278396606445e-01
6.000205278396606445e-01
6.000205278396606445e-01
6.000204682350158691e-01
6.000204682350158691e-01
6.000204682350158691e-01
6.000204682350158691e-01
6.000204682350158691e-01
6.000204682350158691e-01
6.000204682350158691e-01
6.000204682350158691e-01
6.000204682350158691e-01
6.000204086303710938e-01
6.000204086303710938e-01
6.000203490257263184e-01
6.000202894210815430e-01
6.000202298164367676e-01
6.000201702117919922e-01
6.000201106071472168e-01
6.000199913978576660e-01
6.000198721885681152e-01
6.000197529792785645e-01
6.000196337699890137e-01
6.000195145606994629e-01
6.000193357467651367e-01
6.000191569328308105e-01
6.000190377235412598e-01
6.000188589096069336e-01
6.000186800956726074e-01
6.000185012817382812e-01
6.000182628631591797e-01
6.000180840492248535e-01
6.000179052352905273e-01
6.000177264213562012e-01
6.000175476074218750e-01
6.000173687934875488e-01
6.000171899795532227e-01
6.000170111656188965e-01
6.000168323516845703e-01
6.000167131423950195e-01
6.000165343284606934e-01
6.000164151191711426e-01
6.000162959098815918e-01
6.000162363052368164e-01
6.000161170959472656e-01
6.000160574913024902e-01
6.000159382820129395e-01
6.000158786773681641e-01
6.000158786773681641e-01
6.000158190727233887e-01
6.000157594680786133e-01
6.000157594680786133e-01
6.000157594680786133e-01
6.000157594680786133e-01
6.000157594680786133e-01
6.000156998634338379e-01
6.000156998634338379e-01
6.000156998634338379e-01
6.000156998634338379e-01
6.000156998634338379e-01
6.000156998634338379e-01
6.000156998634338379e-01
6.000156998634338379e-01
6.000156402587890625e-01
6.000156402587890625e-01
6.000155806541442871e-01
6.000155806541442871e-01
6.000155210494995117e-01
6.000154614448547363e-01
6.000153422355651855e-01
6.000152826309204102e-01
6.000151634216308594e-01
6.000151038169860840e-01
6.000149846076965332e-01
6.000148653984069824e-01
6.000147461891174316e-01
6.000146269798278809e-01
6.000145077705383301e-01
6.000143289566040039e-01
6.000142097473144531e-01
6.000140905380249023e-01
6.000139117240905762e-01
6.000137925148010254e-01
6.000136137008666992e-01
6.000134944915771484e-01
6.000133752822875977e-01
6.000131964683532715e-01
6.000130772590637207e-01
6.000129580497741699e-01
6.000128388404846191e-01
6.000127196311950684e-01
6.000126600265502930e-01
6.000125408172607422e-01
6.000124812126159668e-01
6.000123620033264160e-01
6.000123023986816406e-01
6.000122427940368652e-01
6.000122427940368652e-01
6.000121831893920898e-01
6.000121235847473145e-01
6.000121235847473145e-01
6.000121235847473145e-01
6.000120639801025391e-01
6.000120639801025391e-01
6.000120639801025391e-01
6.000120639801025391e-01
6.000120639801025391e-01
6.000120639801025391e-01
6.000120639801025391e-01
6.000120639801025391e-01
6.000120639801025391e-01
6.000120639801025391e-01
6.000120639801025391e-01
6.000120639801025391e-01
6.000120043754577637e-01
6.000120043754577637e-01
6.000119447708129883e-01
6.000118851661682129e-01
6.000118851661682129e-01
6.000118255615234375e-01
6.000117659568786621e-01
6.000116467475891113e-01
6.000115871429443359e-01
6.000115275382995605e-01
6.000114083290100098e-01
6.000113487243652344e-01
6.000112295150756836e-01
6.000111699104309082e-01
6.000110507011413574e-01
6.000109314918518066e-01
6.000108122825622559e-01
6.000106930732727051e-01
6.000105738639831543e-01
6.000105142593383789e-01
6.000103950500488281e-01
6.000102758407592773e-01
6.000101566314697266e-01
6.000100374221801758e-01
6.000099778175354004e-01
6.000098586082458496e-01
6.000097990036010742e-01
6.000097393989562988e-01
6.000096201896667480e-01
6.000095605850219727e-01
6.000095009803771973e-01
6.000094413757324219e-01
6.000094413757324219e-01
6.000093817710876465e-01
6.000093817710876465e-01
6.000093221664428711e-01
6.000093221664428711e-01
6.000093221664428711e-01
6.000092625617980957e-01
6.000092625617980957e-01
6.000092625617980957e-01
6.000092625617980957e-01
6.000092625617980957e-01
6.000092625617980957e-01
6.000092625617980957e-01
6.000092625617980957e-01
6.000092625617980957e-01
6.000092625617980957e-01
6.000092625617980957e-01
6.000092625617980957e-01
6.000092029571533203e-01
6.000092029571533203e-01
6.000092029571533203e-01
6.000091433525085449e-01
6.000091433525085449e-01
6.000090837478637695e-01
6.000090241432189941e-01
6.000089645385742188e-01
6.000089049339294434e-01
6.000088453292846680e-01
6.000087857246398926e-01
6.000087261199951172e-01
6.000086665153503418e-01
6.000085473060607910e-01
6.000084877014160156e-01
6.000084280967712402e-01
6.000083088874816895e-01
6.000082492828369141e-01
6.000081300735473633e-01
6.000080704689025879e-01
6.000080108642578125e-01
6.000078916549682617e-01
6.000078320503234863e-01
6.000077128410339355e-01
6.000076532363891602e-01
6.000075936317443848e-01
6.000075340270996094e-01
6.000074744224548340e-01
6.000074148178100586e-01
6.000073552131652832e-01
6.000072956085205078e-01
6.000072956085205078e-01
6.000072360038757324e-01
6.000072360038757324e-01
6.000071763992309570e-01
6.000071763992309570e-01
6.000071763992309570e-01
6.000071167945861816e-01
6.000071167945861816e-01
6.000071167945861816e-01
6.000071167945861816e-01
6.000071167945861816e-01
6.000071167945861816e-01
6.000071167945861816e-01
6.000071167945861816e-01
6.000071167945861816e-01
6.000071167945861816e-01
6.000071167945861816e-01
6.000071167945861816e-01
6.000071167945861816e-01
6.000070571899414062e-01
6.000070571899414062e-01
6.000070571899414062e-01
6.000070571899414062e-01
6.000069975852966309e-01
6.000069975852966309e-01
6.000069379806518555e-01
6.000068783760070801e-01
6.000068783760070801e-01
6.000068187713623047e-01
6.000067591667175293e-01
6.000066995620727539e-01
6.000066399574279785e-01
6.000065803527832031e-01
6.000065207481384277e-01
6.000064611434936523e-01
6.000064015388488770e-01
6.000063419342041016e-01
6.000062823295593262e-01
6.000062227249145508e-01
6.000061631202697754e-01
6.000061035156250000e-01
6.000060439109802246e-01
6.000059247016906738e-01
6.000059247016906738e-01
6.000058650970458984e-01
6.000058054924011230e-01
6.000057458877563477e-01
6.000056862831115723e-01
6.000056862831115723e-01
6.000056266784667969e-01
6.000055670738220215e-01
6.000055670738220215e-01
6.000055670738220215e-01
6.000055074691772461e-01
6.000055074691772461e-01
6.000055074691772461e-01
6.000055074691772461e-01
6.000054478645324707e-01
6.000054478645324707e-01
6.000054478645324707e-01
6.000054478645324707e-01
6.000054478645324707e-01
6.000054478645324707e-01
6.000054478645324707e-01
6.000054478645324707e-01
6.000054478645324707e-01
6.000054478645324707e-01
6.000054478645324707e-01
6.000054478645324707e-01
6.000054478645324707e-01
6.000054478645324707e-01
6.000054478645324707e-01
6.000053882598876953e-01
6.000053882598876953e-01
6.000053286552429199e-01
6.000053286552429199e-01
6.000053286552429199e-01
6.000052690505981445e-01
6.000052094459533691e-01
6.000052094459533691e-01
6.000051498413085938e-01
6.000050902366638184e-01
6.000050902366638184e-01
6.000050306320190430e-01
6.000049710273742676e-01
6.000049114227294922e-01
6.000048518180847168e-01
6.000048518180847168e-01
6.000047922134399414e-01
6.000047326087951660e-01
6.000046730041503906e-01
6.000046133995056152e-01
6.000045537948608398e-01
6.000045537948608398e-01
6.000044941902160645e-01
6.000044345855712891e-01
6.000044345855712891e-01
6.000043749809265137e-01
6.000043749809265137e-01
6.000043153762817383e-01
6.000043153762817383e-01
6.000042557716369629e-01
6.000042557716369629e-01
6.000042557716369629e-01
6.000042557716369629e-01
6.000041961669921875e-01
6.000041961669921875e-01
6.000041961669921875e-01
6.000041961669921875e-01
6.000041961669921875e-01
6.000041961669921875e-01
6.000041961669921875e-01
6.000041961669921875e-01
6.000041961669921875e-01
6.000041961669921875e-01
6.000041961669921875e-01
6.000041961669921875e-01
6.000041961669921875e-01
6.000041961669921875e-01
6.000041961669921875e-01
6.000041961669921875e-01
6.000041365623474121e-01
6.000041365623474121e-01
6.000041365623474121e-01
6.000041365623474121e-01
6.000040769577026367e-01
6.000040769577026367e-01
6.000040769577026367e-01
6.000040173530578613e-01
6.000040173530578613e-01
6.000039577484130859e-01
6.000039577484130859e-01
6.000038981437683105e-01
6.000038385391235352e-01
6.000038385391235352e-01
6.000037789344787598e-01
6.000037193298339844e-01
6.000037193298339844e-01
6.000036597251892090e-01
6.000036597251892090e-01
6.000036001205444336e-01
6.000035405158996582e-01
6.000035405158996582e-01
6.000034809112548828e-01
6.000034809112548828e-01
6.000034213066101074e-01
6.000034213066101074e-01
6.000033617019653320e-01
6.000033617019653320e-01
6.000033020973205566e-01
6.000033020973205566e-01
6.000033020973205566e-01
6.000032424926757812e-01
6.000032424926757812e-01
6.000032424926757812e-01
6.000032424926757812e-01
6.000032424926757812e-01
6.000032424926757812e-01
6.000032424926757812e-01
6.000032424926757812e-01
6.000032424926757812e-01
6.000032424926757812e-01
6.000032424926757812e-01
6.000032424926757812e-01
6.000032424926757812e-01
6.000032424926757812e-01
6.000032424926757812e-01
6.000032424926757812e-01
6.000032424926757812e-01
6.000031828880310059e-01
6.000031828880310059e-01
6.000031828880310059e-01
6.000031828880310059e-01
6.000031828880310059e-01
6.000031828880310059e-01
6.000031232833862305e-01
6.000031232833862305e-01
6.000031232833862305e-01
6.000031232833862305e-01
6.000030636787414551e-01
6.000030636787414551e-01
6.000030040740966797e-01
6.000030040740966797e-01
6.000029444694519043e-01
6.000029444694519043e-01
6.000028848648071289e-01
6.000028848648071289e-01
6.000028252601623535e-01
6.000028252601623535e-01
6.000027656555175781e-01
6.000027656555175781e-01
6.000027656555175781e-01
6.000027060508728027e-01
6.000027060508728027e-01
6.000026464462280273e-01
6.000026464462280273e-01
6.000025868415832520e-01
6.000025868415832520e-01
6.000025868415832520e-01
6.000025272369384766e-01
6.000025272369384766e-01
6.000025272369384766e-01
6.000025272369384766e-01
6.000025272369384766e-01
6.000024676322937012e-01
6.000024676322937012e-01
6.000024676322937012e-01
6.000024676322937012e-01
6.000024676322937012e-01
6.000024676322937012e-01
6.000024676322937012e-01
6.000024676322937012e-01
6.000024676322937012e-01
6.000024676322937012e-01
6.000024676322937012e-01
6.000024676322937012e-01
6.000024676322937012e-01
6.000024676322937012e-01
6.000024676322937012e-01
6.000024676322937012e-01
6.000024676322937012e-01
6.000024676322937012e-01
6.000024676322937012e-01
6.000024676322937012e-01
6.000024080276489258e-01
6.000024080276489258e-01
6.000024080276489258e-01
6.000024080276489258e-01
6.000023484230041504e-01
6.000023484230041504e-01
6.000023484230041504e-01
6.000023484230041504e-01
6.000022888183593750e-01
6.000022888183593750e-01
6.000022888183593750e-01
6.000022292137145996e-01
6.000022292137145996e-01
6.000021696090698242e-01
6.000021696090698242e-01
6.000021696090698242e-01
6.000021100044250488e-01
6.000021100044250488e-01
6.000021100044250488e-01
6.000020503997802734e-01
6.000020503997802734e-01
6.000020503997802734e-01
6.000019907951354980e-01
6.000019907951354980e-01
6.000019907951354980e-01
6.000019907951354980e-01
6.000019311904907227e-01
6.000019311904907227e-01
6.000019311904907227e-01
6.000019311904907227e-01
6.000019311904907227e-01
6.000019311904907227e-01
6.000019311904907227e-01
6.000019311904907227e-01
6.000019311904907227e-01
6.000019311904907227e-01
6.000018715858459473e-01
6.000018715858459473e-01
6.000018715858459473e-01
6.000018715858459473e-01
6.000018715858459473e-01
6.000018715858459473e-01
6.000018715858459473e-01
6.000018715858459473e-01
6.000018715858459473e-01
6.000018715858459473e-01
6.000018715858459473e-01
6.000018715858459473e-01
6.000018715858459473e-01
6.000018715858459473e-01
6.000018715858459473e-01
6.000018715858459473e-01
6.000018715858459473e-01
6.000018119812011719e-01
6.000018119812011719e-01
6.000018119812011719e-01
6.000018119812011719e-01
6.000018119812011719e-01
6.000017523765563965e-01
6.000017523765563965e-01
6.000017523765563965e-01
6.000017523765563965e-01
6.000016927719116211e-01
6.000016927719116211e-01
6.000016927719116211e-01
6.000016331672668457e-01
6.000016331672668457e-01
6.000016331672668457e-01
6.000015735626220703e-01
6.000015735626220703e-01
6.000015735626220703e-01
6.000015735626220703e-01
6.000015139579772949e-01
6.000015139579772949e-01
6.000015139579772949e-01
6.000015139579772949e-01
6.000015139579772949e-01
6.000015139579772949e-01
6.000015139579772949e-01
6.000014543533325195e-01
6.000014543533325195e-01
6.000014543533325195e-01
6.000014543533325195e-01
6.000014543533325195e-01
6.000014543533325195e-01
6.000014543533325195e-01
6.000014543533325195e-01
6.000014543533325195e-01
6.000014543533325195e-01
6.000014543533325195e-01
6.000014543533325195e-01
6.000014543533325195e-01
6.000014543533325195e-01
6.000014543533325195e-01
6.000014543533325195e-01
6.000014543533325195e-01
6.000014543533325195e-01
6.000014543533325195e-01
6.000014543533325195e-01
6.000014543533325195e-01
6.000014543533325195e-01
6.000014543533325195e-01
6.000013947486877441e-01
6.000013947486877441e-01
6.000013947486877441e-01
6.000013947486877441e-01
6.000013947486877441e-01
6.000013947486877441e-01
6.000013351440429688e-01
6.000013351440429688e-01
6.000013351440429688e-01
6.000013351440429688e-01
6.000013351440429688e-01
6.000012755393981934e-01
6.000012755393981934e-01
6.000012755393981934e-01
6.000012755393981934e-01
6.000012159347534180e-01
6.000012159347534180e-01
6.000012159347534180e-01
6.000012159347534180e-01
6.000012159347534180e-01
6.000012159347534180e-01
6.000011563301086426e-01
6.000011563301086426e-01
6.000011563301086426e-01
6.000011563301086426e-01
6.000011563301086426e-01
6.000011563301086426e-01
6.000011563301086426e-01
6.000011563301086426e-01
6.000011563301086426e-01
6.000010967254638672e-01
6.000010967254638672e-01
6.000010967254638672e-01
6.000010967254638672e-01
6.000010967254638672e-01
6.000010967254638672e-01
6.000010967254638672e-01
6.000010967254638672e-01
6.000010967254638672e-01
6.000010967254638672e-01
6.000010967254638672e-01
6.000010967254638672e-01
6.000010967254638672e-01
6.000010967254638672e-01
6.000010967254638672e-01
6.000010967254638672e-01
6.000010967254638672e-01
6.000010967254638672e-01
6.000010967254638672e-01
6.000010967254638672e-01
6.000010967254638672e-01
6.000010967254638672e-01
6.000010967254638672e-01
6.000010967254638672e-01
6.000010371208190918e-01
6.000010371208190918e-01
6.000010371208190918e-01
6.000010371208190918e-01
6.000010371208190918e-01
6.000010371208190918e-01
6.000010371208190918e-01
6.000009775161743164e-01
6.000009775161743164e-01
6.000009775161743164e-01
6.000009775161743164e-01
6.000009775161743164e-01
6.000009775161743164e-01
6.000009179115295410e-01
6.000009179115295410e-01
6.000009179115295410e-01
6.000009179115295410e-01
6.000009179115295410e-01
6.000009179115295410e-01
6.000009179115295410e-01
6.000008583068847656e-01
6.000008583068847656e-01
6.000008583068847656e-01
6.000008583068847656e-01
6.000008583068847656e-01
6.000008583068847656e-01
6.000008583068847656e-01
6.000008583068847656e-01
6.000008583068847656e-01
6.000008583068847656e-01
6.000008583068847656e-01
6.000008583068847656e-01
6.000008583068847656e-01
6.000008583068847656e-01
6.000008583068847656e-01
6.000008583068847656e-01
6.000008583068847656e-01
6.000008583068847656e-01
6.000008583068847656e-01
6.000008583068847656e-01
6.000008583068847656e-01
6.000008583068847656e-01
6.000008583068847656e-01
6.000008583068847656e-01
6.000008583068847656e-01
6.000008583068847656e-01
6.000008583068847656e-01
6.000008583068847656e-01
6.000008583068847656e-01
6.000007987022399902e-01
6.000007987022399902e-01
6.000007987022399902e-01
6.000007987022399902e-01
6.000007987022399902e-01
6.000007987022399902e-01
6.000007987022399902e-01
6.000007987022399902e-01
6.000007390975952148e-01
6.000007390975952148e-01
6.000007390975952148e-01
6.000007390975952148e-01
6.000007390975952148e-01
6.000007390975952148e-01
6.000007390975952148e-01
6.000007390975952148e-01
6.000006794929504395e-01
6.000006794929504395e-01
6.000006794929504395e-01
6.000006794929504395e-01
6.000006794929504395e-01
6.000006794929504395e-01
6.000006794929504395e-01
6.000006794929504395e-01
6.000006794929504395e-01
6.000006794929504395e-01
6.000006794929504395e-01
6.000006794929504395e-01
6.000006794929504395e-01
6.000006794929504395e-01
6.000006794929504395e-01
6.000006794929504395e-01
6.000006794929504395e-01
6.000006794929504395e-01
6.000006794929504395e-01
6.000006794929504395e-01
6.000006794929504395e-01
6.000006794929504395e-01
6.000006794929504395e-01
6.000006794929504395e-01
6.000006794929504395e-01
6.000006794929504395e-01
6.000006794929504395e-01
6.000006794929504395e-01
6.000006794929504395e-01
6.000006794929504395e-01
6.000006198883056641e-01
6.000006198883056641e-01
6.000006198883056641e-01
6.000006198883056641e-01
6.000006198883056641e-01
6.000006198883056641e-01
6.000006198883056641e-01
6.000006198883056641e-01
6.000006198883056641e-01
6.000006198883056641e-01
6.000006198883056641e-01
6.000006198883056641e-01
6.000006198883056641e-01
6.000005602836608887e-01
6.000005602836608887e-01
6.000005602836608887e-01
6.000005602836608887e-01
6.000005602836608887e-01
6.000005602836608887e-01
6.000005602836608887e-01
6.000005602836608887e-01
6.000005602836608887e-01
6.000005602836608887e-01
6.000005602836608887e-01
6.000005006790161133e-01
6.000005006790161133e-01
6.000005006790161133e-01
6.000005006790161133e-01
6.000005006790161133e-01
6.000005006790161133e-01
6.000005006790161133e-01
6.000005006790161133e-01
6.000005006790161133e-01
6.000005006790161133e-01
6.000005006790161133e-01
6.000005006790161133e-01
6.000005006790161133e-01
6.000005006790161133e-01
6.000005006790161133e-01
6.000005006790161133e-01
6.000005006790161133e-01
6.000005006790161133e-01
6.000005006790161133e-01
6.000005006790161133e-01
6.000005006790161133e-01
6.000005006790161133e-01
6.000005006790161133e-01
6.000005006790161133e-01
6.000005006790161133e-01
6.000005006790161133e-01
6.000005006790161133e-01
6.000005006790161133e-01
6.000005006790161133e-01
6.000005006790161133e-01
6.000005006790161133e-01
6.000005006790161133e-01
6.000005006790161133e-01
6.000005006790161133e-01
6.000005006790161133e-01
6.000004410743713379e-01
6.000004410743713379e-01
6.000004410743713379e-01
6.000004410743713379e-01
6.000004410743713379e-01
6.000004410743713379e-01
6.000004410743713379e-01
6.000004410743713379e-01
6.000004410743713379e-01
6.000004410743713379e-01
6.000004410743713379e-01
6.000004410743713379e-01
6.000004410743713379e-01
6.000004410743713379e-01
6.000003814697265625e-01
6.000003814697265625e-01
6.000003814697265625e-01
6.000003814697265625e-01
6.000003814697265625e-01
6.000003814697265625e-01
6.000003814697265625e-01
6.000003814697265625e-01
6.000003814697265625e-01
6.000003814697265625e-01
6.000003814697265625e-01
6.000003814697265625e-01
6.000003814697265625e-01
6.000003814697265625e-01
6.000003814697265625e-01
6.000003814697265625e-01
6.000003814697265625e-01
6.000003814697265625e-01
6.000003814697265625e-01
6.000003814697265625e-01
6.000003814697265625e-01
6.000003814697265625e-01
6.000003814697265625e-01
6.000003814697265625e-01
6.000003814697265625e-01
6.000003814697265625e-01
6.000003814697265625e-01
6.000003814697265625e-01
6.000003814697265625e-01
6.000003814697265625e-01
6.000003814697265625e-01
6.000003814697265625e-01
6.000003814697265625e-01
6.000003814697265625e-01
6.000003814697265625e-01
6.000003814697265625e-01
6.000003814697265625e-01
6.000003814697265625e-01
6.000003814697265625e-01
6.000003218650817871e-01
6.000003218650817871e-01
6.000003218650817871e-01
6.000003218650817871e-01
6.000003218650817871e-01
6.000003218650817871e-01
6.000003218650817871e-01
6.000003218650817871e-01
6.000003218650817871e-01
6.000003218650817871e-01
6.000003218650817871e-01
6.000003218650817871e-01
6.000003218650817871e-01
6.000003218650817871e-01
6.000003218650817871e-01
6.000003218650817871e-01
6.000003218650817871e-01
6.000003218650817871e-01
6.000003218650817871e-01
6.000003218650817871e-01
6.000003218650817871e-01
6.000003218650817871e-01
6.000003218650817871e-01
6.000003218650817871e-01
6.000003218650817871e-01
6.000003218650817871e-01
6.000003218650817871e-01
6.000003218650817871e-01
6.000003218650817871e-01
6.000003218650817871e-01
6.000003218650817871e-01
6.000003218650817871e-01
6.000003218650817871e-01
6.000003218650817871e-01
6.000003218650817871e-01
6.000003218650817871e-01
6.000003218650817871e-01
6.000003218650817871e-01
6.000003218650817871e-01
6.000003218650817871e-01
6.000002622604370117e-01
6.000002622604370117e-01
6.000002622604370117e-01
6.000002622604370117e-01
6.000002622604370117e-01
6.000002622604370117e-01
6.000002622604370117e-01
6.000002622604370117e-01
6.000002622604370117e-01
6.000002622604370117e-01
6.000002622604370117e-01
6.000002622604370117e-01
6.000002622604370117e-01
6.000002622604370117e-01
6.000002622604370117e-01
6.000002622604370117e-01
6.000002622604370117e-01
6.000002622604370117e-01
6.000002622604370117e-01
6.000002622604370117e-01
6.000002622604370117e-01
6.000002622604370117e-01
6.000002622604370117e-01
6.000002622604370117e-01
6.000002622604370117e-01
6.000002622604370117e-01
6.000002622604370117e-01
6.000002622604370117e-01
6.000002026557922363e-01
6.000002026557922363e-01
6.000002026557922363e-01
6.000002026557922363e-01
6.000002026557922363e-01
6.000002026557922363e-01
6.000002026557922363e-01
6.000002026557922363e-01
6.000002026557922363e-01
6.000002026557922363e-01
6.000002026557922363e-01
6.000002026557922363e-01
6.000002026557922363e-01
6.000002026557922363e-01
6.000002026557922363e-01
6.000002026557922363e-01
6.000002026557922363e-01
6.000002026557922363e-01
6.000002026557922363e-01
6.000002026557922363e-01
6.000002026557922363e-01
6.000002026557922363e-01
6.000002026557922363e-01
6.000002026557922363e-01
6.000002026557922363e-01
6.000002026557922363e-01
6.000002026557922363e-01
6.000002026557922363e-01
6.000002026557922363e-01
6.000002026557922363e-01
6.000002026557922363e-01
6.000002026557922363e-01
6.000002026557922363e-01
6.000002026557922363e-01
6.000002026557922363e-01
6.000002026557922363e-01
6.000002026557922363e-01
6.000002026557922363e-01
6.000002026557922363e-01
6.000002026557922363e-01
6.000002026557922363e-01
6.000002026557922363e-01
6.000002026557922363e-01
6.000002026557922363e-01
6.000002026557922363e-01
6.000002026557922363e-01
6.000002026557922363e-01
6.000002026557922363e-01
6.000002026557922363e-01
6.000002026557922363e-01
6.000002026557922363e-01
6.000002026557922363e-01
6.000002026557922363e-01
6.000002026557922363e-01
6.000002026557922363e-01
6.000002026557922363e-01
6.000002026557922363e-01
6.000002026557922363e-01
6.000002026557922363e-01
6.000002026557922363e-01
6.000002026557922363e-01
6.000002026557922363e-01
6.000002026557922363e-01
6.000002026557922363e-01
6.000002026557922363e-01
6.000002026557922363e-01
6.000002026557922363e-01
6.000002026557922363e-01
6.000002026557922363e-01
6.000002026557922363e-01
6.000002026557922363e-01
6.000002026557922363e-01
6.000001430511474609e-01
6.000001430511474609e-01
6.000001430511474609e-01
6.000001430511474609e-01
6.000001430511474609e-01
6.000001430511474609e-01
6.000001430511474609e-01
6.000001430511474609e-01
6.000001430511474609e-01
6.000001430511474609e-01
6.000001430511474609e-01
6.000001430511474609e-01
6.000001430511474609e-01
6.000001430511474609e-01
6.000001430511474609e-01
6.000001430511474609e-01
6.000001430511474609e-01
6.000001430511474609e-01
6.000001430511474609e-01
6.000001430511474609e-01
6.000001430511474609e-01
6.000001430511474609e-01
6.000001430511474609e-01
6.000001430511474609e-01
6.000001430511474609e-01
6.000001430511474609e-01
6.000001430511474609e-01
6.000001430511474609e-01
6.000001430511474609e-01
6.000001430511474609e-01
6.000001430511474609e-01
6.000001430511474609e-01
6.000001430511474609e-01
6.000001430511474609e-01
6.000001430511474609e-01
6.000001430511474609e-01
6.000001430511474609e-01
6.000001430511474609e-01
6.000001430511474609e-01
6.000001430511474609e-01
6.000001430511474609e-01
6.000001430511474609e-01
6.000001430511474609e-01
6.000001430511474609e-01
6.000001430511474609e-01
6.000001430511474609e-01
6.000001430511474609e-01
6.000001430511474609e-01
6.000001430511474609e-01
6.000001430511474609e-01
6.000001430511474609e-01
6.000001430511474609e-01
6.000001430511474609e-01
6.000001430511474609e-01
6.000001430511474609e-01
6.000001430511474609e-01
6.000001430511474609e-01
6.000001430511474609e-01
6.000001430511474609e-01
6.000001430511474609e-01
6.000001430511474609e-01
6.000001430511474609e-01
6.000001430511474609e-01
6.000001430511474609e-01
6.000001430511474609e-01
6.000001430511474609e-01
6.000001430511474609e-01
6.000001430511474609e-01
6.000000834465026855e-01
6.000000834465026855e-01
6.000000834465026855e-01
6.000000834465026855e-01
6.000000834465026855e-01
6.000000834465026855e-01
6.000000834465026855e-01
6.000000834465026855e-01
6.000000834465026855e-01
6.000000834465026855e-01
6.000000834465026855e-01
6.000000834465026855e-01
6.000000834465026855e-01
6.000000834465026855e-01
6.000000834465026855e-01
6.000000834465026855e-01
6.000000834465026855e-01
6.000000834465026855e-01
6.000000834465026855e-01
6.000000834465026855e-01
6.000000834465026855e-01
6.000000834465026855e-01
6.000000834465026855e-01
6.000000834465026855e-01
6.000000834465026855e-01
6.000000834465026855e-01
6.000000834465026855e-01
6.000000834465026855e-01
6.000000834465026855e-01
6.000000834465026855e-01
6.000000834465026855e-01
6.000000834465026855e-01
6.000000834465026855e-01
6.000000834465026855e-01
6.000000834465026855e-01
6.000000834465026855e-01
6.000000834465026855e-01
6.000000834465026855e-01
6.000000834465026855e-01
6.000000834465026855e-01
6.000000834465026855e-01
6.000000834465026855e-01
6.000000834465026855e-01
6.000000834465026855e-01
6.000000834465026855e-01
6.000000834465026855e-01
6.000000834465026855e-01
6.000000834465026855e-01
6.000000834465026855e-01
6.000000834465026855e-01
6.000000834465026855e-01
6.000000834465026855e-01
6.000000834465026855e-01
6.000000834465026855e-01
6.000000834465026855e-01
6.000000834465026855e-01
6.000000834465026855e-01
6.000000834465026855e-01
6.000000834465026855e-01
6.000000834465026855e-01
6.000000834465026855e-01
6.000000834465026855e-01
6.000000834465026855e-01
6.000000834465026855e-01
6.000000834465026855e-01
6.000000834465026855e-01
6.000000834465026855e-01
6.000000834465026855e-01
6.000000834465026855e-01
6.000000834465026855e-01
6.000000834465026855e-01
6.000000834465026855e-01
6.000000834465026855e-01
6.000000834465026855e-01
6.000000834465026855e-01
6.000000834465026855e-01
6.000000834465026855e-01
6.000000834465026855e-01
6.000000834465026855e-01
6.000000834465026855e-01
6.000000834465026855e-01
6.000000834465026855e-01
6.000000834465026855e-01
6.000000834465026855e-01
6.000000834465026855e-01
6.000000834465026855e-01
6.000000834465026855e-01
6.000000834465026855e-01
6.000000834465026855e-01
6.000000834465026855e-01
6.000000834465026855e-01
6.000000834465026855e-01
6.000000834465026855e-01
6.000000834465026855e-01
6.000000834465026855e-01
6.000000834465026855e-01
6.000000834465026855e-01
6.000000834465026855e-01
6.000000834465026855e-01
6.000000834465026855e-01
6.000000834465026855e-01
6.000000834465026855e-01
6.000000834465026855e-01
6.000000834465026855e-01
6.000000834465026855e-01
6.000000834465026855e-01
6.000000834465026855e-01
6.000000834465026855e-01
6.000000834465026855e-01
6.000000834465026855e-01
6.000000834465026855e-01
6.000000834465026855e-01
6.000000834465026855e-01
6.000000834465026855e-01
6.000000834465026855e-01
6.000000834465026855e-01
6.000000834465026855e-01
6.000000834465026855e-01
6.000000834465026855e-01
6.000000834465026855e-01
6.000000834465026855e-01
6.000000834465026855e-01
6.000000834465026855e-01
6.000000834465026855e-01
6.000000834465026855e-01
6.000000834465026855e-01
6.000000834465026855e-01
6.000000834465026855e-01
6.000000834465026855e-01
6.000000834465026855e-01
6.000000834465026855e-01
6.000000834465026855e-01
6.000000834465026855e-01
6.000000834465026855e-01
6.000000834465026855e-01
6.000000834465026855e-01
6.000000834465026855e-01
6.000000834465026855e-01
6.000000834465026855e-01
6.000000834465026855e-01
6.000000834465026855e-01
6.000000834465026855e-01
6.000000834465026855e-01
6.000000834465026855e-01
6.000000834465026855e-01
6.000000834465026855e-01
6.000000238418579102e-01
6.000000238418579102e-01
6.000000238418579102e-01
6.000000238418579102e-01
6.000000238418579102e-01
6.000000238418579102e-01
6.000000238418579102e-01
6.000000238418579102e-01
6.000000238418579102e-01
6.000000238418579102e-01
6.000000238418579102e-01
6.000000238418579102e-01
6.000000238418579102e-01
6.000000238418579102e-01
6.000000238418579102e-01
6.000000238418579102e-01
6.000000238418579102e-01
6.000000238418579102e-01
6.000000238418579102e-01
6.000000238418579102e-01
6.000000238418579102e-01
6.000000238418579102e-01
6.000000238418579102e-01
6.000000238418579102e-01
6.000000238418579102e-01
6.000000238418579102e-01
6.000000238418579102e-01
6.000000238418579102e-01
6.000000238418579102e-01
6.000000238418579102e-01
6.000000238418579102e-01
6.000000238418579102e-01
6.000000238418579102e-01
6.000000238418579102e-01
6.000000238418579102e-01
6.000000238418579102e-01
6.000000238418579102e-01
6.000000238418579102e-01
6.000000238418579102e-01
6.000000238418579102e-01
6.000000238418579102e-01
6.000000238418579102e-01
6.000000238418579102e-01
6.000000238418579102e-01
6.000000238418579102e-01
6.000000238418579102e-01
6.000000238418579102e-01
6.000000238418579102e-01
6.000000238418579102e-01
6.000000238418579102e-01
6.000000238418579102e-01
6.000000238418579102e-01
6.000000238418579102e-01
6.000000238418579102e-01
6.000000238418579102e-01
6.000000238418579102e-01
6.000000238418579102e-01
6.000000238418579102e-01
6.000000238418579102e-01
6.000000238418579102e-01
6.000000238418579102e-01
6.000000238418579102e-01
6.000000238418579102e-01
6.000000238418579102e-01
6.000000238418579102e-01
6.000000238418579102e-01
6.000000238418579102e-01
6.000000238418579102e-01
6.000000238418579102e-01
6.000000238418579102e-01
6.000000238418579102e-01
