1.000100016593933105e+00
1.000099897384643555e+00
1.000099897384643555e+00
1.000099897384643555e+00
1.000099897384643555e+00
1.000099778175354004e+00
1.000099658966064453e+00
1.000099539756774902e+00
1.000099301338195801e+00
1.000099062919616699e+00
1.000098824501037598e+00
1.000098466873168945e+00
1.000097990036010742e+00
1.000097513198852539e+00
1.000097036361694336e+00
1.000096440315246582e+00
1.000095725059509277e+00
1.000095129013061523e+00
1.000094294548034668e+00
1.000093579292297363e+00
1.000092744827270508e+00
1.000091910362243652e+00
1.000090956687927246e+00
1.000090122222900391e+00
1.000089168548583984e+00
1.000088334083557129e+00
1.000087380409240723e+00
1.000086426734924316e+00
1.000085592269897461e+00
1.000084638595581055e+00
1.000083804130554199e+00
1.000082969665527344e+00
1.000082254409790039e+00
1.000081539154052734e+00
1.000080823898315430e+00
1.000080108642578125e+00
1.000079631805419922e+00
1.000079035758972168e+00
1.000078558921813965e+00
1.000078201293945312e+00
1.000077843666076660e+00
1.000077605247497559e+00
1.000077366828918457e+00
1.000077128410339355e+00
1.000077009201049805e+00
1.000076889991760254e+00
1.000076770782470703e+00
1.000076770782470703e+00
1.000076770782470703e+00
1.000076770782470703e+00
1.000076770782470703e+00
1.000076770782470703e+00
1.000076770782470703e+00
1.000076770782470703e+00
1.000076651573181152e+00
1.000076651573181152e+00
1.000076532363891602e+00
1.000076413154602051e+00
1.000076293945312500e+00
1.000076055526733398e+00
1.000075936317443848e+00
1.000075578689575195e+00
1.000075340270996094e+00
1.000074982643127441e+00
1.000074505805969238e+00
1.000074148178100586e+00
1.000073671340942383e+00
1.000073075294494629e+00
1.000072479248046875e+00
1.000072002410888672e+00
1.000071287155151367e+00
1.000070691108703613e+00
1.000069975852966309e+00
1.000069260597229004e+00
1.000068664550781250e+00
1.000067949295043945e+00
1.000067234039306641e+00
1.000066518783569336e+00
1.000065803527832031e+00
1.000065088272094727e+00
1.000064492225646973e+00
1.000063776969909668e+00
1.000063180923461914e+00
1.000062704086303711e+00
1.000062108039855957e+00
1.000061631202697754e+00
1.000061154365539551e+00
1.000060796737670898e+00
1.000060439109802246e+00
1.000060081481933594e+00
1.000059843063354492e+00
1.000059604644775391e+00
1.000059366226196289e+00
1.000059247016906738e+00
1.000059127807617188e+00
1.000059008598327637e+00
1.000059008598327637e+00
1.000059008598327637e+00
1.000058889389038086e+00
1.000058889389038086e+00
1.000058889389038086e+00
1.000058889389038086e+00
1.000058889389038086e+00
1.000058889389038086e+00
1.000058889389038086e+00
1.000058889389038086e+00
1.000058770179748535e+00
1.000058770179748535e+00
1.000058650970458984e+00
1.000058531761169434e+00
1.000058293342590332e+00
1.000058054924011230e+00
1.000057816505432129e+00
1.000057578086853027e+00
1.000057339668273926e+00
1.000056982040405273e+00
1.000056624412536621e+00
1.000056147575378418e+00
1.000055789947509766e+00
1.000055313110351562e+00
1.000054836273193359e+00
1.000054359436035156e+00
1.000053882598876953e+00
1.000053286552429199e+00
1.000052809715270996e+00
1.000052213668823242e+00
1.000051736831665039e+00
1.000051140785217285e+00
1.000050663948059082e+00
1.000050067901611328e+00
1.000049591064453125e+00
1.000049114227294922e+00
1.000048637390136719e+00
1.000048160552978516e+00
1.000047802925109863e+00
1.000047445297241211e+00
1.000047087669372559e+00
1.000046730041503906e+00
1.000046491622924805e+00
1.000046253204345703e+00
1.000046014785766602e+00
1.000045776367187500e+00
1.000045657157897949e+00
1.000045537948608398e+00
1.000045418739318848e+00
1.000045418739318848e+00
1.000045299530029297e+00
1.000045299530029297e+00
1.000045299530029297e+00
1.000045299530029297e+00
1.000045299530029297e+00
1.000045299530029297e+00
1.000045299530029297e+00
1.000045180320739746e+00
1.000045180320739746e+00
1.000045180320739746e+00
1.000045180320739746e+00
1.000045061111450195e+00
1.000045061111450195e+00
1.000044941902160645e+00
1.000044822692871094e+00
1.000044584274291992e+00
1.000044465065002441e+00
1.000044226646423340e+00
1.000043988227844238e+00
1.000043749809265137e+00
1.000043511390686035e+00
1.000043153762817383e+00
1.000042915344238281e+00
1.000042557716369629e+00
1.000042200088500977e+00
1.000041842460632324e+00
1.000041365623474121e+00
1.000041007995605469e+00
1.000040650367736816e+00
1.000040173530578613e+00
1.000039815902709961e+00
1.000039339065551758e+00
1.000038981437683105e+00
1.000038504600524902e+00
1.000038146972656250e+00
1.000037789344787598e+00
1.000037431716918945e+00
1.000037074089050293e+00
1.000036716461181641e+00
1.000036478042602539e+00
1.000036120414733887e+00
1.000035881996154785e+00
1.000035643577575684e+00
1.000035524368286133e+00
1.000035285949707031e+00
1.000035166740417480e+00
1.000035047531127930e+00
1.000034928321838379e+00
1.000034928321838379e+00
1.000034809112548828e+00
1.000034809112548828e+00
1.000034809112548828e+00
1.000034809112548828e+00
1.000034689903259277e+00
1.000034689903259277e+00
1.000034689903259277e+00
1.000034689903259277e+00
1.000034689903259277e+00
1.000034689903259277e+00
1.000034689903259277e+00
1.000034689903259277e+00
1.000034689903259277e+00
1.000034570693969727e+00
1.000034451484680176e+00
1.000034451484680176e+00
1.000034332275390625e+00
1.000034213066101074e+00
1.000033974647521973e+00
1.000033855438232422e+00
1.000033617019653320e+00
1.000033497810363770e+00
1.000033259391784668e+00
1.000033020973205566e+00
1.000032663345336914e+00
1.000032424926757812e+00
1.000032186508178711e+00
1.000031828880310059e+00
1.000031590461730957e+00
1.000031232833862305e+00
1.000030875205993652e+00
1.000030636787414551e+00
1.000030279159545898e+00
1.000029921531677246e+00
1.000029683113098145e+00
1.000029325485229492e+00
1.000029087066650391e+00
1.000028729438781738e+00
1.000028491020202637e+00
1.000028252601623535e+00
1.000028014183044434e+00
1.000027775764465332e+00
1.000027656555175781e+00
1.000027418136596680e+00
1.000027298927307129e+00
1.000027179718017578e+00
1.000027060508728027e+00
1.000026941299438477e+00
1.000026822090148926e+00
1.000026822090148926e+00
1.000026702880859375e+00
1.000026702880859375e+00
1.000026702880859375e+00
1.000026702880859375e+00
1.000026702880859375e+00
1.000026702880859375e+00
1.000026702880859375e+00
1.000026702880859375e+00
1.000026702880859375e+00
1.000026702880859375e+00
1.000026702880859375e+00
1.000026583671569824e+00
1.000026583671569824e+00
1.000026583671569824e+00
1.000026464462280273e+00
1.000026464462280273e+00
1.000026345252990723e+00
1.000026226043701172e+00
1.000026106834411621e+00
1.000025987625122070e+00
1.000025868415832520e+00
1.000025749206542969e+00
1.000025510787963867e+00
1.000025391578674316e+00
1.000025153160095215e+00
1.000024914741516113e+00
1.000024676322937012e+00
1.000024437904357910e+00
1.000024199485778809e+00
1.000023961067199707e+00
1.000023722648620605e+00
1.000023484230041504e+00
1.000023245811462402e+00
1.000023007392883301e+00
1.000022768974304199e+00
1.000022530555725098e+00
1.000022292137145996e+00
1.000022172927856445e+00
1.000021934509277344e+00
1.000021696090698242e+00
1.000021576881408691e+00
1.000021338462829590e+00
1.000021219253540039e+00
1.000021100044250488e+00
1.000020980834960938e+00
1.000020861625671387e+00
1.000020742416381836e+00
1.000020742416381836e+00
1.000020623207092285e+00
1.000020623207092285e+00
1.000020503997802734e+00
1.000020503997802734e+00
1.000020503997802734e+00
1.000020503997802734e+00
1.000020503997802734e+00
1.000020503997802734e+00
1.000020503997802734e+00
1.000020503997802734e+00
1.000020503997802734e+00
1.000020503997802734e+00
1.000020503997802734e+00
1.000020503997802734e+00
1.000020384788513184e+00
1.000020384788513184e+00
1.000020384788513184e+00
1.000020265579223633e+00
1.000020265579223633e+00
1.000020146369934082e+00
1.000020146369934082e+00
1.000020027160644531e+00
1.000019907951354980e+00
1.000019788742065430e+00
1.000019669532775879e+00
1.000019431114196777e+00
1.000019311904907227e+00
1.000019192695617676e+00
1.000018954277038574e+00
1.000018835067749023e+00
1.000018596649169922e+00
1.000018477439880371e+00
1.000018239021301270e+00
1.000018119812011719e+00
1.000017881393432617e+00
1.000017762184143066e+00
1.000017523765563965e+00
1.000017404556274414e+00
1.000017166137695312e+00
1.000017046928405762e+00
1.000016808509826660e+00
1.000016689300537109e+00
1.000016570091247559e+00
1.000016450881958008e+00
1.000016331672668457e+00
1.000016212463378906e+00
1.000016093254089355e+00
1.000016093254089355e+00
1.000015974044799805e+00
1.000015854835510254e+00
1.000015854835510254e+00
1.000015854835510254e+00
1.000015735626220703e+00
1.000015735626220703e+00
1.000015735626220703e+00
1.000015735626220703e+00
1.000015735626220703e+00
1.000015735626220703e+00
1.000015735626220703e+00
1.000015735626220703e+00
1.000015735626220703e+00
1.000015735626220703e+00
1.000015735626220703e+00
1.000015735626220703e+00
1.000015735626220703e+00
1.000015616416931152e+00
1.000015616416931152e+00
1.000015616416931152e+00
1.000015497207641602e+00
1.000015497207641602e+00
1.000015377998352051e+00
1.000015377998352051e+00
1.000015258789062500e+00
1.000015139579772949e+00
1.000015139579772949e+00
1.000015020370483398e+00
1.000014901161193848e+00
1.000014781951904297e+00
1.000014662742614746e+00
1.000014543533325195e+00
1.000014305114746094e+00
1.000014185905456543e+00
1.000014066696166992e+00
1.000013947486877441e+00
1.000013828277587891e+00
1.000013589859008789e+00
1.000013470649719238e+00
1.000013351440429688e+00
1.000013232231140137e+00
1.000013113021850586e+00
1.000012993812561035e+00
1.000012874603271484e+00
1.000012755393981934e+00
1.000012636184692383e+00
1.000012516975402832e+00
1.000012516975402832e+00
1.000012397766113281e+00
1.000012278556823730e+00
1.000012278556823730e+00
1.000012278556823730e+00
1.000012159347534180e+00
1.000012159347534180e+00
1.000012159347534180e+00
1.000012159347534180e+00
1.000012040138244629e+00
1.000012040138244629e+00
1.000012040138244629e+00
1.000012040138244629e+00
1.000012040138244629e+00
1.000012040138244629e+00
1.000012040138244629e+00
1.000012040138244629e+00
1.000012040138244629e+00
1.000012040138244629e+00
1.000012040138244629e+00
1.000012040138244629e+00
1.000012040138244629e+00
1.000012040138244629e+00
1.000011920928955078e+00
1.000011920928955078e+00
1.000011920928955078e+00
1.000011801719665527e+00
1.000011801719665527e+00
1.000011682510375977e+00
1.000011563301086426e+00
1.000011563301086426e+00
1.000011444091796875e+00
1.000011324882507324e+00
1.000011205673217773e+00
1.000011086463928223e+00
1.000011086463928223e+00
1.000010967254638672e+00
1.000010848045349121e+00
1.000010728836059570e+00
1.000010609626770020e+00
1.000010490417480469e+00
1.000010371208190918e+00
1.000010251998901367e+00
1.000010132789611816e+00
1.000010013580322266e+00
1.000010013580322266e+00
1.000009894371032715e+00
1.000009775161743164e+00
1.000009655952453613e+00
1.000009655952453613e+00
1.000009536743164062e+00
1.000009536743164062e+00
1.000009417533874512e+00
1.000009417533874512e+00
1.000009417533874512e+00
1.000009417533874512e+00
1.000009298324584961e+00
1.000009298324584961e+00
1.000009298324584961e+00
1.000009298324584961e+00
1.000009298324584961e+00
1.000009298324584961e+00
1.000009298324584961e+00
1.000009298324584961e+00
1.000009298324584961e+00
1.000009298324584961e+00
1.000009298324584961e+00
1.000009298324584961e+00
1.000009298324584961e+00
1.000009298324584961e+00
1.000009298324584961e+00
1.000009179115295410e+00
1.000009179115295410e+00
1.000009179115295410e+00
1.000009179115295410e+00
1.000009059906005859e+00
1.000009059906005859e+00
1.000009059906005859e+00
1.000008940696716309e+00
1.000008940696716309e+00
1.000008821487426758e+00
1.000008821487426758e+00
1.000008702278137207e+00
1.000008702278137207e+00
1.000008583068847656e+00
1.000008463859558105e+00
1.000008344650268555e+00
1.000008344650268555e+00
1.000008225440979004e+00
1.000008106231689453e+00
1.000008106231689453e+00
1.000007987022399902e+00
1.000007867813110352e+00
1.000007867813110352e+00
1.000007748603820801e+00
1.000007629394531250e+00
1.000007629394531250e+00
1.000007510185241699e+00
1.000007510185241699e+00
1.000007390975952148e+00
1.000007390975952148e+00
1.000007271766662598e+00
1.000007271766662598e+00
1.000007271766662598e+00
1.000007271766662598e+00
1.000007152557373047e+00
1.000007152557373047e+00
1.000007152557373047e+00
1.000007152557373047e+00
1.000007152557373047e+00
1.000007152557373047e+00
1.000007152557373047e+00
1.000007152557373047e+00
1.000007152557373047e+00
1.000007152557373047e+00
1.000007152557373047e+00
1.000007152557373047e+00
1.000007152557373047e+00
1.000007152557373047e+00
1.000007152557373047e+00
1.000007152557373047e+00
1.000007033348083496e+00
1.000007033348083496e+00
1.000007033348083496e+00
1.000007033348083496e+00
1.000007033348083496e+00
1.000006914138793945e+00
1.000006914138793945e+00
1.000006914138793945e+00
1.000006914138793945e+00
1.000006794929504395e+00
1.000006794929504395e+00
1.000006675720214844e+00
1.000006675720214844e+00
1.000006556510925293e+00
1.000006556510925293e+00
1.000006437301635742e+00
1.000006437301635742e+00
1.000006318092346191e+00
1.000006318092346191e+00
1.000006198883056641e+00
1.000006079673767090e+00
1.000006079673767090e+00
1.000005960464477539e+00
1.000005960464477539e+00
1.000005841255187988e+00
1.000005841255187988e+00
1.000005841255187988e+00
1.000005722045898438e+00
1.000005722045898438e+00
1.000005602836608887e+00
1.000005602836608887e+00
1.000005602836608887e+00
1.000005602836608887e+00
1.000005483627319336e+00
1.000005483627319336e+00
1.000005483627319336e+00
1.000005483627319336e+00
1.000005483627319336e+00
1.000005483627319336e+00
1.000005483627319336e+00
1.000005483627319336e+00
1.000005483627319336e+00
1.000005483627319336e+00
1.000005483627319336e+00
1.000005483627319336e+00
1.000005483627319336e+00
1.000005483627319336e+00
1.000005483627319336e+00
1.000005483627319336e+00
1.000005483627319336e+00
1.000005483627319336e+00
1.000005483627319336e+00
1.000005364418029785e+00
1.000005364418029785e+00
1.000005364418029785e+00
1.000005364418029785e+00
1.000005364418029785e+00
1.000005245208740234e+00
1.000005245208740234e+00
1.000005245208740234e+00
1.000005245208740234e+00
1.000005125999450684e+00
1.000005125999450684e+00
1.000005006790161133e+00
1.000005006790161133e+00
1.000005006790161133e+00
1.000004887580871582e+00
1.000004887580871582e+00
1.000004768371582031e+00
1.000004768371582031e+00
1.000004768371582031e+00
1.000004649162292480e+00
1.000004649162292480e+00
1.000004529953002930e+00
1.000004529953002930e+00
1.000004529953002930e+00
1.000004410743713379e+00
1.000004410743713379e+00
1.000004410743713379e+00
1.000004291534423828e+00
1.000004291534423828e+00
1.000004291534423828e+00
1.000004291534423828e+00
1.000004291534423828e+00
1.000004291534423828e+00
1.000004291534423828e+00
1.000004172325134277e+00
1.000004172325134277e+00
1.000004172325134277e+00
1.000004172325134277e+00
1.000004172325134277e+00
1.000004172325134277e+00
1.000004172325134277e+00
1.000004172325134277e+00
1.000004172325134277e+00
1.000004172325134277e+00
1.000004172325134277e+00
1.000004172325134277e+00
1.000004172325134277e+00
1.000004172325134277e+00
1.000004172325134277e+00
1.000004172325134277e+00
1.000004172325134277e+00
1.000004172325134277e+00
1.000004172325134277e+00
1.000004172325134277e+00
1.000004053115844727e+00
1.000004053115844727e+00
1.000004053115844727e+00
1.000004053115844727e+00
1.000004053115844727e+00
1.000003933906555176e+00
1.000003933906555176e+00
1.000003933906555176e+00
1.000003814697265625e+00
1.000003814697265625e+00
1.000003814697265625e+00
1.000003695487976074e+00
1.000003695487976074e+00
1.000003695487976074e+00
1.000003576278686523e+00
1.000003576278686523e+00
1.000003576278686523e+00
1.000003576278686523e+00
1.000003457069396973e+00
1.000003457069396973e+00
1.000003457069396973e+00
1.000003337860107422e+00
1.000003337860107422e+00
1.000003337860107422e+00
1.000003337860107422e+00
1.000003337860107422e+00
1.000003337860107422e+00
1.000003218650817871e+00
1.000003218650817871e+00
1.000003218650817871e+00
1.000003218650817871e+00
1.000003218650817871e+00
1.000003218650817871e+00
1.000003218650817871e+00
1.000003218650817871e+00
1.000003218650817871e+00
1.000003218650817871e+00
1.000003218650817871e+00
1.000003218650817871e+00
1.000003218650817871e+00
1.000003218650817871e+00
1.000003218650817871e+00
1.000003218650817871e+00
1.000003218650817871e+00
1.000003218650817871e+00
1.000003218650817871e+00
1.000003218650817871e+00
1.000003218650817871e+00
1.000003218650817871e+00
1.000003218650817871e+00
1.000003099441528320e+00
1.000003099441528320e+00
1.000003099441528320e+00
1.000003099441528320e+00
1.000003099441528320e+00
1.000003099441528320e+00
1.000002980232238770e+00
1.000002980232238770e+00
1.000002980232238770e+00
1.000002980232238770e+00
1.000002861022949219e+00
1.000002861022949219e+00
1.000002861022949219e+00
1.000002861022949219e+00
1.000002741813659668e+00
1.000002741813659668e+00
1.000002741813659668e+00
1.000002741813659668e+00
1.000002622604370117e+00
1.000002622604370117e+00
1.000002622604370117e+00
1.000002622604370117e+00
1.000002622604370117e+00
1.000002622604370117e+00
1.000002503395080566e+00
1.000002503395080566e+00
1.000002503395080566e+00
1.000002503395080566e+00
1.000002503395080566e+00
1.000002503395080566e+00
1.000002503395080566e+00
1.000002503395080566e+00
1.000002503395080566e+00
1.000002503395080566e+00
1.000002503395080566e+00
1.000002503395080566e+00
1.000002503395080566e+00
1.000002503395080566e+00
1.000002503395080566e+00
1.000002503395080566e+00
1.000002503395080566e+00
1.000002503395080566e+00
1.000002503395080566e+00
1.000002503395080566e+00
1.000002503395080566e+00
1.000002503395080566e+00
1.000002503395080566e+00
1.000002503395080566e+00
1.000002384185791016e+00
1.000002384185791016e+00
1.000002384185791016e+00
1.000002384185791016e+00
1.000002384185791016e+00
1.000002384185791016e+00
1.000002384185791016e+00
1.000002384185791016e+00
1.000002264976501465e+00
1.000002264976501465e+00
1.000002264976501465e+00
1.000002264976501465e+00
1.000002264976501465e+00
1.000002264976501465e+00
1.000002145767211914e+00
1.000002145767211914e+00
1.000002145767211914e+00
1.000002145767211914e+00
1.000002145767211914e+00
1.000002026557922363e+00
1.000002026557922363e+00
1.000002026557922363e+00
1.000002026557922363e+00
1.000002026557922363e+00
1.000002026557922363e+00
1.000002026557922363e+00
1.000001907348632812e+00
1.000001907348632812e+00
1.000001907348632812e+00
1.000001907348632812e+00
1.000001907348632812e+00
1.000001907348632812e+00
1.000001907348632812e+00
1.000001907348632812e+00
1.000001907348632812e+00
1.000001907348632812e+00
1.000001907348632812e+00
1.000001907348632812e+00
1.000001907348632812e+00
1.000001907348632812e+00
1.000001907348632812e+00
1.000001907348632812e+00
1.000001907348632812e+00
1.000001907348632812e+00
1.000001907348632812e+00
1.000001907348632812e+00
1.000001907348632812e+00
1.000001907348632812e+00
1.000001907348632812e+00
1.000001907348632812e+00
1.000001907348632812e+00
1.000001907348632812e+00
1.000001907348632812e+00
1.000001907348632812e+00
1.000001788139343262e+00
1.000001788139343262e+00
1.000001788139343262e+00
1.000001788139343262e+00
1.000001788139343262e+00
1.000001788139343262e+00
1.000001788139343262e+00
1.000001788139343262e+00
1.000001668930053711e+00
1.000001668930053711e+00
1.000001668930053711e+00
1.000001668930053711e+00
1.000001668930053711e+00
1.000001668930053711e+00
1.000001668930053711e+00
1.000001549720764160e+00
1.000001549720764160e+00
1.000001549720764160e+00
1.000001549720764160e+00
1.000001549720764160e+00
1.000001549720764160e+00
1.000001549720764160e+00
1.000001549720764160e+00
1.000001549720764160e+00
1.000001549720764160e+00
1.000001430511474609e+00
1.000001430511474609e+00
1.000001430511474609e+00
1.000001430511474609e+00
1.000001430511474609e+00
1.000001430511474609e+00
1.000001430511474609e+00
1.000001430511474609e+00
1.000001430511474609e+00
1.000001430511474609e+00
1.000001430511474609e+00
1.000001430511474609e+00
1.000001430511474609e+00
1.000001430511474609e+00
1.000001430511474609e+00
1.000001430511474609e+00
1.000001430511474609e+00
1.000001430511474609e+00
1.000001430511474609e+00
1.000001430511474609e+00
1.000001430511474609e+00
1.000001430511474609e+00
1.000001430511474609e+00
1.000001430511474609e+00
1.000001430511474609e+00
1.000001430511474609e+00
1.000001430511474609e+00
1.000001430511474609e+00
1.000001430511474609e+00
1.000001430511474609e+00
1.000001311302185059e+00
1.000001311302185059e+00
1.000001311302185059e+00
1.000001311302185059e+00
1.000001311302185059e+00
1.000001311302185059e+00
1.000001311302185059e+00
1.000001311302185059e+00
1.000001311302185059e+00
1.000001192092895508e+00
1.000001192092895508e+00
1.000001192092895508e+00
1.000001192092895508e+00
1.000001192092895508e+00
1.000001192092895508e+00
1.000001192092895508e+00
1.000001192092895508e+00
1.000001192092895508e+00
1.000001192092895508e+00
1.000001192092895508e+00
1.000001192092895508e+00
1.000001192092895508e+00
1.000001192092895508e+00
1.000001072883605957e+00
1.000001072883605957e+00
1.000001072883605957e+00
1.000001072883605957e+00
1.000001072883605957e+00
1.000001072883605957e+00
1.000001072883605957e+00
1.000001072883605957e+00
1.000001072883605957e+00
1.000001072883605957e+00
1.000001072883605957e+00
1.000001072883605957e+00
1.000001072883605957e+00
1.000001072883605957e+00
1.000001072883605957e+00
1.000001072883605957e+00
1.000001072883605957e+00
1.000001072883605957e+00
1.000001072883605957e+00
1.000001072883605957e+00
1.000001072883605957e+00
1.000001072883605957e+00
1.000001072883605957e+00
1.000001072883605957e+00
1.000001072883605957e+00
1.000001072883605957e+00
1.000001072883605957e+00
1.000001072883605957e+00
1.000001072883605957e+00
1.000001072883605957e+00
1.000001072883605957e+00
1.000000953674316406e+00
1.000000953674316406e+00
1.000000953674316406e+00
1.000000953674316406e+00
1.000000953674316406e+00
1.000000953674316406e+00
1.000000953674316406e+00
1.000000953674316406e+00
1.000000953674316406e+00
1.000000953674316406e+00
1.000000953674316406e+00
1.000000953674316406e+00
1.000000953674316406e+00
1.000000834465026855e+00
1.000000834465026855e+00
1.000000834465026855e+00
1.000000834465026855e+00
1.000000834465026855e+00
1.000000834465026855e+00
1.000000834465026855e+00
1.000000834465026855e+00
1.000000834465026855e+00
1.000000834465026855e+00
1.000000834465026855e+00
1.000000834465026855e+00
1.000000834465026855e+00
1.000000834465026855e+00
1.000000834465026855e+00
1.000000834465026855e+00
1.000000834465026855e+00
1.000000834465026855e+00
1.000000834465026855e+00
1.000000834465026855e+00
1.000000834465026855e+00
1.000000834465026855e+00
1.000000834465026855e+00
1.000000834465026855e+00
1.000000834465026855e+00
1.000000834465026855e+00
1.000000834465026855e+00
1.000000834465026855e+00
1.000000834465026855e+00
1.000000834465026855e+00
1.000000834465026855e+00
1.000000834465026855e+00
1.000000834465026855e+00
1.000000834465026855e+00
1.000000834465026855e+00
1.000000834465026855e+00
1.000000834465026855e+00
1.000000715255737305e+00
1.000000715255737305e+00
1.000000715255737305e+00
1.000000715255737305e+00
1.000000715255737305e+00
1.000000715255737305e+00
1.000000715255737305e+00
1.000000715255737305e+00
1.000000715255737305e+00
1.000000715255737305e+00
1.000000715255737305e+00
1.000000715255737305e+00
1.000000715255737305e+00
1.000000715255737305e+00
1.000000715255737305e+00
1.000000715255737305e+00
1.000000715255737305e+00
1.000000715255737305e+00
1.000000715255737305e+00
1.000000715255737305e+00
1.000000715255737305e+00
1.000000715255737305e+00
1.000000715255737305e+00
1.000000715255737305e+00
1.000000715255737305e+00
1.000000715255737305e+00
1.000000715255737305e+00
1.000000715255737305e+00
1.000000715255737305e+00
1.000000715255737305e+00
1.000000715255737305e+00
1.000000715255737305e+00
1.000000715255737305e+00
1.000000715255737305e+00
1.000000715255737305e+00
1.000000715255737305e+00
1.000000715255737305e+00
1.000000596046447754e+00
1.000000596046447754e+00
1.000000596046447754e+00
1.000000596046447754e+00
1.000000596046447754e+00
1.000000596046447754e+00
1.000000596046447754e+00
1.000000596046447754e+00
1.000000596046447754e+00
1.000000596046447754e+00
1.000000596046447754e+00
1.000000596046447754e+00
1.000000596046447754e+00
1.000000596046447754e+00
1.000000596046447754e+00
1.000000596046447754e+00
1.000000596046447754e+00
1.000000596046447754e+00
1.000000596046447754e+00
1.000000596046447754e+00
1.000000596046447754e+00
1.000000596046447754e+00
1.000000596046447754e+00
1.000000596046447754e+00
1.000000476837158203e+00
1.000000476837158203e+00
1.000000476837158203e+00
1.000000476837158203e+00
1.000000476837158203e+00
1.000000476837158203e+00
1.000000476837158203e+00
1.000000476837158203e+00
1.000000476837158203e+00
1.000000476837158203e+00
1.000000476837158203e+00
1.000000476837158203e+00
1.000000476837158203e+00
1.000000476837158203e+00
1.000000476837158203e+00
1.000000476837158203e+00
1.000000476837158203e+00
1.000000476837158203e+00
1.000000476837158203e+00
1.000000476837158203e+00
1.000000476837158203e+00
1.000000476837158203e+00
1.000000476837158203e+00
1.000000476837158203e+00
1.000000476837158203e+00
1.000000476837158203e+00
1.000000476837158203e+00
1.000000476837158203e+00
1.000000476837158203e+00
1.000000476837158203e+00
1.000000476837158203e+00
1.000000476837158203e+00
1.000000476837158203e+00
1.000000476837158203e+00
1.000000476837158203e+00
1.000000476837158203e+00
1.000000476837158203e+00
1.000000476837158203e+00
1.000000476837158203e+00
1.000000476837158203e+00
1.000000476837158203e+00
1.000000476837158203e+00
1.000000476837158203e+00
1.000000476837158203e+00
1.000000476837158203e+00
1.000000476837158203e+00
1.000000476837158203e+00
1.000000476837158203e+00
1.000000357627868652e+00
1.000000357627868652e+00
1.000000357627868652e+00
1.000000357627868652e+00
1.000000357627868652e+00
1.000000357627868652e+00
1.000000357627868652e+00
1.000000357627868652e+00
1.000000357627868652e+00
1.000000357627868652e+00
1.000000357627868652e+00
1.000000357627868652e+00
1.000000357627868652e+00
1.000000357627868652e+00
1.000000357627868652e+00
1.000000357627868652e+00
1.000000357627868652e+00
1.000000357627868652e+00
1.000000357627868652e+00
1.000000357627868652e+00
1.000000357627868652e+00
1.000000357627868652e+00
1.000000357627868652e+00
1.000000357627868652e+00
1.000000357627868652e+00
1.000000357627868652e+00
1.000000357627868652e+00
1.000000357627868652e+00
1.000000357627868652e+00
1.000000357627868652e+00
1.000000357627868652e+00
1.000000357627868652e+00
1.000000357627868652e+00
1.000000357627868652e+00
1.000000357627868652e+00
1.000000357627868652e+00
1.000000357627868652e+00
1.000000357627868652e+00
1.000000357627868652e+00
1.000000357627868652e+00
1.000000357627868652e+00
1.000000357627868652e+00
1.000000357627868652e+00
1.000000357627868652e+00
1.000000357627868652e+00
1.000000357627868652e+00
1.000000357627868652e+00
1.000000357627868652e+00
1.000000357627868652e+00
1.000000357627868652e+00
1.000000357627868652e+00
1.000000357627868652e+00
1.000000357627868652e+00
1.000000357627868652e+00
1.000000357627868652e+00
1.000000357627868652e+00
1.000000357627868652e+00
1.000000357627868652e+00
1.000000357627868652e+00
1.000000357627868652e+00
1.000000357627868652e+00
1.000000357627868652e+00
1.000000357627868652e+00
1.000000357627868652e+00
1.000000357627868652e+00
1.000000357627868652e+00
1.000000357627868652e+00
1.000000357627868652e+00
1.000000357627868652e+00
1.000000357627868652e+00
1.000000357627868652e+00
1.000000357627868652e+00
1.000000357627868652e+00
1.000000357627868652e+00
1.000000357627868652e+00
1.000000357627868652e+00
1.000000357627868652e+00
1.000000357627868652e+00
1.000000238418579102e+00
1.000000238418579102e+00
1.000000238418579102e+00
1.000000238418579102e+00
1.000000238418579102e+00
1.000000238418579102e+00
1.000000238418579102e+00
1.000000238418579102e+00
1.000000238418579102e+00
1.000000238418579102e+00
1.000000238418579102e+00
1.000000238418579102e+00
1.000000238418579102e+00
1.000000238418579102e+00
1.000000238418579102e+00
1.000000238418579102e+00
1.000000238418579102e+00
1.000000238418579102e+00
1.000000238418579102e+00
1.000000238418579102e+00
1.000000238418579102e+00
1.000000238418579102e+00
1.000000238418579102e+00
1.000000238418579102e+00
1.000000238418579102e+00
1.000000238418579102e+00
1.000000238418579102e+00
1.000000238418579102e+00
1.000000238418579102e+00
1.000000238418579102e+00
1.000000238418579102e+00
1.000000238418579102e+00
1.000000238418579102e+00
1.000000238418579102e+00
1.000000238418579102e+00
1.000000238418579102e+00
1.000000238418579102e+00
1.000000238418579102e+00
1.000000238418579102e+00
1.000000238418579102e+00
1.000000238418579102e+00
1.000000238418579102e+00
1.000000238418579102e+00
1.000000238418579102e+00
1.000000238418579102e+00
1.000000238418579102e+00
1.000000238418579102e+00
1.000000238418579102e+00
1.000000238418579102e+00
1.000000238418579102e+00
1.000000238418579102e+00
1.000000238418579102e+00
1.000000238418579102e+00
1.000000238418579102e+00
1.000000238418579102e+00
1.000000238418579102e+00
1.000000238418579102e+00
1.000000238418579102e+00
1.000000238418579102e+00
1.000000238418579102e+00
1.000000238418579102e+00
1.000000238418579102e+00
1.000000238418579102e+00
1.000000238418579102e+00
1.000000238418579102e+00
1.000000238418579102e+00
1.000000238418579102e+00
1.000000238418579102e+00
1.000000238418579102e+00
1.000000238418579102e+00
1.000000238418579102e+00
1.000000238418579102e+00
1.000000238418579102e+00
1.000000238418579102e+00
1.000000238418579102e+00
1.000000238418579102e+00
1.000000238418579102e+00
1.000000238418579102e+00
1.000000238418579102e+00
1.000000238418579102e+00
1.000000238418579102e+00
1.000000238418579102e+00
1.000000238418579102e+00
1.000000238418579102e+00
1.000000238418579102e+00
1.000000238418579102e+00
1.000000238418579102e+00
1.000000238418579102e+00
1.000000238418579102e+00
1.000000238418579102e+00
1.000000238418579102e+00
1.000000238418579102e+00
1.000000238418579102e+00
1.000000238418579102e+00
1.000000238418579102e+00
1.000000238418579102e+00
1.000000238418579102e+00
1.000000119209289551e+00
1.000000119209289551e+00
1.000000119209289551e+00
1.000000119209289551e+00
1.000000119209289551e+00
1.000000119209289551e+00
1.000000119209289551e+00
1.000000119209289551e+00
1.000000119209289551e+00
1.000000119209289551e+00
1.000000119209289551e+00
1.000000119209289551e+00
1.000000119209289551e+00
1.000000119209289551e+00
1.000000119209289551e+00
1.000000119209289551e+00
1.000000119209289551e+00
1.000000119209289551e+00
1.000000119209289551e+00
1.000000119209289551e+00
1.000000119209289551e+00
1.000000119209289551e+00
1.000000119209289551e+00
1.000000119209289551e+00
1.000000119209289551e+00
1.000000119209289551e+00
1.000000119209289551e+00
1.000000119209289551e+00
1.000000119209289551e+00
1.000000119209289551e+00
1.000000119209289551e+00
1.000000119209289551e+00
1.000000119209289551e+00
1.000000119209289551e+00
1.000000119209289551e+00
1.000000119209289551e+00
1.000000119209289551e+00
1.000000119209289551e+00
1.000000119209289551e+00
1.000000119209289551e+00
1.000000119209289551e+00
1.000000119209289551e+00
1.000000119209289551e+00
1.000000119209289551e+00
1.000000119209289551e+00
1.000000119209289551e+00
1.000000119209289551e+00
1.000000119209289551e+00
1.000000119209289551e+00
1.000000119209289551e+00
1.000000119209289551e+00
1.000000119209289551e+00
1.000000119209289551e+00
1.000000119209289551e+00
1.000000119209289551e+00
1.000000119209289551e+00
1.000000119209289551e+00
1.000000119209289551e+00
1.000000119209289551e+00
1.000000119209289551e+00
1.000000119209289551e+00
1.000000119209289551e+00
1.000000119209289551e+00
1.000000119209289551e+00
1.000000119209289551e+00
1.000000119209289551e+00
1.000000119209289551e+00
1.000000119209289551e+00
1.000000119209289551e+00
1.000000119209289551e+00
1.000000119209289551e+00
1.000000119209289551e+00
1.000000119209289551e+00
1.000000119209289551e+00
1.000000119209289551e+00
1.000000119209289551e+00
1.000000119209289551e+00
1.000000119209289551e+00
1.000000119209289551e+00
1.000000119209289551e+00
1.000000119209289551e+00
1.000000119209289551e+00
1.000000119209289551e+00
1.000000119209289551e+00
1.000000119209289551e+00
1.000000119209289551e+00
1.000000119209289551e+00
1.000000119209289551e+00
1.000000119209289551e+00
1.000000119209289551e+00
1.000000119209289551e+00
1.000000119209289551e+00
1.000000119209289551e+00
1.000000119209289551e+00
1.000000119209289551e+00
1.000000119209289551e+00
1.000000119209289551e+00
1.000000119209289551e+00
1.000000119209289551e+00
1.000000119209289551e+00
1.000000119209289551e+00
1.000000119209289551e+00
1.000000119209289551e+00
1.000000119209289551e+00
1.000000119209289551e+00
1.000000119209289551e+00
1.000000119209289551e+00
1.000000119209289551e+00
1.000000119209289551e+00
1.000000119209289551e+00
1.000000119209289551e+00
1.000000119209289551e+00
1.000000119209289551e+00
1.000000119209289551e+00
1.000000119209289551e+00
1.000000119209289551e+00
1.000000119209289551e+00
1.000000119209289551e+00
1.000000119209289551e+00
1.000000119209289551e+00
1.000000119209289551e+00
1.000000119209289551e+00
1.000000119209289551e+00
1.000000119209289551e+00
1.000000119209289551e+00
1.000000119209289551e+00
1.000000119209289551e+00
1.000000119209289551e+00
1.000000119209289551e+00
1.000000119209289551e+00
1.000000119209289551e+00
1.000000119209289551e+00
1.000000119209289551e+00
1.000000119209289551e+00
1.000000119209289551e+00
1.000000119209289551e+00
1.000000119209289551e+00
1.000000119209289551e+00
1.000000119209289551e+00
1.000000119209289551e+00
1.000000119209289551e+00
1.000000119209289551e+00
1.000000119209289551e+00
1.000000119209289551e+00
1.000000119209289551e+00
1.000000119209289551e+00
1.000000119209289551e+00
1.000000119209289551e+00
1.000000119209289551e+00
1.000000119209289551e+00
1.000000119209289551e+00
1.000000119209289551e+00
1.000000119209289551e+00
1.000000119209289551e+00
1.000000119209289551e+00
1.000000119209289551e+00
1.000000119209289551e+00
1.000000119209289551e+00
1.000000119209289551e+00
1.000000119209289551e+00
1.000000119209289551e+00
1.000000119209289551e+00
1.000000119209289551e+00
1.000000119209289551e+00
1.000000119209289551e+00
1.000000119209289551e+00
1.000000119209289551e+00
1.000000119209289551e+00
1.000000119209289551e+00
1.000000119209289551e+00
1.000000119209289551e+00
1.000000119209289551e+00
1.000000119209289551e+00
1.000000119209289551e+00
1.000000119209289551e+00
1.000000119209289551e+00
1.000000119209289551e+00
1.000000119209289551e+00
1.000000119209289551e+00
1.000000119209289551e+00
1.000000119209289551e+00
1.000000119209289551e+00
1.000000119209289551e+00
1.000000119209289551e+00
1.000000119209289551e+00
1.000000119209289551e+00
1.000000119209289551e+00
1.000000119209289551e+00
1.000000119209289551e+00
1.000000119209289551e+00
1.000000119209289551e+00
1.000000119209289551e+00
1.000000119209289551e+00
1.000000119209289551e+00
1.000000119209289551e+00
1.000000119209289551e+00
1.000000119209289551e+00
1.000000119209289551e+00
1.000000119209289551e+00
1.000000119209289551e+00
1.000000119209289551e+00
1.000000119209289551e+00
1.000000119209289551e+00
1.000000119209289551e+00
1.000000119209289551e+00
1.000000119209289551e+00
1.000000119209289551e+00
1.000000119209289551e+00
1.000000119209289551e+00
1.000000000000000000e+00
1.000000000000000000e+00
1.000000000000000000e+00
1.000000000000000000e+00
1.000000000000000000e+00
1.000000000000000000e+00
1.000000000000000000e+00
1.000000000000000000e+00
1.000000000000000000e+00
1.000000000000000000e+00
1.000000000000000000e+00
1.000000000000000000e+00
1.000000000000000000e+00
1.000000000000000000e+00
1.000000000000000000e+00
1.000000000000000000e+00
1.000000000000000000e+00
1.000000000000000000e+00
1.000000000000000000e+00
1.000000000000000000e+00
1.000000000000000000e+00
1.000000000000000000e+00
1.000000000000000000e+00
1.000000000000000000e+00
1.000000000000000000e+00
1.000000000000000000e+00
1.000000000000000000e+00
1.000000000000000000e+00
1.000000000000000000e+00
1.000000000000000000e+00
1.000000000000000000e+00
1.000000000000000000e+00
1.000000000000000000e+00
1.000000000000000000e+00
1.000000000000000000e+00
1.000000000000000000e+00
1.000000000000000000e+00
1.000000000000000000e+00
1.000000000000000000e+00
1.000000000000000000e+00
1.000000000000000000e+00
1.000000000000000000e+00
1.000000000000000000e+00
1.000000000000000000e+00
1.000000000000000000e+00
1.000000000000000000e+00
1.000000000000000000e+00
1.000000000000000000e+00
1.000000000000000000e+00
1.000000000000000000e+00
1.000000000000000000e+00
1.000000000000000000e+00
1.000000000000000000e+00
1.000000000000000000e+00
1.000000000000000000e+00
1.000000000000000000e+00
1.000000000000000000e+00
1.000000000000000000e+00
1.000000000000000000e+00
1.000000000000000000e+00
1.000000000000000000e+00
1.000000000000000000e+00
1.000000000000000000e+00
1.000000000000000000e+00
1.000000000000000000e+00
1.000000000000000000e+00
1.000000000000000000e+00
1.000000000000000000e+00
1.000000000000000000e+00
1.000000000000000000e+00
1.000000000000000000e+00
1.000000000000000000e+00
1.000000000000000000e+00
1.000000000000000000e+00
1.000000000000000000e+00
1.000000000000000000e+00
1.000000000000000000e+00
1.000000000000000000e+00
1.000000000000000000e+00
1.000000000000000000e+00
1.000000000000000000e+00
1.000000000000000000e+00
1.000000000000000000e+00
