8.944492583395913243e-05
8.849573350744321942e-05
8.757195610087364912e-05
8.666903886478394270e-05
8.580961002735421062e-05
8.496903319610282779e-05
8.419394725933670998e-05
8.345369860762730241e-05
8.277868619188666344e-05
8.215571870096027851e-05
8.158299897331744432e-05
8.108522160910069942e-05
8.063629502430558205e-05
8.025173883652314544e-05
7.991705933818593621e-05
7.965274562593549490e-05
7.943600940052419901e-05
7.925981481093913317e-05
7.913082663435488939e-05
7.904155063442885876e-05
7.898049079813063145e-05
7.894235022831708193e-05
7.892977737355977297e-05
7.892004941822960973e-05
7.892303983680903912e-05
7.891917630331590772e-05
7.890963752288371325e-05
7.888440450187772512e-05
7.884081423981115222e-05
7.876925519667565823e-05
7.867495878599584103e-05
7.853614079067483544e-05
7.837190787540748715e-05
7.815941353328526020e-05
7.790593372192233801e-05
7.761109009152278304e-05
7.727061165496706963e-05
7.688713958486914635e-05
7.645558071089908481e-05
7.598212687298655510e-05
7.546253618784248829e-05
7.491331780329346657e-05
7.431044650729745626e-05
7.369543891400098801e-05
7.304680912056937814e-05
7.235899101942777634e-05
7.167055446188896894e-05
7.094709144439548254e-05
7.023298530839383602e-05
6.949469388928264380e-05
6.877718260511755943e-05
6.805863085901364684e-05
6.734696216881275177e-05
6.666038825642317533e-05
6.598426989512518048e-05
6.535227294079959393e-05
6.473822577390819788e-05
6.417135591618716717e-05
6.364587170537561178e-05
6.315598147921264172e-05
6.271814345382153988e-05
6.231688166735693812e-05
6.196720642037689686e-05
6.166371167637407780e-05
6.140860932646319270e-05
6.119321915321052074e-05
6.101252074586227536e-05
6.087980000302195549e-05
6.077504440327174962e-05
6.069807932362891734e-05
6.064850094844587147e-05
6.062065222067758441e-05
6.060176383471116424e-05
6.059975930838845670e-05
6.059807856217958033e-05
6.059679071768186986e-05
6.059091174392960966e-05
6.057309656171128154e-05
6.054267214494757354e-05
6.049395960872061551e-05
6.041936649126000702e-05
6.032545570633374155e-05
6.019507418386638165e-05
6.004320312058553100e-05
5.985303141642361879e-05
5.962972500128671527e-05
5.937972673564217985e-05
5.908511593588627875e-05
5.876117211300879717e-05
5.840196899953298271e-05
5.801227962365373969e-05
5.758672341471537948e-05
5.714216604246757925e-05
5.666785000357776880e-05
5.616645648842677474e-05
5.565307219512760639e-05
5.511099152499809861e-05
5.457322913571260870e-05
5.400982627179473639e-05
5.345940735423937440e-05
5.290228364174254239e-05
5.234543641563504934e-05
5.180229345569387078e-05
5.126454198034480214e-05
5.075385706732049584e-05
5.025131395086646080e-05
4.978505239705555141e-05
4.934723619953729212e-05
4.893129516858607531e-05
4.855359657085500658e-05
4.820283720619045198e-05
4.789814556716009974e-05
4.762203388963826001e-05
4.738439747598022223e-05
4.717891351901926100e-05
4.700822319136932492e-05
4.687123146140947938e-05
4.675885065807960927e-05
4.667307075578719378e-05
4.661412822315469384e-05
4.657355020754039288e-05
4.654555232264101505e-05
4.653531505027785897e-05
4.652951975003816187e-05
4.652855204767547548e-05
4.652920688386075199e-05
4.652333518606610596e-05
4.651422204915434122e-05
4.649151742341928184e-05
4.645661829272285104e-05
4.640502447728067636e-05
4.633187927538529038e-05
4.624203211278654635e-05
4.612262637238018215e-05
4.598545274347998202e-05
4.582171823130920529e-05
4.562445610645227134e-05
4.541091402643360198e-05
4.516302215051837265e-05
4.489234561333432794e-05
4.459581032278947532e-05
4.427759631653316319e-05
4.393820927361957729e-05
4.357438956503756344e-05
4.319567960919812322e-05
4.279761924408376217e-05
4.239375266479328275e-05
4.196959343971684575e-05
4.155089482082985342e-05
4.112314491067081690e-05
4.069246278959326446e-05
4.026795431855134666e-05
3.984442446380853653e-05
3.943702176911756396e-05
3.903179094777442515e-05
3.865433245664462447e-05
3.829227352980524302e-05
3.794445001403801143e-05
3.762520282180048525e-05
3.732818731805309653e-05
3.706159259309060872e-05
3.681606176542118192e-05
3.660075526568107307e-05
3.641571311163716018e-05
3.625335739343427122e-05
3.611860302044078708e-05
3.600472700782120228e-05
3.591797940316610038e-05
3.585034937714226544e-05
3.580028351279906929e-05
3.576574454200454056e-05
3.574570655473507941e-05
3.573314825189299881e-05
3.572857895051129162e-05
3.572845525923185050e-05
3.572625792003236711e-05
3.572592322598211467e-05
3.571651177480816841e-05
3.570313128875568509e-05
3.567657768144272268e-05
3.563955397112295032e-05
3.558766911737620831e-05
3.551777990651316941e-05
3.543413549778051674e-05
3.532926712068729103e-05
3.520477548590861261e-05
3.506247958284802735e-05
3.489389564492739737e-05
3.471273157629184425e-05
3.450569056440144777e-05
3.428155105211772025e-05
3.404322342248633504e-05
3.378028486622497439e-05
3.350632687215693295e-05
3.321530311950482428e-05
3.291503162472508848e-05
3.260033190599642694e-05
3.228407149435952306e-05
3.196008037775754929e-05
3.162943903589621186e-05
3.130144978058524430e-05
3.097105218330398202e-05
3.064994962187483907e-05
3.032863241969607770e-05
3.002481389557942748e-05
2.972987749672029167e-05
2.944366679002996534e-05
2.918001337093301117e-05
2.892886368499603122e-05
2.870004391297698021e-05
2.848628355422988534e-05
2.829903678502887487e-05
2.813244282151572406e-05
2.798280002025421709e-05
2.785528886306565255e-05
2.774699714791495353e-05
2.766060788417235017e-05
2.758914706646464765e-05
2.753352237050421536e-05
2.749462146311998367e-05
2.746681821008678526e-05
2.744777702901046723e-05
2.743862205534242094e-05
2.743480217759497464e-05
2.743219920375850052e-05
2.743393997661769390e-05
2.743047662079334259e-05
2.742760807450395077e-05
2.741513526416383684e-05
2.739906267379410565e-05
2.737072463787626475e-05
2.733341170824132860e-05
2.728342224145308137e-05
2.721953387663234025e-05
2.714256152103189379e-05
2.704980761336628348e-05
2.694101567612960935e-05
2.681903242773842067e-05
2.667670923983678222e-05
2.652457442309241742e-05
2.635667624417692423e-05
2.616905840113759041e-05
2.597532147774472833e-05
2.576334190962370485e-05
2.554378806962631643e-05
2.531231984903570265e-05
2.507562385289929807e-05
2.483329626556951553e-05
2.458191011101007462e-05
2.433148802083451301e-05
2.407619467703625560e-05
2.382613092777319252e-05
2.357383164053317159e-05
2.333235897822305560e-05
2.309529008925892413e-05
2.286454400746151805e-05
2.264772228954825550e-05
2.243834387627430260e-05
2.224519266746938229e-05
2.206481440225616097e-05
2.190273698943201452e-05
2.175532608816865832e-05
2.162081909773405641e-05
2.150552609236910939e-05
2.140483047696761787e-05
2.132070767402183264e-05
2.124910497514065355e-05
2.119279270118568093e-05
2.115010647685267031e-05
2.111681897076778114e-05
2.109266097249928862e-05
2.107892942149192095e-05
2.107044201693497598e-05
2.106551073666196316e-05
2.106568899762351066e-05
2.106425199599470943e-05
2.106470310536678880e-05
2.106050669681280851e-05
2.105414932884741575e-05
2.104021768900565803e-05
2.102166581607889384e-05
2.099299490510020405e-05
2.095729360007680953e-05
2.090980888169724494e-05
2.085159758280497044e-05
2.078293618978932500e-05
2.070203117909841239e-05
2.060809492832049727e-05
2.050463444902561605e-05
2.038799357251264155e-05
2.025884532486088574e-05
2.012090408243238926e-05
1.996820901695173234e-05
1.981136301765218377e-05
1.964142211363650858e-05
1.946656266227364540e-05
1.928704477904830128e-05
1.909771344799082726e-05
1.890876592369750142e-05
1.871335189207457006e-05
1.852084278652910143e-05
1.832461020967457443e-05
1.813498238334432244e-05
1.794699164747726172e-05
1.776263343344908208e-05
1.758676080498844385e-05
1.741462983773089945e-05
1.725608126434963197e-05
1.710439028101973236e-05
1.696596336842048913e-05
1.683817754383198917e-05
1.672102553129661828e-05
1.661885835346765816e-05
1.652669379836879671e-05
1.644770964048802853e-05
1.637929017306305468e-05
1.632494058867450804e-05
1.628034442546777427e-05
1.624407559575047344e-05
1.621778937987983227e-05
1.619935392227489501e-05
1.618669921299442649e-05
1.617906673345714808e-05
1.617637826711870730e-05
1.617428824829403311e-05
1.617511225049383938e-05
1.617425004951655865e-05
1.617251473362557590e-05
1.616728332010097802e-05
1.615857217984739691e-05
1.614384927961509675e-05
1.612472624401561916e-05
1.609648279554676265e-05
1.606276236998382956e-05
1.601941585249733180e-05
1.596740003151353449e-05
1.590717329236213118e-05
1.583757511980365962e-05
1.575891656102612615e-05
1.567065919516608119e-05
1.557380528538487852e-05
1.546726525702979416e-05
1.535486990178469568e-05
1.523148330306867138e-05
1.510536912974203005e-05
1.497259199823020026e-05
1.483156029280507937e-05
1.469057679059915245e-05
1.454244647902669385e-05
1.439601055608363822e-05
1.424482707079732791e-05
1.409768083249218762e-05
1.395051731378771365e-05
1.380456433253129944e-05
1.366373817290877923e-05
1.352525941911153495e-05
1.339560822088969871e-05
1.326966685155639425e-05
1.315334884566254914e-05
1.304572106164414436e-05
1.294518460781546310e-05
1.285530925088096410e-05
1.277293631574138999e-05
1.270132906938670203e-05
1.263898957404308021e-05
1.258656993741169572e-05
1.254228936886647716e-05
1.250532659469172359e-05
1.247800537385046482e-05
1.245643034053500742e-05
1.244055238203145564e-05
1.243048518517753109e-05
1.242469170392723754e-05
1.242074267793213949e-05
1.242044527316465974e-05
1.242003963852766901e-05
1.241989775735419244e-05
1.241864720213925466e-05
1.241512563865398988e-05
1.240885558217996731e-05
1.239899938809685409e-05
1.238369350176071748e-05
1.236457774211885408e-05
1.233799230249132961e-05
1.230684847541851923e-05
1.226801396114751697e-05
1.222222726937616244e-05
1.217112367157824337e-05
1.211087874253280461e-05
1.204446652991464362e-05
1.197098663396900520e-05
1.189123759104404598e-05
1.180400158773409203e-05
1.171300300484290347e-05
1.161590080300811678e-05
1.151310971181374043e-05
1.140797030529938638e-05
1.129685551859438419e-05
1.118670752475736663e-05
1.107132629840634763e-05
1.095846164389513433e-05
1.084434916265308857e-05
1.073016210284549743e-05
1.061876901076175272e-05
1.050861737894592807e-05
1.040386632666923106e-05
1.030078874464379624e-05
1.020526178763248026e-05
1.011545282381121069e-05
1.003010129352333024e-05
9.952582331607118249e-06
9.880730431177653372e-06
9.818170838116202503e-06
9.761472938407678157e-06
9.712649443827103823e-06
9.670486178947612643e-06
9.635474270908161998e-06
9.607287211110815406e-06
9.584152394381817430e-06
9.566609151079319417e-06
9.554437383485492319e-06
9.546030014462303370e-06
9.540338396618608385e-06
9.538166523270774633e-06
9.536903235130012035e-06
9.536771358398254961e-06
9.536842298984993249e-06
9.535712706565391272e-06
9.533791853755246848e-06
9.529212547931820154e-06
9.522022082819603384e-06
9.511528332950547338e-06
9.496506208961363882e-06
9.478176252741832286e-06
9.453794518776703626e-06
9.425649295735638589e-06
9.392180800205096602e-06
9.351789231004659086e-06
9.308050721301697195e-06
9.257337296730838716e-06
9.201831744576338679e-06
9.141150258074048907e-06
9.076009519048966467e-06
9.006417712953407317e-06
8.931932825362309813e-06
8.854375664668623358e-06
8.772768524067942053e-06
8.690042704984080046e-06
8.603071364632342011e-06
8.517315109202172607e-06
8.429670742771122605e-06
8.341380635101813823e-06
8.254318345279898494e-06
8.167562555172480643e-06
8.083998181973583996e-06
8.000985872058663517e-06
7.923552402644418180e-06
7.849280336813535541e-06
7.777925929985940456e-06
7.712528713454958051e-06
7.651574378542136401e-06
7.596853265567915514e-06
7.546452252427116036e-06
7.502236258005723357e-06
7.464341706509003416e-06
7.430987352563533932e-06
7.403288236673688516e-06
7.379874205071246251e-06
7.362129053944954649e-06
7.348201052082004026e-06
7.337871920753968880e-06
7.330833796004299074e-06
7.326672857743687928e-06
7.324044418055564165e-06
7.323162662942195311e-06
7.323092177102807909e-06
7.322702003875747323e-06
7.322596957237692550e-06
7.320729309867601842e-06
7.317963081732159480e-06
7.312587513297330588e-06
7.304982318601105362e-06
7.294418992387363687e-06
7.280082172655966133e-06
7.263013230840442702e-06
7.241595085361041129e-06
7.216071026050485671e-06
7.186984475993085653e-06
7.152511898311786354e-06
7.115368134691379964e-06
7.073016149661270902e-06
7.027059837128035724e-06
6.978284545766655356e-06
6.924465196789242327e-06
6.868294804007746279e-06
6.808715170336654410e-06
6.747216502844821662e-06
6.682700586679857224e-06
6.617927283514291048e-06
6.551490059791831300e-06
6.483774086518678814e-06
6.416510586859658360e-06
6.348837359837489203e-06
6.282979029492707923e-06
6.217160716914804652e-06
6.154838047223165631e-06
6.094333002693019807e-06
6.035700607753824443e-06
5.981607500871177763e-06
5.930080078542232513e-06
5.883115136384731159e-06
5.839239747729152441e-06
5.800883172923931852e-06
5.766670255979988724e-06
5.735929335060063750e-06
5.709724518965231255e-06
5.687555130862165242e-06
5.669780875905416906e-06
5.655070253851590678e-06
5.643605163641041145e-06
5.635658453684300184e-06
5.629904990200884640e-06
5.625946414511417970e-06
5.624106051982380450e-06
5.623273409582907334e-06
5.622780463454546407e-06
5.623094239126658067e-06
5.622410753858275712e-06
5.621804575639544055e-06
5.619293006020598114e-06
5.615971986117074266e-06
5.610213065665448084e-06
5.602543296845396981e-06
5.592350134975276887e-06
5.579232947638956830e-06
5.563515514950267971e-06
5.544561190617969260e-06
5.522247647604672238e-06
5.497303391166497022e-06
5.468194103741552681e-06
5.436991159513127059e-06
5.402635906648356467e-06
5.364213848224608228e-06
5.324508038029307500e-06
5.281113772070966661e-06
5.236088782112346962e-06
5.188698651181766763e-06
5.140215307619655505e-06
5.090520971862133592e-06
5.039038114773575217e-06
4.987679858459159732e-06
4.935393008054234087e-06
4.884103873337153345e-06
4.832425474887713790e-06
4.782893029187107459e-06
4.734260073746554554e-06
4.686994088842766359e-06
4.642508883989648893e-06
4.599557996698422357e-06
4.559919489111052826e-06
4.522973540588282049e-06
4.489702860155375674e-06
4.459437150217127055e-06
4.431816250871634111e-06
4.408208496897714213e-06
4.387518401927081868e-06
4.370224360172869638e-06
4.355500550445867702e-06
4.343981345300562680e-06
4.335184257797664031e-06
4.328319846536032856e-06
4.323394023231230676e-06
4.320542757341172546e-06
4.318764695199206471e-06
4.317788352636853233e-06
4.317792445363011211e-06
4.317467301007127389e-06
4.317600541980937123e-06
4.316714694141410291e-06
4.315455498726805672e-06
4.312579221732448786e-06
4.308823463361477479e-06
4.302990873839007691e-06
4.295658072805963457e-06
4.285975592210888863e-06
4.274031198292504996e-06
4.260009973222622648e-06
4.243475814291741699e-06
4.224214080750243738e-06
4.203056505502900109e-06
4.179199095233343542e-06
4.152719156991224736e-06
4.124491624679649249e-06
4.093240477232029662e-06
4.061078470840584487e-06
4.026290753245120868e-06
3.990432105638319626e-06
3.953669875045306981e-06
3.914898570656077936e-06
3.876150458381744102e-06
3.836131782009033486e-06
3.796649934884044342e-06
3.756459364012698643e-06
3.717563913596677594e-06
3.679056817418313585e-06
3.641239800344919786e-06
3.605157644415157847e-06
3.569855607565841638e-06
3.537364818839705549e-06
3.506245548123843037e-06
3.477831342024728656e-06
3.451598331594141200e-06
3.427605179240345024e-06
3.406621999602066353e-06
3.387688593647908419e-06
3.371455704836989753e-06
3.357450623298063874e-06
3.346268385939765722e-06
3.337085217935964465e-06
3.329613036839873530e-06
3.324243380120606162e-06
3.320430096209747717e-06
3.317800064905895852e-06
3.316259153507417068e-06
3.315676167403580621e-06
3.315217327326536179e-06
3.315414460303145461e-06
3.315210960863623768e-06
3.314886271255090833e-06
3.313791012260480784e-06
3.312038870717515238e-06
3.309001613160944544e-06
3.305024165456416085e-06
3.299361878816853277e-06
3.292435167168150656e-06
3.283588057456654496e-06
3.272912636020919308e-06
3.260607854826957919e-06
3.246378582844045013e-06
3.229953108530025929e-06
3.212192268620128743e-06
3.192377334926277399e-06
3.170529453200288117e-06
3.147525603708345443e-06
3.122270300082163885e-06
3.096405407632119022e-06
3.068671276196255349e-06
3.040299361600773409e-06
3.011423586940509267e-06
2.981090119646978565e-06
2.951056103484006599e-06
2.920094402725226246e-06
2.889912593673216179e-06
2.859160531443194486e-06
2.829831828421447426e-06
2.800940819724928588e-06
2.772576863208087161e-06
2.745974370554904453e-06
2.720140173551044427e-06
2.696267301871557720e-06
2.673784820217406377e-06
2.653586307133082300e-06
2.635132659634109586e-06
2.618218331917887554e-06
2.603555003588553518e-06
2.590745452835108154e-06
2.579968622740125284e-06
2.570728838691138662e-06
2.563300995461759157e-06
2.557670541136758402e-06
2.553221065682009794e-06
2.549938699303311296e-06
2.547895292082102969e-06
2.546682708270964213e-06
2.545880306570325047e-06
2.545811867094016634e-06
2.545707957324339077e-06
2.545703864598181099e-06
2.545430106692947447e-06
2.544735025367117487e-06
2.543435357438283972e-06
2.541382627896382473e-06
2.538294211262837052e-06
2.534404529797029682e-06
2.528985760363866575e-06
2.522592694731429219e-06
2.514664856789750047e-06
2.505278416720102541e-06
2.494618456694297493e-06
2.482510581103269942e-06
2.468889761075843126e-06
2.453861952744773589e-06
2.437543798805563711e-06
2.419656084384769201e-06
2.401030769760836847e-06
2.380737896601203829e-06
2.360075313845300116e-06
2.338544391022878699e-06
2.315773144800914451e-06
2.293202896908042021e-06
2.269575816171709448e-06
2.246426902274833992e-06
2.222581770183751360e-06
2.199635446231695823e-06
2.176784391849651001e-06
2.154223693651147187e-06
2.132732106474577449e-06
2.111586354658356868e-06
2.092016529786633328e-06
2.073237965305452235e-06
2.056072844425216317e-06
2.040158506133593619e-06
2.025443791353609413e-06
2.012595359701663256e-06
2.000949507419136353e-06
1.990914142879773863e-06
1.982115236387471668e-06
1.975081659111310728e-06
1.969278400792973116e-06
1.964512421182007529e-06
1.960928557309671305e-06
1.958411985469865613e-06
1.956665983016137034e-06
1.955470679604331963e-06
1.955049356183735654e-06
1.954771050804993138e-06
1.954761728484299965e-06
1.954759227373870090e-06
1.954546860361006111e-06
1.954138497239910066e-06
1.953180117197916843e-06
1.951734020622097887e-06
1.949603529283194803e-06
1.946515112649649382e-06
1.942779817909467965e-06
1.937805336638120934e-06
1.932027544171432965e-06
1.925041715367115103e-06
1.916935389090212993e-06
1.907962314362521283e-06
1.897591459965042304e-06
1.886205950540897902e-06
1.873793053164263256e-06
1.860462020886188839e-06
1.845927386057155672e-06
1.830943006098095793e-06
1.815062660170951858e-06
1.798329662960895803e-06
1.781386458787892479e-06
1.763550812938774470e-06
1.745988924994890112e-06
1.727678068164095748e-06
1.709931211735238321e-06
1.692071805337036494e-06
1.674303803156362846e-06
1.657160055401618592e-06
1.640157847759837750e-06
1.624269316380377859e-06
1.608752199899754487e-06
1.594389118508843239e-06
1.580995331096346490e-06
1.568482957736705430e-06
1.557247287564678118e-06
1.546898147353203967e-06
1.537820480734808370e-06
1.529902533548010979e-06
1.523200694464321714e-06
1.517503278591902927e-06
1.512685571469774004e-06
1.509058506599103566e-06
1.506186549704580102e-06
1.504051738265843596e-06
1.502581653767265379e-06
1.501752763033437077e-06
1.501198880760057364e-06
1.501032102169119753e-06
1.501004476267553400e-06
1.500939561083214357e-06
1.500906591900275089e-06
1.500512553320731968e-06
1.499963332207698841e-06
1.498877509220619686e-06
1.497311586717842147e-06
1.495163587605929933e-06
1.492218984822102357e-06
1.488738234911579639e-06
1.484260906181589235e-06
1.479129650761024095e-06
1.473186557632288896e-06
1.466139792682952248e-06
1.458520955566200428e-06
1.449860292268567719e-06
1.440437813471362460e-06
1.430259203516470734e-06
1.419440536665206309e-06
1.407920649398874957e-06
1.395725462316477206e-06
1.383131234433676582e-06
1.369902975056902505e-06
1.356637881144706625e-06
1.342765926892752759e-06
1.329145220552163664e-06
1.315348299613106064e-06
1.301489305660652462e-06
1.287979102926328778e-06
1.274499027204001322e-06
1.261712327504938003e-06
1.249078309228934813e-06
1.237288529409852345e-06
1.226188715008902363e-06
1.215614929606090300e-06
1.205973376272595488e-06
1.196965854433074128e-06
1.189110889754374512e-06
1.181953507511934731e-06
1.175765760308422614e-06
1.170378482129308395e-06
1.165842377304215916e-06
1.162183480118983425e-06
1.159153612206864636e-06
1.156788812295417301e-06
1.155132508756651077e-06
1.153975745182833634e-06
1.153151174548838753e-06
1.152783852376160212e-06
1.152601385001617018e-06
1.152511003965628333e-06
1.152565005213546101e-06
1.152417212324508000e-06
1.152303070739435498e-06
1.151799665422004182e-06
1.151112087427463848e-06
1.149943841483036522e-06
1.148365981862298213e-06
1.146289719144988339e-06
1.143553163274191320e-06
1.140387894338346086e-06
1.136516630140249617e-06
1.131938688558875583e-06
1.126839833887061104e-06
1.120888214245496783e-06
1.114486963160743471e-06
1.107314460568886716e-06
1.099597511711181141e-06
1.091453555090993177e-06
1.082572225641342811e-06
1.073337443813215941e-06
1.063636659637268167e-06
1.053706569109635893e-06
1.043325823957275134e-06
1.032972591019643005e-06
1.022438254949520342e-06
1.011730887512385380e-06
1.001209739115438424e-06
9.906260629577445798e-07
9.804641649679979309e-07
9.703123851068085060e-07
9.608054369891760871e-07
9.516770660411566496e-07
9.428653697796107735e-07
9.347428431283333339e-07
9.271633416574331932e-07
9.203321269524167292e-07
9.140098882198799402e-07
9.084430985240032896e-07
9.036104984261328354e-07
8.993577580440614838e-07
8.958009516391030047e-07
8.927718226914294064e-07
8.904167430046072695e-07
8.885699571692384779e-07
8.871851377989514731e-07
8.861820788297336549e-07
8.855886335368268192e-07
8.852148312143981457e-07
8.850229278323240578e-07
8.850155381878721528e-07
8.849540336086647585e-07
8.849779646880051587e-07
8.847896992847381625e-07
8.845417482916673180e-07
8.839480187816661783e-07
8.831873401504708454e-07
8.820018138067098334e-07
8.804667572803737130e-07
8.785209502093493938e-07
8.760686682762752753e-07
8.732064884497958701e-07
8.698284545971546322e-07
8.658774959258153103e-07
8.615518822807644028e-07
8.565662028559017926e-07
8.512424187756550964e-07
8.454670137325592805e-07
8.390720722672995180e-07
8.324757914124347735e-07
8.253556416093488224e-07
8.180007853297865950e-07
8.103282311822113115e-07
8.025343163353682030e-07
7.945869811010197736e-07
7.863925475248834118e-07
7.782940087963652331e-07
7.700635364926711190e-07
7.620845394740172196e-07
7.540385809079452883e-07
7.464395821443758905e-07
7.390359542114310898e-07
7.318056987060117535e-07
7.251378519868012518e-07
7.187531423369364347e-07
7.129199275368591771e-07
7.074461336742388085e-07
7.026208663774013985e-07
6.983105436120240483e-07
6.944203505554469302e-07
6.910834713380609173e-07
6.882176535327744205e-07
6.859162908767757472e-07
6.839952106929558795e-07
6.824846536801487673e-07
6.813886557210935280e-07
6.805993848502112087e-07
6.800523237870947924e-07
6.797424134674656671e-07
6.796157663302437868e-07
6.795245326429721899e-07
6.795621061428391840e-07
6.795143008275772445e-07
6.794550699851242825e-07
6.792253088860888965e-07
6.788740165575291030e-07
6.782468631172378082e-07
6.774399139430897776e-07
6.762869588783360086e-07
6.748635428266425151e-07
6.730587642778118607e-07
6.708694400003878400e-07
6.683541755592159461e-07
6.654458957200404257e-07
6.620766725973226130e-07
6.584443781321169809e-07
6.543913286805036478e-07
6.499105893453815952e-07
6.452031584558426403e-07
6.400343863788293675e-07
6.347292469399690162e-07
6.290524083851778414e-07
6.232397709027281962e-07
6.173190740810241550e-07
6.111080779191979673e-07
6.049476724001578987e-07
5.986074143038422335e-07
5.924161428083607461e-07
5.861182899025152437e-07
5.801014140160987154e-07
5.741738391407125164e-07
5.683646691068133805e-07
5.629057682199345436e-07
5.576060289058659691e-07
5.527058419829700142e-07
5.481019229591765907e-07
5.439547408059297595e-07
5.401652174441551324e-07
5.366915161175711546e-07
5.336893309504375793e-07
5.310566848493181169e-07
5.288405304781917948e-07
5.269399139251618180e-07
5.254210009297821671e-07
5.242599740995501634e-07
5.233418960415292531e-07
5.226627877163991798e-07
5.222485128797416110e-07
5.219943091105960775e-07
5.218248588789720088e-07
5.218155934016976971e-07
5.217895022724405862e-07
5.217942202762060333e-07
5.217339094087947160e-07
5.215974283601099160e-07
5.213273652771022171e-07
5.209129767536069266e-07
5.202768420531356242e-07
5.194856953494308982e-07
5.183816824683162849e-07
5.170688268663070630e-07
5.154508357918530237e-07
5.135333367434213869e-07
5.113466272632649634e-07
5.088713237455522176e-07
5.060772423348680604e-07
5.030041734244150575e-07
4.996655320610443596e-07
4.959971420248621143e-07
4.921853928863129113e-07
4.880321284872479737e-07
4.837939968638238497e-07
4.793851076101418585e-07
4.747227251300500939e-07
4.700935107848636108e-07
4.652555674056202406e-07
4.605072945196297951e-07
4.556241890441015130e-07
4.509170139499474317e-07
4.462290803530777339e-07
4.416086483161052456e-07
4.371989064111403422e-07
4.328607587922306266e-07
4.288518766770721413e-07
4.249994276506185997e-07
4.214755620068899589e-07
4.182081738690612838e-07
4.151951031872158637e-07
4.125560622014745604e-07
4.101636648101703031e-07
4.081007602962927194e-07
4.062971186158392811e-07
4.048529262945521623e-07
4.036578218347131042e-07
4.026758517738926457e-07
4.019440211777691729e-07
4.014235912563890452e-07
4.010609018223476596e-07
4.008193741356080864e-07
4.007287088825250976e-07
4.006674885204120073e-07
4.006695917269098572e-07
4.006654421573330183e-07
4.006261633549001999e-07
4.005393066108808853e-07
4.003474316505162278e-07
4.000483215804706560e-07
3.996161126451625023e-07
3.989810011262306944e-07
3.982201235430693487e-07
3.972056106249510776e-07
3.960192884733260144e-07
3.945928028770140372e-07
3.929361298560252180e-07
3.910950567842519376e-07
3.889745698870683555e-07
3.866396980356512358e-07
3.841001330329163466e-07
3.813722173617861699e-07
3.783913484767253976e-07
3.753243333903810708e-07
3.720732024703465868e-07
3.686417926473950502e-07
3.651718429864558857e-07
3.615158732372947270e-07
3.579177985102433013e-07
3.541670992035506060e-07
3.505278414195345249e-07
3.468641125436988659e-07
3.432253663504525321e-07
3.397080092781834537e-07
3.362258667038986459e-07
3.329655555717181414e-07
3.297818977898714365e-07
3.268343107265536673e-07
3.240913883928442374e-07
3.215227479813620448e-07
3.192155588749301387e-07
3.170903539739811094e-07
3.152316594423609786e-07
3.136046302643080708e-07
3.122265468391560717e-07
3.110544071205367800e-07
3.100629157870571362e-07
3.093217344485310605e-07
3.087293407588731498e-07
3.082879516114189755e-07
3.079892962887242902e-07
3.078159522829082562e-07
3.076991106354398653e-07
3.076679320201947121e-07
3.076593486639467301e-07
3.076492589570989367e-07
3.076399934798246250e-07
3.075626295867550652e-07
3.074478911457845243e-07
3.072287313443666790e-07
3.069061449423315935e-07
3.064694737986428663e-07
3.058645177134167170e-07
3.051548560506489594e-07
3.042412117792991921e-07
3.031879884929367108e-07
3.019737846443604212e-07
3.005334860972652677e-07
2.989705194522684906e-07
2.971996195810788777e-07
2.952718887172522955e-07
2.931844562681362731e-07
2.909704051035078010e-07
2.886076231334300246e-07
2.861115433461236535e-07
2.835325005889899330e-07
2.808201031712087570e-07
2.781035277621413115e-07
2.752584862264484400e-07
2.724693217714957427e-07
2.696391732115444029e-07
2.668010949946619803e-07
2.640294667344278423e-07
2.612687524106149795e-07
2.586452012565132463e-07
2.560530560913321096e-07
2.536382055495778332e-07
2.513605750209535472e-07
2.491905490842327708e-07
2.472111191309522837e-07
2.453666354540473549e-07
2.437533339616493322e-07
2.422832210413616849e-07
2.410113495443511056e-07
2.399037271061388310e-07
2.389757582932361402e-07
2.382225119390568580e-07
2.375983711999651860e-07
2.371143494883654057e-07
2.367730331798156840e-07
2.365330402653853525e-07
2.363612736644427059e-07
2.362881730277877068e-07
2.362482831586021348e-07
2.362320827842268045e-07
2.362409503575690906e-07
2.362131112931820098e-07
2.361878586043530959e-07
2.360871320661317441e-07
2.359447677235948504e-07
2.357079296189112938e-07
2.353832968537972192e-07
2.349604955043105292e-07
2.343984988328884356e-07
2.337526012752277893e-07
2.329620514274211018e-07
2.320227707741651102e-07
2.309806461653352017e-07
2.297638559412007453e-07
2.284506450678236433e-07
2.269837011681374861e-07
2.254046194138936698e-07
2.237342187072499655e-07
2.219165935457567684e-07
2.200224287207674934e-07
2.180367602022670326e-07
2.160030447839744738e-07
2.138741166390900617e-07
2.117541129109667963e-07
2.095932813972467557e-07
2.074007028340929537e-07
2.052424150633669342e-07
2.030749755022043246e-07
2.009901294286464690e-07
1.989074149832958938e-07
1.969602294593642000e-07
1.950870256450798479e-07
1.932791633407759946e-07
1.916153422598654288e-07
1.900598078918847023e-07
1.886571254772206885e-07
1.873589070555681246e-07
1.862151748355245218e-07
1.852259998713634559e-07
1.843517907218483742e-07
1.836202017102550599e-07
1.829969420441557304e-07
1.825155067081141169e-07
1.821347268560202792e-07
1.818485912963296869e-07
1.816443671032175189e-07
1.815208037214688375e-07
1.814421892731843400e-07
1.814046015624626307e-07
1.814013330658781342e-07
1.813872216871459386e-07
1.813939434214262292e-07
1.813538830219840747e-07
1.813052108445845079e-07
1.811854701827542158e-07
1.810285681358436705e-07
1.807876657267115661e-07
1.804721705411793664e-07
1.800755455860780785e-07
1.795731492393315420e-07
1.789877615010482259e-07
1.782976681852233014e-07
1.774871805082511855e-07
1.766028532301788800e-07
1.755834375671838643e-07
1.744913475931753055e-07
1.733097718670251197e-07
1.720011937322851736e-07
1.706482635199790820e-07
1.691909830014992622e-07
1.676842487086105393e-07
1.661114907847149880e-07
1.645155123242147965e-07
1.628854420232528355e-07
1.612075379853195045e-07
1.595463174908218207e-07
1.578608816998894326e-07
1.562240186103736050e-07
1.545762273735817871e-07
1.530170976593581145e-07
1.514979430794483051e-07
1.500171293855601107e-07
1.486487235524691641e-07
1.473387385431124130e-07
1.461412040271170554e-07
1.450174522688030265e-07
1.440293573296003160e-07
1.431439216048602248e-07
1.423445752379848273e-07
1.416586314917367417e-07
1.410722632044780767e-07
1.405986154168203939e-07
1.402030278541133157e-07
1.398915259187560878e-07
1.396678896981029538e-07
1.395045359231517068e-07
1.393907353985923692e-07
1.393284776440850692e-07
1.393010222727752989e-07
1.392810418110457249e-07
1.392900657037898782e-07
1.392790238696761662e-07
1.392684367829133407e-07
1.392202477745740907e-07
1.391498898328791256e-07
1.390203863138594897e-07
1.388567341109592235e-07
1.386220276344829472e-07
1.383294971901705139e-07
1.379613934204826364e-07
1.375143767745612422e-07
1.369982811638692510e-07
1.364039121654059272e-07
1.357127814571867930e-07
1.349699942920778994e-07
1.341410040822665906e-07
1.332220449512533378e-07
1.322587621643833700e-07
1.312009771936573088e-07
1.301128236264048610e-07
1.289508873014710844e-07
1.277604013694144669e-07
1.265460412014363101e-07
1.252743260238275980e-07
1.240107252442612662e-07
1.227124215574804111e-07
1.214423832607280929e-07
1.201526487193405046e-07
1.189182370353591978e-07
1.176804786950924608e-07
1.165123109103660681e-07
1.153921189711581974e-07
1.143048748986075225e-07
1.132990519181475975e-07
1.123562896054863813e-07
1.115047751909514773e-07
1.107129818933572096e-07
1.100131044040608685e-07
1.093984849376283819e-07
1.088573853280649928e-07
1.084016290064937493e-07
1.080106528661417542e-07
1.077000533200589416e-07
1.074561453151545720e-07
1.072711839356088603e-07
1.071306670041849429e-07
1.070467092745275295e-07
1.069933972530634492e-07
1.069588861923875811e-07
1.069567048261887976e-07
1.069515320750724641e-07
1.069524628860563098e-07
1.069392112640343839e-07
1.069124735408877314e-07
1.068563548756173986e-07
1.067727239956184349e-07
1.066416643880074844e-07
1.064772732206620276e-07
1.062558609987718228e-07
1.059862242414055800e-07
1.056560279266705038e-07
1.052643412435827486e-07
1.048157400873606093e-07
1.043097270780890540e-07
1.037265207060045213e-07
1.031081282576451486e-07
1.024250764203316066e-07
1.016727395608540974e-07
1.008926631129725138e-07
1.000426479436100635e-07
9.917333443354436895e-08
9.825281921393980156e-08
9.731593308970332146e-08
9.636643483190709958e-08
9.537582457141979830e-08
9.440185522180399857e-08
9.340188711348673678e-08
9.243625243016140303e-08
9.145751533878865303e-08
9.052823912725216360e-08
8.962341269125317922e-08
8.873345791471365374e-08
8.791221972614948754e-08
8.712186883030881290e-08
8.639843684932202450e-08
8.571650766953098355e-08
8.511064919503041892e-08
8.456857614191903849e-08
8.407709373159377719e-08
8.365304182689214940e-08
8.328395750822892296e-08
8.298679432527933386e-08
8.273664064972763299e-08
8.253836369931377703e-08
8.238894366741078557e-08
8.228131775922520319e-08
8.220597891295255977e-08
8.215720725956998649e-08
8.213773838861015975e-08
8.212520441475135158e-08
8.212560231868337723e-08
8.212400359752791701e-08
8.211685553760617040e-08
8.209839563733112300e-08
8.206002632960007759e-08
8.199814516274273046e-08
8.190816913611342898e-08
8.177989485602665809e-08
8.162492548535738024e-08
8.141804386241346947e-08
8.117446270716754952e-08
8.088319702892476926e-08
8.054464473161715432e-08
8.015966557195497444e-08
7.973335414135362953e-08
7.925581257950398140e-08
7.873496343790975516e-08
7.817676817012397805e-08
7.756543141113070305e-08
7.693768111494136974e-08
7.625848752468300518e-08
7.556842263056751108e-08
7.485779462967911968e-08
7.410924496298321174e-08
7.337122553963126848e-08
7.260319279112081858e-08
7.185666817122182692e-08
7.109179733788550948e-08
7.035990279291581828e-08
6.963825427419578773e-08
6.892510384659544798e-08
6.825607812288581044e-08
6.760292592389305355e-08
6.699796983866690425e-08
6.642504501996882027e-08
6.590892809299475630e-08
6.543515951307199430e-08
6.499872995391342556e-08
6.461816326464031590e-08
6.428381738032840076e-08
6.400044583187991520e-08
6.375571359740206390e-08
6.355649162514964701e-08
6.340378178038008627e-08
6.328158264068406424e-08
6.319032053170303698e-08
6.312965439292383962e-08
6.309340250254535931e-08
6.306932220923044952e-08
6.306299837888218462e-08
6.306062516614474589e-08
6.305922539695529849e-08
6.305678823537164135e-08
6.304164656967259361e-08
6.301766575234069023e-08
6.297189969473038218e-08
6.290698451039133943e-08
6.281822351184018771e-08
6.269392827107367339e-08
6.254924045379084419e-08
6.236280825078210910e-08
6.214661851799974102e-08
6.189335977069276851e-08
6.160417598266576533e-08
6.128353646772666252e-08
6.092143678415595787e-08
6.052705003867231426e-08
6.009894093494949630e-08
5.964584914863735321e-08
5.915251222177175805e-08
5.865033614327330724e-08
5.812220393863753998e-08
5.756609056106753997e-08
5.700970007183059352e-08
5.642620237722439924e-08
5.585505036265203671e-08
5.526415947088025860e-08
5.469332009511163051e-08
5.412470827081961033e-08
5.355932941597529862e-08
5.302102579207712552e-08
5.248918810707436933e-08
5.199456509785704839e-08
5.151830961835912603e-08
5.108185519020480569e-08
5.067547448334153160e-08
5.029778193943457154e-08
4.996643809818124282e-08
4.966447164633791544e-08
4.940303455214234418e-08
4.917217211186653003e-08
4.898548056075924251e-08
4.883041171410695824e-08
4.870184966421220452e-08
4.860298830067222298e-08
4.853244917057963903e-08
4.848266499379860761e-08
4.844718759500210581e-08
4.843236567353415012e-08
4.842367928858948289e-08
4.842084067036012129e-08
4.842221201784013829e-08
4.841702150315541076e-08
4.841145795353440917e-08
4.839028378000875819e-08
4.836184430700996018e-08
4.831384359249568661e-08
4.824705257533423719e-08
4.816097032289690105e-08
4.804554976090003038e-08
4.791375829427124700e-08
4.774862460976692091e-08
4.755961313662737666e-08
4.734662439886960783e-08
4.709785272893896035e-08
4.682846110881655477e-08
4.652844509678288887e-08
4.620533644583701971e-08
4.585618640362554288e-08
4.549073295834205055e-08
4.510246398581330141e-08
4.469577064014629286e-08
4.427926469929843734e-08
4.384265750445592857e-08
4.340854786732961657e-08
4.295731770298516494e-08
4.251634067031773156e-08
4.207359083352457674e-08
4.162972189192259975e-08
4.120198937584973464e-08
4.077497806065366603e-08
4.037589107497296936e-08
3.998448860897951818e-08
3.962057704143262526e-08
3.927977942908000841e-08
3.896051836704828020e-08
3.867249986910792359e-08
3.840591844550544920e-08
3.817092775193486887e-08
3.796442271664091095e-08
3.778875168336526258e-08
3.763826583735863096e-08
3.751002708440864808e-08
3.741161336279219540e-08
3.733309839049070433e-08
3.727397768216178520e-08
3.723129893273835478e-08
3.720667862694426731e-08
3.719014785019680858e-08
3.718280083830904914e-08
3.718176344591483939e-08
3.717902075095480541e-08
3.718031393873388879e-08
3.717217822440943564e-08
3.716225904781822464e-08
3.713811835837077524e-08
3.710575313675690268e-08
3.705680384769038938e-08
3.699195971762492263e-08
3.691111416515013843e-08
3.680613147594158363e-08
3.668846204618603224e-08
3.654748681469754956e-08
3.638121981452968612e-08
3.620042932084288623e-08
3.599199516202133964e-08
3.576796103743618005e-08
3.552136007556327968e-08
3.525846281604572141e-08
3.498096745602197188e-08
3.468270648454563343e-08
3.437414974882813112e-08
3.405654425137072394e-08
3.405654425137072394e-08
