6.000999808311462402e-01
6.000999212265014648e-01
6.000999212265014648e-01
6.000999212265014648e-01
6.000998616218566895e-01
6.000998616218566895e-01
6.000998020172119141e-01
6.000996828079223633e-01
6.000996232032775879e-01
6.000995039939880371e-01
6.000993251800537109e-01
6.000991463661193848e-01
6.000989079475402832e-01
6.000986695289611816e-01
6.000983715057373047e-01
6.000980734825134277e-01
6.000977158546447754e-01
6.000973582267761230e-01
6.000970005989074707e-01
6.000965833663940430e-01
6.000961065292358398e-01
6.000956892967224121e-01
6.000952124595642090e-01
6.000947356224060059e-01
6.000941991806030273e-01
6.000937223434448242e-01
6.000932455062866211e-01
6.000927686691284180e-01
6.000922918319702148e-01
6.000918149948120117e-01
6.000913381576538086e-01
6.000909209251403809e-01
6.000905036926269531e-01
6.000900864601135254e-01
6.000897288322448730e-01
6.000894308090209961e-01
6.000891327857971191e-01
6.000888347625732422e-01
6.000885963439941406e-01
6.000883579254150391e-01
6.000881791114807129e-01
6.000880002975463867e-01
6.000878810882568359e-01
6.000877618789672852e-01
6.000877022743225098e-01
6.000876426696777344e-01
6.000875830650329590e-01
6.000875830650329590e-01
6.000875830650329590e-01
6.000875830650329590e-01
6.000875830650329590e-01
6.000875830650329590e-01
6.000875830650329590e-01
6.000875234603881836e-01
6.000875234603881836e-01
6.000875234603881836e-01
6.000874638557434082e-01
6.000874042510986328e-01
6.000872850418090820e-01
6.000871658325195312e-01
6.000870466232299805e-01
6.000868678092956543e-01
6.000866889953613281e-01
6.000865101814270020e-01
6.000862717628479004e-01
6.000859737396240234e-01
6.000856757164001465e-01
6.000853776931762695e-01
6.000850200653076172e-01
6.000846624374389648e-01
6.000842452049255371e-01
6.000838875770568848e-01
6.000834703445434570e-01
6.000830531120300293e-01
6.000826358795166016e-01
6.000821590423583984e-01
6.000817418098449707e-01
6.000813245773315430e-01
6.000809073448181152e-01
6.000804901123046875e-01
6.000800728797912598e-01
6.000797152519226074e-01
6.000793576240539551e-01
6.000789999961853027e-01
6.000786423683166504e-01
6.000784039497375488e-01
6.000781059265136719e-01
6.000778675079345703e-01
6.000776290893554688e-01
6.000774502754211426e-01
6.000773310661315918e-01
6.000771522521972656e-01
6.000770330429077148e-01
6.000769734382629395e-01
6.000768542289733887e-01
6.000768542289733887e-01
6.000767946243286133e-01
6.000767946243286133e-01
6.000767350196838379e-01
6.000767350196838379e-01
6.000767350196838379e-01
6.000767350196838379e-01
6.000767350196838379e-01
6.000767350196838379e-01
6.000767350196838379e-01
6.000766754150390625e-01
6.000766754150390625e-01
6.000766158103942871e-01
6.000764966011047363e-01
6.000764369964599609e-01
6.000763177871704102e-01
6.000761985778808594e-01
6.000760197639465332e-01
6.000758409500122070e-01
6.000756025314331055e-01
6.000753641128540039e-01
6.000751256942749023e-01
6.000748276710510254e-01
6.000745296478271484e-01
6.000742316246032715e-01
6.000738739967346191e-01
6.000735163688659668e-01
6.000731587409973145e-01
6.000728011131286621e-01
6.000724434852600098e-01
6.000720262527465820e-01
6.000716686248779297e-01
6.000713109970092773e-01
6.000708937644958496e-01
6.000705361366271973e-01
6.000702381134033203e-01
6.000698804855346680e-01
6.000695824623107910e-01
6.000692844390869141e-01
6.000689864158630371e-01
6.000687479972839355e-01
6.000684499740600586e-01
6.000682711601257324e-01
6.000680923461914062e-01
6.000679135322570801e-01
6.000677347183227539e-01
6.000676155090332031e-01
6.000675559043884277e-01
6.000674366950988770e-01
6.000673770904541016e-01
6.000673174858093262e-01
6.000673174858093262e-01
6.000673174858093262e-01
6.000672578811645508e-01
6.000672578811645508e-01
6.000672578811645508e-01
6.000672578811645508e-01
6.000672578811645508e-01
6.000672578811645508e-01
6.000672578811645508e-01
6.000671982765197754e-01
6.000671982765197754e-01
6.000671386718750000e-01
6.000670790672302246e-01
6.000669598579406738e-01
6.000669002532958984e-01
6.000667810440063477e-01
6.000666022300720215e-01
6.000664830207824707e-01
6.000662446022033691e-01
6.000660657882690430e-01
6.000658273696899414e-01
6.000655889511108398e-01
6.000653505325317383e-01
6.000650525093078613e-01
6.000647544860839844e-01
6.000644564628601074e-01
6.000641584396362305e-01
6.000638008117675781e-01
6.000635027885437012e-01
6.000631451606750488e-01
6.000628471374511719e-01
6.000624895095825195e-01
6.000621914863586426e-01
6.000618338584899902e-01
6.000615358352661133e-01
6.000612378120422363e-01
6.000609993934631348e-01
6.000607013702392578e-01
6.000604629516601562e-01
6.000602245330810547e-01
6.000600457191467285e-01
6.000598669052124023e-01
6.000596880912780762e-01
6.000595092773437500e-01
6.000593900680541992e-01
6.000592708587646484e-01
6.000592112541198730e-01
6.000591516494750977e-01
6.000590920448303223e-01
6.000590324401855469e-01
6.000589728355407715e-01
6.000589728355407715e-01
6.000589728355407715e-01
6.000589728355407715e-01
6.000589728355407715e-01
6.000589728355407715e-01
6.000589728355407715e-01
6.000589728355407715e-01
6.000589728355407715e-01
6.000589132308959961e-01
6.000589132308959961e-01
6.000588536262512207e-01
6.000587940216064453e-01
6.000587344169616699e-01
6.000586152076721191e-01
6.000585556030273438e-01
6.000583767890930176e-01
6.000582575798034668e-01
6.000580787658691406e-01
6.000578999519348145e-01
6.000577211380004883e-01
6.000574827194213867e-01
6.000573039054870605e-01
6.000570654869079590e-01
6.000567674636840820e-01
6.000565290451049805e-01
6.000562310218811035e-01
6.000559329986572266e-01
6.000556349754333496e-01
6.000553965568542480e-01
6.000550985336303711e-01
6.000548005104064941e-01
6.000545024871826172e-01
6.000542044639587402e-01
6.000539660453796387e-01
6.000537276268005371e-01
6.000534892082214355e-01
6.000532507896423340e-01
6.000530123710632324e-01
6.000528335571289062e-01
6.000526547431945801e-01
6.000524759292602539e-01
6.000522971153259277e-01
6.000521779060363770e-01
6.000520586967468262e-01
6.000519990921020508e-01
6.000518798828125000e-01
6.000518202781677246e-01
6.000517606735229492e-01
6.000517606735229492e-01
6.000517010688781738e-01
6.000517010688781738e-01
6.000517010688781738e-01
6.000517010688781738e-01
6.000517010688781738e-01
6.000517010688781738e-01
6.000517010688781738e-01
6.000517010688781738e-01
6.000517010688781738e-01
6.000516414642333984e-01
6.000516414642333984e-01
6.000515818595886230e-01
6.000515222549438477e-01
6.000514626502990723e-01
6.000514030456542969e-01
6.000512838363647461e-01
6.000512242317199707e-01
6.000510454177856445e-01
6.000509262084960938e-01
6.000507473945617676e-01
6.000506281852722168e-01
6.000503897666931152e-01
6.000502109527587891e-01
6.000499725341796875e-01
6.000497937202453613e-01
6.000495553016662598e-01
6.000493168830871582e-01
6.000490784645080566e-01
6.000487804412841797e-01
6.000485420227050781e-01
6.000483036041259766e-01
6.000480651855468750e-01
6.000477671623229980e-01
6.000475287437438965e-01
6.000472903251647949e-01
6.000471115112304688e-01
6.000468730926513672e-01
6.000466942787170410e-01
6.000464558601379395e-01
6.000462770462036133e-01
6.000461578369140625e-01
6.000459790229797363e-01
6.000458598136901855e-01
6.000457406044006348e-01
6.000456213951110840e-01
6.000455617904663086e-01
6.000455021858215332e-01
6.000454425811767578e-01
6.000453829765319824e-01
6.000453829765319824e-01
6.000453233718872070e-01
6.000453233718872070e-01
6.000453233718872070e-01
6.000453233718872070e-01
6.000453233718872070e-01
6.000453233718872070e-01
6.000453233718872070e-01
6.000453233718872070e-01
6.000453233718872070e-01
6.000452637672424316e-01
6.000452637672424316e-01
6.000452041625976562e-01
6.000452041625976562e-01
6.000451445579528809e-01
6.000450849533081055e-01
6.000449657440185547e-01
6.000449061393737793e-01
6.000447869300842285e-01
6.000446677207946777e-01
6.000444889068603516e-01
6.000443696975708008e-01
6.000441908836364746e-01
6.000440120697021484e-01
6.000438332557678223e-01
6.000436544418334961e-01
6.000434160232543945e-01
6.000432372093200684e-01
6.000429987907409668e-01
6.000427603721618652e-01
6.000425815582275391e-01
6.000423431396484375e-01
6.000421047210693359e-01
6.000419259071350098e-01
6.000416874885559082e-01
6.000415086746215820e-01
6.000412702560424805e-01
6.000410914421081543e-01
6.000409126281738281e-01
6.000407338142395020e-01
6.000406146049499512e-01
6.000404357910156250e-01
6.000403165817260742e-01
6.000401973724365234e-01
6.000400781631469727e-01
6.000400185585021973e-01
6.000399589538574219e-01
6.000398993492126465e-01
6.000398397445678711e-01
6.000397801399230957e-01
6.000397801399230957e-01
6.000397205352783203e-01
6.000397205352783203e-01
6.000397205352783203e-01
6.000397205352783203e-01
6.000397205352783203e-01
6.000397205352783203e-01
6.000397205352783203e-01
6.000397205352783203e-01
6.000397205352783203e-01
6.000396609306335449e-01
6.000396609306335449e-01
6.000396609306335449e-01
6.000396013259887695e-01
6.000395417213439941e-01
6.000394821166992188e-01
6.000394225120544434e-01
6.000393629074096680e-01
6.000392436981201172e-01
6.000391244888305664e-01
6.000390052795410156e-01
6.000388860702514648e-01
6.000387668609619141e-01
6.000385880470275879e-01
6.000384092330932617e-01
6.000382304191589355e-01
6.000380516052246094e-01
6.000378727912902832e-01
6.000376939773559570e-01
6.000375151634216309e-01
6.000373363494873047e-01
6.000370979309082031e-01
6.000369191169738770e-01
6.000367403030395508e-01
6.000365614891052246e-01
6.000363826751708984e-01
6.000362038612365723e-01
6.000360250473022461e-01
6.000358462333679199e-01
6.000357270240783691e-01
6.000356078147888184e-01
6.000354886054992676e-01
6.000353693962097168e-01
6.000352501869201660e-01
6.000351309776306152e-01
6.000350713729858398e-01
6.000350117683410645e-01
6.000349521636962891e-01
6.000348925590515137e-01
6.000348925590515137e-01
6.000348329544067383e-01
6.000348329544067383e-01
6.000348329544067383e-01
6.000348329544067383e-01
6.000348329544067383e-01
6.000348329544067383e-01
6.000348329544067383e-01
6.000348329544067383e-01
6.000348329544067383e-01
6.000347733497619629e-01
6.000347733497619629e-01
6.000347733497619629e-01
6.000347733497619629e-01
6.000347137451171875e-01
6.000346541404724121e-01
6.000345945358276367e-01
6.000345349311828613e-01
6.000344753265380859e-01
6.000344157218933105e-01
6.000342965126037598e-01
6.000342369079589844e-01
6.000341176986694336e-01
6.000339388847351074e-01
6.000338196754455566e-01
6.000337004661560059e-01
6.000335216522216797e-01
6.000334024429321289e-01
6.000332236289978027e-01
6.000330448150634766e-01
6.000328660011291504e-01
6.000326871871948242e-01
6.000325679779052734e-01
6.000323891639709473e-01
6.000322103500366211e-01
6.000320315361022949e-01
6.000318527221679688e-01
6.000317335128784180e-01
6.000315546989440918e-01
6.000314354896545410e-01
6.000313162803649902e-01
6.000311970710754395e-01
6.000310778617858887e-01
6.000309586524963379e-01
6.000308990478515625e-01
6.000308394432067871e-01
6.000307202339172363e-01
6.000307202339172363e-01
6.000306606292724609e-01
6.000306010246276855e-01
6.000306010246276855e-01
6.000305414199829102e-01
6.000305414199829102e-01
6.000305414199829102e-01
6.000305414199829102e-01
6.000305414199829102e-01
6.000305414199829102e-01
6.000305414199829102e-01
6.000305414199829102e-01
6.000305414199829102e-01
6.000304818153381348e-01
6.000304818153381348e-01
6.000304818153381348e-01
6.000304818153381348e-01
6.000304222106933594e-01
6.000304222106933594e-01
6.000303626060485840e-01
6.000303030014038086e-01
6.000302433967590332e-01
6.000301837921142578e-01
6.000300645828247070e-01
6.000300049781799316e-01
6.000298857688903809e-01
6.000297665596008301e-01
6.000296473503112793e-01
6.000295281410217285e-01
6.000294089317321777e-01
6.000292897224426270e-01
6.000291109085083008e-01
6.000289916992187500e-01
6.000288128852844238e-01
6.000286936759948730e-01
6.000285148620605469e-01
6.000283956527709961e-01
6.000282168388366699e-01
6.000280976295471191e-01
6.000279784202575684e-01
6.000277996063232422e-01
6.000276803970336914e-01
6.000275611877441406e-01
6.000274419784545898e-01
6.000273227691650391e-01
6.000272631645202637e-01
6.000271439552307129e-01
6.000270843505859375e-01
6.000270247459411621e-01
6.000269651412963867e-01
6.000269055366516113e-01
6.000268459320068359e-01
6.000268459320068359e-01
6.000267863273620605e-01
6.000267863273620605e-01
6.000267863273620605e-01
6.000267267227172852e-01
6.000267267227172852e-01
6.000267267227172852e-01
6.000267267227172852e-01
6.000267267227172852e-01
