1.000100016593933105e+00
1.000099897384643555e+00
1.000099897384643555e+00
1.000099897384643555e+00
1.000099897384643555e+00
1.000099897384643555e+00
1.000099778175354004e+00
1.000099658966064453e+00
1.000099658966064453e+00
1.000099539756774902e+00
1.000099301338195801e+00
1.000099182128906250e+00
1.000098943710327148e+00
1.000098705291748047e+00
1.000098347663879395e+00
1.000098109245300293e+00
1.000097751617431641e+00
1.000097393989562988e+00
1.000097036361694336e+00
1.000096559524536133e+00
1.000096082687377930e+00
1.000095725059509277e+00
1.000095248222351074e+00
1.000094771385192871e+00
1.000094175338745117e+00
1.000093698501586914e+00
1.000093221664428711e+00
1.000092744827270508e+00
1.000092267990112305e+00
1.000091791152954102e+00
1.000091314315795898e+00
1.000090956687927246e+00
1.000090479850769043e+00
1.000090122222900391e+00
1.000089764595031738e+00
1.000089406967163086e+00
1.000089168548583984e+00
1.000088810920715332e+00
1.000088572502136230e+00
1.000088334083557129e+00
1.000088214874267578e+00
1.000087976455688477e+00
1.000087857246398926e+00
1.000087738037109375e+00
1.000087738037109375e+00
1.000087618827819824e+00
1.000087618827819824e+00
1.000087618827819824e+00
1.000087618827819824e+00
1.000087618827819824e+00
1.000087618827819824e+00
1.000087618827819824e+00
1.000087618827819824e+00
1.000087499618530273e+00
1.000087499618530273e+00
1.000087499618530273e+00
1.000087499618530273e+00
1.000087380409240723e+00
1.000087261199951172e+00
1.000087141990661621e+00
1.000087022781372070e+00
1.000086903572082520e+00
1.000086665153503418e+00
1.000086545944213867e+00
1.000086188316345215e+00
1.000085949897766113e+00
1.000085711479187012e+00
1.000085353851318359e+00
1.000084996223449707e+00
1.000084638595581055e+00
1.000084280967712402e+00
1.000083804130554199e+00
1.000083446502685547e+00
1.000083088874816895e+00
1.000082612037658691e+00
1.000082135200500488e+00
1.000081777572631836e+00
1.000081300735473633e+00
1.000080943107604980e+00
1.000080466270446777e+00
1.000080108642578125e+00
1.000079751014709473e+00
1.000079393386840820e+00
1.000079035758972168e+00
1.000078678131103516e+00
1.000078439712524414e+00
1.000078082084655762e+00
1.000077843666076660e+00
1.000077605247497559e+00
1.000077486038208008e+00
1.000077247619628906e+00
1.000077128410339355e+00
1.000077009201049805e+00
1.000077009201049805e+00
1.000076889991760254e+00
1.000076770782470703e+00
1.000076770782470703e+00
1.000076770782470703e+00
1.000076770782470703e+00
1.000076770782470703e+00
1.000076770782470703e+00
1.000076770782470703e+00
1.000076770782470703e+00
1.000076770782470703e+00
1.000076770782470703e+00
1.000076651573181152e+00
1.000076651573181152e+00
1.000076651573181152e+00
1.000076532363891602e+00
1.000076413154602051e+00
1.000076293945312500e+00
1.000076174736022949e+00
1.000076055526733398e+00
1.000075817108154297e+00
1.000075578689575195e+00
1.000075340270996094e+00
1.000075101852416992e+00
1.000074863433837891e+00
1.000074505805969238e+00
1.000074148178100586e+00
1.000073909759521484e+00
1.000073552131652832e+00
1.000073194503784180e+00
1.000072836875915527e+00
1.000072479248046875e+00
1.000072002410888672e+00
1.000071644783020020e+00
1.000071287155151367e+00
1.000070929527282715e+00
1.000070571899414062e+00
1.000070214271545410e+00
1.000069856643676758e+00
1.000069499015808105e+00
1.000069260597229004e+00
1.000069022178649902e+00
1.000068664550781250e+00
1.000068426132202148e+00
1.000068306922912598e+00
1.000068068504333496e+00
1.000067949295043945e+00
1.000067710876464844e+00
1.000067591667175293e+00
1.000067591667175293e+00
1.000067472457885742e+00
1.000067353248596191e+00
1.000067353248596191e+00
1.000067353248596191e+00
1.000067353248596191e+00
1.000067234039306641e+00
1.000067234039306641e+00
1.000067234039306641e+00
1.000067234039306641e+00
1.000067234039306641e+00
1.000067234039306641e+00
1.000067234039306641e+00
1.000067234039306641e+00
1.000067234039306641e+00
1.000067114830017090e+00
1.000067114830017090e+00
1.000066995620727539e+00
1.000066876411437988e+00
1.000066757202148438e+00
1.000066637992858887e+00
1.000066518783569336e+00
1.000066280364990234e+00
1.000066041946411133e+00
1.000065803527832031e+00
1.000065565109252930e+00
1.000065326690673828e+00
1.000065088272094727e+00
1.000064730644226074e+00
1.000064492225646973e+00
1.000064134597778320e+00
1.000063776969909668e+00
1.000063538551330566e+00
1.000063180923461914e+00
1.000062823295593262e+00
1.000062465667724609e+00
1.000062227249145508e+00
1.000061869621276855e+00
1.000061511993408203e+00
1.000061273574829102e+00
1.000060915946960449e+00
1.000060677528381348e+00
1.000060439109802246e+00
1.000060200691223145e+00
1.000060081481933594e+00
1.000059843063354492e+00
1.000059723854064941e+00
1.000059485435485840e+00
1.000059366226196289e+00
1.000059247016906738e+00
1.000059247016906738e+00
1.000059127807617188e+00
1.000059127807617188e+00
1.000059008598327637e+00
1.000059008598327637e+00
1.000059008598327637e+00
1.000059008598327637e+00
1.000059008598327637e+00
1.000059008598327637e+00
1.000059008598327637e+00
1.000059008598327637e+00
1.000059008598327637e+00
1.000059008598327637e+00
1.000058889389038086e+00
1.000058889389038086e+00
1.000058889389038086e+00
1.000058770179748535e+00
1.000058770179748535e+00
1.000058650970458984e+00
1.000058531761169434e+00
1.000058412551879883e+00
1.000058293342590332e+00
1.000058054924011230e+00
1.000057935714721680e+00
1.000057697296142578e+00
1.000057458877563477e+00
1.000057220458984375e+00
1.000056982040405273e+00
1.000056743621826172e+00
1.000056505203247070e+00
1.000056266784667969e+00
1.000055909156799316e+00
1.000055670738220215e+00
1.000055313110351562e+00
1.000055074691772461e+00
1.000054836273193359e+00
1.000054478645324707e+00
1.000054240226745605e+00
1.000054001808166504e+00
1.000053763389587402e+00
1.000053405761718750e+00
1.000053286552429199e+00
1.000053048133850098e+00
1.000052809715270996e+00
1.000052571296691895e+00
1.000052452087402344e+00
1.000052332878112793e+00
1.000052213668823242e+00
1.000052094459533691e+00
1.000051975250244141e+00
1.000051856040954590e+00
1.000051856040954590e+00
1.000051736831665039e+00
1.000051736831665039e+00
1.000051736831665039e+00
1.000051736831665039e+00
1.000051736831665039e+00
1.000051736831665039e+00
1.000051736831665039e+00
1.000051736831665039e+00
1.000051736831665039e+00
1.000051736831665039e+00
1.000051617622375488e+00
1.000051617622375488e+00
1.000051617622375488e+00
1.000051617622375488e+00
1.000051498413085938e+00
1.000051498413085938e+00
1.000051379203796387e+00
1.000051259994506836e+00
1.000051140785217285e+00
1.000051021575927734e+00
1.000050902366638184e+00
1.000050783157348633e+00
1.000050544738769531e+00
1.000050425529479980e+00
1.000050187110900879e+00
1.000049948692321777e+00
1.000049829483032227e+00
1.000049591064453125e+00
1.000049352645874023e+00
1.000048995018005371e+00
1.000048756599426270e+00
1.000048518180847168e+00
1.000048279762268066e+00
1.000048041343688965e+00
1.000047802925109863e+00
1.000047564506530762e+00
1.000047326087951660e+00
1.000047087669372559e+00
1.000046849250793457e+00
1.000046610832214355e+00
1.000046491622924805e+00
1.000046253204345703e+00
1.000046133995056152e+00
1.000046014785766602e+00
1.000045895576477051e+00
1.000045776367187500e+00
1.000045657157897949e+00
1.000045537948608398e+00
1.000045537948608398e+00
1.000045418739318848e+00
1.000045418739318848e+00
1.000045418739318848e+00
1.000045299530029297e+00
1.000045299530029297e+00
1.000045299530029297e+00
1.000045299530029297e+00
1.000045299530029297e+00
1.000045299530029297e+00
1.000045299530029297e+00
1.000045299530029297e+00
1.000045299530029297e+00
1.000045299530029297e+00
1.000045299530029297e+00
1.000045180320739746e+00
1.000045180320739746e+00
1.000045180320739746e+00
1.000045061111450195e+00
1.000044941902160645e+00
1.000044941902160645e+00
1.000044822692871094e+00
1.000044703483581543e+00
1.000044465065002441e+00
1.000044345855712891e+00
1.000044226646423340e+00
1.000043988227844238e+00
1.000043869018554688e+00
1.000043630599975586e+00
1.000043392181396484e+00
1.000043272972106934e+00
1.000043034553527832e+00
1.000042796134948730e+00
1.000042557716369629e+00
1.000042319297790527e+00
1.000042080879211426e+00
1.000041842460632324e+00
1.000041723251342773e+00
1.000041484832763672e+00
1.000041246414184570e+00
1.000041127204895020e+00
1.000040888786315918e+00
1.000040769577026367e+00
1.000040531158447266e+00
1.000040411949157715e+00
1.000040292739868164e+00
1.000040173530578613e+00
1.000040054321289062e+00
1.000040054321289062e+00
1.000039935111999512e+00
1.000039935111999512e+00
1.000039815902709961e+00
1.000039815902709961e+00
1.000039815902709961e+00
1.000039696693420410e+00
1.000039696693420410e+00
1.000039696693420410e+00
1.000039696693420410e+00
1.000039696693420410e+00
1.000039696693420410e+00
1.000039696693420410e+00
1.000039696693420410e+00
1.000039696693420410e+00
1.000039696693420410e+00
1.000039696693420410e+00
1.000039696693420410e+00
1.000039577484130859e+00
1.000039577484130859e+00
1.000039458274841309e+00
1.000039458274841309e+00
1.000039339065551758e+00
1.000039219856262207e+00
1.000039100646972656e+00
1.000038981437683105e+00
1.000038862228393555e+00
1.000038743019104004e+00
1.000038623809814453e+00
1.000038385391235352e+00
1.000038266181945801e+00
1.000038027763366699e+00
1.000037908554077148e+00
1.000037670135498047e+00
1.000037550926208496e+00
1.000037312507629395e+00
1.000037074089050293e+00
1.000036954879760742e+00
1.000036716461181641e+00
1.000036597251892090e+00
1.000036358833312988e+00
1.000036239624023438e+00
1.000036001205444336e+00
1.000035881996154785e+00
1.000035762786865234e+00
1.000035524368286133e+00
1.000035405158996582e+00
1.000035285949707031e+00
1.000035285949707031e+00
1.000035166740417480e+00
1.000035047531127930e+00
1.000035047531127930e+00
1.000034928321838379e+00
1.000034928321838379e+00
1.000034928321838379e+00
1.000034809112548828e+00
1.000034809112548828e+00
1.000034809112548828e+00
1.000034809112548828e+00
1.000034809112548828e+00
1.000034809112548828e+00
1.000034809112548828e+00
1.000034809112548828e+00
1.000034809112548828e+00
1.000034809112548828e+00
1.000034809112548828e+00
1.000034809112548828e+00
1.000034809112548828e+00
1.000034689903259277e+00
1.000034689903259277e+00
1.000034570693969727e+00
1.000034570693969727e+00
1.000034451484680176e+00
1.000034451484680176e+00
1.000034332275390625e+00
1.000034213066101074e+00
1.000034093856811523e+00
1.000033974647521973e+00
1.000033855438232422e+00
1.000033736228942871e+00
1.000033497810363770e+00
1.000033378601074219e+00
1.000033259391784668e+00
1.000033020973205566e+00
1.000032901763916016e+00
1.000032663345336914e+00
1.000032544136047363e+00
1.000032424926757812e+00
1.000032186508178711e+00
1.000032067298889160e+00
1.000031828880310059e+00
1.000031709671020508e+00
1.000031590461730957e+00
1.000031471252441406e+00
1.000031352043151855e+00
1.000031232833862305e+00
1.000031113624572754e+00
1.000030994415283203e+00
1.000030875205993652e+00
1.000030875205993652e+00
1.000030755996704102e+00
1.000030636787414551e+00
1.000030636787414551e+00
1.000030636787414551e+00
1.000030517578125000e+00
1.000030517578125000e+00
1.000030517578125000e+00
1.000030517578125000e+00
1.000030517578125000e+00
1.000030517578125000e+00
1.000030517578125000e+00
1.000030517578125000e+00
1.000030517578125000e+00
1.000030517578125000e+00
1.000030517578125000e+00
1.000030517578125000e+00
1.000030517578125000e+00
1.000030517578125000e+00
1.000030398368835449e+00
1.000030398368835449e+00
1.000030398368835449e+00
1.000030279159545898e+00
1.000030279159545898e+00
1.000030159950256348e+00
1.000030040740966797e+00
1.000030040740966797e+00
1.000029921531677246e+00
1.000029802322387695e+00
1.000029683113098145e+00
1.000029563903808594e+00
1.000029444694519043e+00
1.000029325485229492e+00
1.000029087066650391e+00
1.000028967857360840e+00
1.000028848648071289e+00
1.000028729438781738e+00
1.000028491020202637e+00
1.000028371810913086e+00
1.000028252601623535e+00
1.000028133392333984e+00
1.000027894973754883e+00
1.000027775764465332e+00
1.000027656555175781e+00
1.000027537345886230e+00
1.000027418136596680e+00
1.000027298927307129e+00
1.000027298927307129e+00
1.000027179718017578e+00
1.000027060508728027e+00
1.000027060508728027e+00
1.000026941299438477e+00
1.000026941299438477e+00
1.000026822090148926e+00
1.000026822090148926e+00
1.000026822090148926e+00
1.000026822090148926e+00
1.000026822090148926e+00
1.000026702880859375e+00
1.000026702880859375e+00
1.000026702880859375e+00
1.000026702880859375e+00
1.000026702880859375e+00
