8.944492583395913243e-05
8.895202336134389043e-05
8.848034485708922148e-05
8.802799129625782371e-05
8.758182957535609603e-05
8.714534487808123231e-05
8.674283162690699100e-05
8.635871927253901958e-05
8.600463479524478316e-05
8.567830082029104233e-05
8.536707173334434628e-05
8.509193139616400003e-05
8.485758735332638025e-05
8.464669372187927365e-05
8.445509593002498150e-05
8.430625166511163116e-05
8.418185461778193712e-05
8.407507266383618116e-05
8.400392835028469563e-05
8.394395263167098165e-05
8.390096627408638597e-05
8.388072456000372767e-05
8.386121771764010191e-05
8.386078843614086509e-05
8.385799446841701865e-05
8.385712862946093082e-05
8.385565161006525159e-05
8.384537795791402459e-05
8.382988744415342808e-05
8.379545033676549792e-05
8.375585457542911172e-05
8.369033457711338997e-05
8.361283107660710812e-05
8.350209827767685056e-05
8.337941835634410381e-05
8.322774374391883612e-05
8.305207302328199148e-05
8.285378135042265058e-05
8.261571201728656888e-05
8.236782741732895374e-05
8.208631334127858281e-05
8.179307042155414820e-05
8.145784522639587522e-05
8.111805072985589504e-05
8.076234371401369572e-05
8.038434316404163837e-05
8.000387606443837285e-05
7.958761852933093905e-05
7.918811024865135550e-05
7.877542520873248577e-05
7.836950680939480662e-05
7.795866986270993948e-05
7.754086254863068461e-05
7.714749517617747188e-05
7.675927918171510100e-05
7.639388059033080935e-05
7.602654659422114491e-05
7.569025183329358697e-05
7.538183854194357991e-05
7.509558781748637557e-05
7.483012450393289328e-05
7.458328036591410637e-05
7.437637395923957229e-05
7.419002940878272057e-05
7.402885967167094350e-05
7.389762322418391705e-05
7.378176815109327435e-05
7.369012018898501992e-05
7.362604083027690649e-05
7.357175491051748395e-05
7.353635010076686740e-05
7.351662497967481613e-05
7.349908264586701989e-05
7.349949009949341416e-05
7.349406223511323333e-05
7.349712541326880455e-05
7.349432416958734393e-05
7.348746294155716896e-05
7.347248902078717947e-05
7.344751793425530195e-05
7.340835145441815257e-05
7.335323607549071312e-05
7.328365609282627702e-05
7.319422002183273435e-05
7.308020576601848006e-05
7.294927490875124931e-05
7.279394776560366154e-05
7.262211875058710575e-05
7.242019637487828732e-05
7.219710823846980929e-05
7.195243961177766323e-05
7.169390300987288356e-05
7.141323294490575790e-05
7.111385639291256666e-05
7.079235365381464362e-05
7.046254177112132311e-05
7.012794958427548409e-05
6.977825978538021445e-05
6.941354513401165605e-05
6.905083864694461226e-05
6.869623757665976882e-05
6.833476072642952204e-05
6.798445247113704681e-05
6.762410339433699846e-05
6.728528387611731887e-05
6.696358468616381288e-05
6.665100954705849290e-05
6.635914905928075314e-05
6.607557588722556829e-05
6.582383502973243594e-05
6.558970198966562748e-05
6.538394518429413438e-05
6.519235466839745641e-05
6.502761971205472946e-05
6.488787767011672258e-05
6.477146234828978777e-05
6.467078492278233171e-05
6.459009455284103751e-05
6.453259265981614590e-05
6.448350904975086451e-05
6.445659528253600001e-05
6.443556776503100991e-05
6.442252924898639321e-05
6.442158337449654937e-05
6.441575533244758844e-05
6.442097947001457214e-05
6.441713048843666911e-05
6.441299774451181293e-05
6.439894059440121055e-05
6.437907723011448979e-05
6.434426904888823628e-05
6.429784116335213184e-05
6.423576996894553304e-05
6.415951793314889073e-05
6.406165630323812366e-05
6.395120726665481925e-05
6.380918784998357296e-05
6.366038724081590772e-05
6.348520400933921337e-05
6.329630559775978327e-05
6.307648436632007360e-05
6.284894334385171533e-05
6.260434020077809691e-05
6.234217289602383971e-05
6.207114347489550710e-05
6.177315663080662489e-05
6.147901149233803153e-05
6.117394514149054885e-05
6.086507710278965533e-05
6.055034100427292287e-05
6.022514571668580174e-05
5.990733916405588388e-05
5.960140333627350628e-05
5.929508552071638405e-05
5.898878953303210437e-05
5.870556560694240034e-05
5.843045801157131791e-05
5.817555575049482286e-05
5.793497621198184788e-05
5.770444840891286731e-05
5.749799311161041260e-05
5.731852070312015712e-05
5.715476436307653785e-05
5.700760448235087097e-05
5.688203236786648631e-05
5.677850640495307744e-05
5.668867015629075468e-05
5.662252078764140606e-05
5.656739085679873824e-05
5.652326581184752285e-05
5.650037928717210889e-05
5.648039223160594702e-05
5.647189027513377368e-05
5.646817226079292595e-05
5.646389399771578610e-05
5.646752833854407072e-05
5.646159115713089705e-05
5.646126373903825879e-05
5.644719203701242805e-05
5.643112308462150395e-05
5.639939627144485712e-05
5.636274727294221520e-05
5.630473606288433075e-05
5.623944161925464869e-05
5.615248301182873547e-05
5.605708793154917657e-05
5.593840251094661653e-05
5.580266952165402472e-05
5.565040191868320107e-05
5.548379340325482190e-05
5.530076668947003782e-05
5.509893526323139668e-05
5.487884482135996222e-05
5.464977584779262543e-05
5.441139001050032675e-05
5.416190469986759126e-05
5.389264697441831231e-05
5.362635056371800601e-05
5.335465175448916852e-05
5.307984611135907471e-05
5.280413097352720797e-05
5.251646871329285204e-05
5.224728374741971493e-05
5.197776408749632537e-05
5.172082455828785896e-05
5.146996772964484990e-05
5.121952563058584929e-05
5.099644840811379254e-05
5.078485264675691724e-05
5.058833994553424418e-05
5.040193354943767190e-05
5.024370329920202494e-05
5.009907181374728680e-05
4.997112046112306416e-05
4.986443673260509968e-05
4.976839045411907136e-05
4.968942812411114573e-05
4.963172250427305698e-05
4.958321369485929608e-05
4.954746327712200582e-05
4.952392191626131535e-05
4.950543370796367526e-05
4.949919093633070588e-05
4.949462527292780578e-05
4.949286085320636630e-05
4.949516369379125535e-05
4.949119465891271830e-05
4.949021968059241772e-05
4.947772322339005768e-05
4.946463741362094879e-05
4.943615567754022777e-05
4.940549843013286591e-05
4.935556353302672505e-05
4.930089926347136497e-05
4.922240987070836127e-05
4.913930752081796527e-05
4.903658191324211657e-05
4.892141078016720712e-05
4.878505205851979554e-05
4.863840513280592859e-05
4.847924355999566615e-05
4.830168836633674800e-05
4.811775579582899809e-05
4.791004539583809674e-05
4.770060331793501973e-05
4.748287028633058071e-05
4.725436519947834313e-05
4.702339356299489737e-05
4.677513788919895887e-05
4.653523865272291005e-05
4.629279646906070411e-05
4.605176945915445685e-05
4.580495442496612668e-05
4.556800195132382214e-05
4.534345862339250743e-05
4.512266241363249719e-05
4.491282015806064010e-05
4.470758722163736820e-05
4.452157372725196183e-05
4.434822767507284880e-05
4.419248216436244547e-05
4.405108484206721187e-05
4.391816764837130904e-05
4.380677273729816079e-05
4.371216709841974080e-05
4.362910112831741571e-05
4.355860073701478541e-05
4.350692688603885472e-05
4.346314744907431304e-05
4.343277032603509724e-05
4.341139720054343343e-05
4.339381121098995209e-05
4.338920189184136689e-05
4.338416692917235196e-05
4.338442886364646256e-05
4.338416692917235196e-05
4.338223880040459335e-05
4.338038343121297657e-05
4.337048449087888002e-05
4.335864286986179650e-05
4.333343895268626511e-05
4.330655428930185735e-05
4.326382986619137228e-05
4.321510641602799296e-05
4.315105979912914336e-05
4.307386552682146430e-05
4.298479325370863080e-05
4.288308991817757487e-05
4.276974505046382546e-05
4.263952723704278469e-05
4.249686753610149026e-05
4.234171137795783579e-05
4.218021422275342047e-05
4.200594048597849905e-05
4.181462645647116005e-05
4.162446202826686203e-05
4.142350371694192290e-05
4.122183963772840798e-05
4.101078957319259644e-05
4.079418431501835585e-05
4.058093691128306091e-05
4.037043254356831312e-05
4.016100865555927157e-05
3.995515362475998700e-05
3.974890205427072942e-05
3.955459760618396103e-05
3.937133442377671599e-05
3.919717346434481442e-05
3.902733806171454489e-05
3.887506318278610706e-05
3.873878813465125859e-05
3.861397635773755610e-05
3.849978747894056141e-05
3.839991404674947262e-05
3.831617868854664266e-05
3.824257510132156312e-05
3.818444747594185174e-05
3.813708462985232472e-05
3.809636837104335427e-05
3.807070243055932224e-05
3.805111555266194046e-05
3.803756771958433092e-05
3.803200524998828769e-05
3.802691571763716638e-05
3.802807259489782155e-05
3.802722130785696208e-05
3.802733408519998193e-05
3.802444189204834402e-05
3.801682032644748688e-05
3.800582999247126281e-05
3.798678517341613770e-05
3.796150122070685029e-05
3.792449933825992048e-05
3.788129833992570639e-05
3.782618659897707403e-05
3.776037192437797785e-05
3.768113310798071325e-05
3.759153332794085145e-05
3.749314055312424898e-05
3.737928273039869964e-05
3.725934220710769296e-05
3.711930548888631165e-05
3.697745705721899867e-05
3.682524766190908849e-05
3.666313568828627467e-05
3.649779318948276341e-05
3.631521394709125161e-05
3.613866647356189787e-05
3.595409361878409982e-05
3.577130337362177670e-05
3.557664240361191332e-05
3.539281169651076198e-05
3.520861355355009437e-05
3.502882100292481482e-05
3.485390698187984526e-05
3.467648275545798242e-05
3.451641168794594705e-05
3.436307088122703135e-05
3.421866495045833290e-05
3.408599150134250522e-05
3.396073952899314463e-05
3.385050149518065155e-05
3.375080996192991734e-05
3.366617966094054282e-05
3.358853427926078439e-05
3.352318162797018886e-05
3.347282472532242537e-05
3.343046773807145655e-05
3.339586328365840018e-05
3.337220550747588277e-05
3.335411747684702277e-05
3.334297070978209376e-05
3.333732820465229452e-05
3.333257336635142565e-05
3.333382119308225811e-05
3.333233325975015759e-05
3.333314089104533195e-05
3.332957203383557498e-05
3.332414416945539415e-05
3.331379048177041113e-05
3.329793253215029836e-05
3.327504964545369148e-05
3.324547287775203586e-05
3.320510950288735330e-05
3.315760477562434971e-05
3.309933526907116175e-05
3.303373523522168398e-05
3.295445276307873428e-05
3.286616993136703968e-05
3.276711868238635361e-05
3.266140265623107553e-05
3.254465991631150246e-05
3.241461672587320209e-05
3.228164496249519289e-05
3.214004755136556923e-05
3.199468483217060566e-05
3.184194792993366718e-05
3.168010152876377106e-05
3.151893542963080108e-05
3.135816587018780410e-05
3.119373650406487286e-05
3.103279959759674966e-05
3.086450669798068702e-05
3.070746970479376614e-05
3.055355045944452286e-05
3.040414958377368748e-05
3.025775731657631695e-05
3.012280831171665341e-05
2.999581374751869589e-05
2.987990410474594682e-05
2.977369331347290426e-05
2.967249747598543763e-05
2.958569348265882581e-05
2.951086935354396701e-05
2.944417246908415109e-05
2.938790566986426711e-05
2.934085387096274644e-05
2.930309528892394155e-05
2.927339664893224835e-05
2.925291846622712910e-05
2.923567808466032147e-05
2.922663952631410211e-05
2.922107887570746243e-05
2.921765553764998913e-05
2.921824307122733444e-05
2.921650957432575524e-05
2.921794657595455647e-05
2.921436134784016758e-05
2.921098894148599356e-05
2.920072620327118784e-05
2.918790596595499665e-05
2.916737321356777102e-05
2.914230935857631266e-05
2.910730472649447620e-05
2.906579902628436685e-05
2.901435618696268648e-05
2.895761645049788058e-05
2.888885319407563657e-05
2.881412729038856924e-05
2.872514778573531657e-05
2.863210465875454247e-05
2.853051228157710284e-05
2.842001231329049915e-05
2.830469384207390249e-05
2.817656786646693945e-05
2.804880205076187849e-05
2.791551014524884522e-05
2.777834924927446991e-05
2.763265911198686808e-05
2.749130544543731958e-05
2.734772351686842740e-05
2.720619158935733140e-05
2.706353734538424760e-05
2.692113230295944959e-05
2.678569944691844285e-05
2.665521060407627374e-05
2.653108822414651513e-05
2.641167156980372965e-05
2.629668051667977124e-05
2.619468796183355153e-05
2.610107549116946757e-05
2.601430605864152312e-05
2.593623139546252787e-05
2.587000926723703742e-05
2.581091939646285027e-05
2.576204860815778375e-05
2.572166886238846928e-05
2.568651143519673496e-05
2.566098373790737242e-05
2.564235728641506284e-05
2.562663939897902310e-05
2.561975816206540912e-05
2.561380097176879644e-05
2.561135625001043081e-05
2.561125620559323579e-05
2.561019937274977565e-05
2.561109249654691666e-05
2.560741813795175403e-05
2.560502980486489832e-05
2.559552922321017832e-05
2.558566302468534559e-05
2.556650179030839354e-05
2.554520324338227510e-05
2.551398392824921757e-05
2.547995791246648878e-05
2.543530536058824509e-05
2.538370972615666687e-05
2.532401049393229187e-05
2.525808849895838648e-05
2.518411565688438714e-05
2.509878504497464746e-05
2.501031849533319473e-05
2.491316627128981054e-05
2.481239971530158073e-05
2.470503932272549719e-05
2.458815833961125463e-05
2.447179758746642619e-05
2.435116948618087918e-05
2.422906436549965292e-05
2.410414708720054477e-05
2.397842399659566581e-05
2.397842399659566581e-05
